0.241026
0.241026
0.315916
0.315916
0.355224
0.355224
0.356626
0.356626
0.371648
0.371648
0.378281
0.378281
0.379092
0.379092
0.42117
0.42117
0.435935
0.435935
0.475963
0.493401
0.493401
0.533776
0.564161
0.564161
0.565545
0.565545
0.587784
0.587784
0.600036
0.640836
0.640836
0.704574
0.704574
0.712807
0.712807
0.723307
0.738592
0.738592
0.793722
0.793722
0.795195
0.80486
0.80486
0.828588
0.828588
0.829445
0.829445
0.836852
0.836852
0.838469
0.847386
0.847386
0.849037
0.849037
0.866506
0.878454
0.878454
0.879078
0.901568
0.923708
0.9563
0.9563
0.976984
0.989394
1.02548
1.07828
1.07828
1.09511
1.09688
1.19965
1.19965
1.26192
1.27694
1.28154
1.28154
1.32736
1.33346
1.42658
1.42658
1.42805
1.51454
1.55933
1.55933
1.58749
1.61321
1.61321
1.62873
1.66176
1.70649
1.71359
1.71359
1.71766
1.71766
1.72023
1.78934
1.85428
2.08803
2.5028
3.03442
3.219
