0.247048
0.247048
0.306248
0.307337
0.346748
0.353579
0.377504
0.388181
0.403919
0.414188
0.436091
0.44864
0.463836
0.480697
0.490341
0.503204
0.521311
0.533453
0.544036
0.561721
0.575096
0.585404
0.593725
0.602761
0.611581
0.620366
0.629006
0.635651
0.644497
0.656221
0.665704
0.678032
0.690428
0.69992
0.712804
0.725233
0.736275
0.747403
0.754404
0.765444
0.772037
0.782872
0.792689
0.799215
0.810324
0.817186
0.825471
0.835572
0.845777
0.858106
0.865353
0.873502
0.88453
0.893388
0.906731
0.920189
0.930359
0.946153
0.966387
0.984807
0.997528
1.01823
1.03006
1.05673
1.07701
1.11024
1.13206
1.14969
1.17469
1.19086
1.21648
1.23237
1.25355
1.27583
1.28969
1.30686
1.32914
1.34384
1.35842
1.36993
1.38744
1.40776
1.43153
1.50013
1.56406
1.58662
1.63336
1.66816
1.6965
1.72585
1.7549
1.77947
1.80182
1.84455
1.89832
1.9414
1.99463
2.24745
2.66787
2.95048
