0.336474
0.336474
0.340746
0.340746
0.356442
0.356442
0.399573
0.422035
0.422035
0.449312
0.479784
0.479784
0.480853
0.480853
0.483314
0.566297
0.566297
0.586181
0.586181
0.641127
0.641127
0.646217
0.661158
0.661158
0.686704
0.686704
0.68911
0.68911
0.696613
0.696613
0.699056
0.699056
0.710872
0.710872
0.716459
0.716459
0.720903
0.720903
0.733711
0.733711
0.751036
0.772064
0.772064
0.785588
0.785588
0.801616
0.801616
0.809575
0.809575
0.815368
0.820262
0.820262
0.827699
0.827699
0.838193
0.842523
0.895513
0.895513
0.908394
0.912908
0.912908
0.922009
0.940377
1.00028
1.00028
1.03218
1.03218
1.0385
1.0385
1.04896
1.04896
1.10932
1.10932
1.12482
1.14073
1.14073
1.20615
1.2109
1.2109
1.21876
1.21876
1.30277
1.33797
1.34944
1.45342
1.45342
1.46596
1.50205
1.50205
1.61631
1.61631
1.67931
1.70894
1.7145
1.88071
1.88071
1.89899
2.01952
2.46687
3.13072
