0.235728
0.235728
0.27398
0.27398
0.312857
0.312857
0.3462
0.3462
0.384897
0.385017
0.4131
0.414129
0.439612
0.443054
0.470346
0.477203
0.489511
0.500116
0.510803
0.537425
0.548998
0.57085
0.588889
0.599993
0.6128
0.621616
0.6381
0.648723
0.661447
0.672271
0.682967
0.691742
0.703117
0.711096
0.721246
0.730703
0.73873
0.750582
0.762427
0.769276
0.778539
0.78441
0.793842
0.801173
0.811218
0.820196
0.826004
0.835014
0.841273
0.847868
0.852625
0.85978
0.8663
0.871717
0.878913
0.886087
0.895681
0.904352
0.914206
0.927204
0.939658
0.952897
0.965118
0.983024
0.997923
1.02142
1.04487
1.06366
1.09841
1.13266
1.16765
1.20689
1.23135
1.25487
1.27809
1.31069
1.33289
1.35949
1.4014
1.43166
1.47234
1.48957
1.52096
1.54749
1.6095
1.62613
1.65143
1.6768
1.71044
1.74401
1.75683
1.78907
1.80219
1.84591
1.85897
1.89618
1.97576
2.39814
2.78754
3.02075
