0.186855
0.186855
0.271934
0.271934
0.287866
0.287866
0.292855
0.292855
0.304812
0.304812
0.329041
0.329041
0.336453
0.336453
0.345674
0.345674
0.357637
0.357637
0.363842
0.363842
0.365916
0.365916
0.366992
0.366992
0.371754
0.371754
0.387344
0.395973
0.395973
0.404256
0.404256
0.407858
0.407858
0.411947
0.411947
0.418517
0.423009
0.423009
0.430891
0.430891
0.435767
0.436685
0.436685
0.440539
0.440539
0.442264
0.449385
0.450936
0.450936
0.451851
0.451851
0.468287
0.473019
0.504052
0.511336
0.511336
0.5171
0.5171
0.521882
0.521882
0.524122
0.524122
0.52603
0.52603
0.532943
0.532943
0.540131
0.54887
0.54887
0.558401
0.558401
0.562372
0.562372
0.564588
0.57432
0.594475
0.597669
0.601457
0.606897
0.606897
0.613108
0.613108
0.615758
0.615758
0.615844
0.615938
0.615938
0.61657
0.62044
0.623793
0.623793
0.635361
0.636395
0.640908
0.640908
0.644932
0.647026
0.647026
0.652971
0.656904
0.662501
0.680485
0.681203
0.689043
0.699061
0.699061
0.699088
0.699355
0.700985
0.700985
0.709192
0.71735
0.720561
0.720561
0.72188
0.722267
0.725989
0.730193
0.736492
0.736492
0.742903
0.742903
0.748809
0.775031
0.780681
0.781668
0.781668
0.784118
0.787869
0.789798
0.796389
0.796389
0.806317
0.809042
0.810309
0.824086
0.824462
0.829611
0.829611
0.831775
0.837595
0.843902
0.851481
0.852671
0.863442
0.863442
0.87554
0.881908
0.883723
0.883723
0.883743
0.887708
0.892624
0.908135
0.922546
0.922546
0.95035
0.956546
0.958706
0.958706
0.961847
0.979138
0.979827
0.993689
0.99781
1.01816
1.03598
1.03598
1.06653
1.06653
1.10632
1.10632
1.1073
1.12961
1.13654
1.13846
1.15753
1.15753
1.17384
1.20313
1.20444
1.20929
1.213
1.32585
1.35949
1.36365
1.37202
1.41033
1.41651
1.47334
1.52444
1.56603
1.57482
1.57582
1.72943
1.81985
1.81985
1.85447
2.01179
2.04416
