0.58
0.58
0.58
0.58
0.58
0.58
0.58
0.59
0.59
0.59
0.59
0.59
0.6
0.6
0.61
0.63
0.64
0.64
0.64
0.65
0.65
0.65
0.67
0.67
0.68
0.68
0.69
0.69
0.7
0.7
0.7
0.7
0.71
0.71
0.72
0.72
0.73
0.73
0.73
0.73
0.74
0.74
0.76
0.76
0.77
0.77
0.77
0.77
0.77
0.78
0.78
0.78
0.8
0.8
0.81
0.81
0.82
0.82
0.82
0.82
0.83
0.83
0.83
0.83
0.84
0.85
0.86
0.86
0.86
0.86
0.86
0.86
0.86
0.87
0.87
0.87
0.88
0.89
0.89
0.89
0.89
0.89
0.89
0.9
0.9
0.91
0.91
0.91
0.91
0.92
0.93
0.93
0.93
0.94
0.94
0.94
0.95
0.95
0.95
0.95
0.96
0.97
0.97
0.98
0.98
0.99
0.99
0.99
0.99
0.99
0.99
0.99
1
1
1.01
1.01
1.01
1.02
1.02
1.02
1.02
1.02
1.02
1.03
1.04
1.04
1.04
1.05
1.05
1.05
1.05
1.05
1.05
1.07
1.09
1.09
1.09
1.09
1.09
1.09
1.09
1.09
1.09
1.1
1.1
1.1
1.1
1.1
1.1
1.12
1.12
1.12
1.13
1.14
1.14
1.14
1.14
1.15
1.17
1.17
1.17
1.18
1.19
1.19
1.19
1.2
1.21
1.22
1.24
1.24
1.24
1.24
1.25
1.25
1.27
1.28
1.28
1.29
1.31
1.32
1.32
1.32
1.34
1.34
1.35
1.35
1.36
1.36
1.36
1.36
1.38
1.39
1.41
1.41
1.41
1.44
1.44
1.44
1.45
1.45
