0.180239
0.180239
0.196122
0.196122
0.212408
0.212408
0.227347
0.227347
0.242329
0.242329
0.25775
0.257812
0.270819
0.27141
0.284466
0.286172
0.297269
0.299116
0.307475
0.308741
0.316648
0.319088
0.326204
0.328901
0.33462
0.337998
0.343261
0.34526
0.351787
0.353843
0.359419
0.361796
0.366828
0.369594
0.375217
0.377695
0.38151
0.384764
0.388052
0.392071
0.396112
0.39947
0.404553
0.408398
0.4129
0.41665
0.421169
0.424371
0.428743
0.432237
0.437034
0.442026
0.447339
0.452122
0.458002
0.462357
0.468801
0.474588
0.480246
0.484783
0.490929
0.497593
0.503559
0.509137
0.515091
0.519596
0.524397
0.527757
0.533312
0.537559
0.543311
0.547763
0.551871
0.556192
0.560803
0.564911
0.569443
0.573704
0.577837
0.582219
0.586477
0.59134
0.596231
0.599908
0.603139
0.607205
0.611128
0.615966
0.621131
0.6242
0.62757
0.631744
0.636385
0.639792
0.643871
0.6484
0.65193
0.655554
0.658993
0.662465
0.665917
0.669681
0.673076
0.67626
0.6803
0.684229
0.687787
0.692251
0.696579
0.700432
0.704401
0.708484
0.713797
0.717946
0.723496
0.72757
0.731717
0.736395
0.741982
0.745742
0.750083
0.755214
0.759668
0.765734
0.770972
0.775897
0.780508
0.784872
0.790842
0.796117
0.801617
0.807422
0.813756
0.821946
0.828045
0.834416
0.840476
0.847677
0.854139
0.860871
0.866458
0.870753
0.876329
0.881766
0.887369
0.894372
0.901052
0.90608
0.911435
0.917134
0.922555
0.929772
0.93579
0.942591
0.949636
0.956809
0.96506
0.972415
0.979875
0.990541
0.997093
1.00446
1.01298
1.01878
1.02704
1.03551
1.04418
1.05251
1.06297
1.07169
1.08357
1.09381
1.10229
1.11456
1.12518
1.13759
1.15541
1.17341
1.18741
1.20742
1.22773
1.25188
1.27511
1.29197
1.31709
1.3458
1.37205
1.39495
1.42502
1.45262
1.47697
1.50223
1.53914
1.57817
1.63749
1.68383
1.71788
1.76632
1.80373
1.86746
