0.16197
0.16197
0.183527
0.183527
0.216631
0.216631
0.233079
0.233079
0.239634
0.239634
0.244641
0.270856
0.270856
0.286407
0.286407
0.287571
0.287571
0.303414
0.303414
0.309739
0.309739
0.342788
0.342788
0.351995
0.351995
0.359436
0.359436
0.362378
0.362378
0.366215
0.368428
0.368428
0.36957
0.36957
0.378197
0.378197
0.381377
0.38387
0.385968
0.391068
0.391068
0.392889
0.392889
0.396773
0.396773
0.399152
0.402406
0.402406
0.403856
0.407781
0.407781
0.414928
0.414928
0.430359
0.430359
0.432946
0.432949
0.432949
0.450484
0.463288
0.466337
0.477179
0.477179
0.487976
0.494463
0.497346
0.501654
0.506684
0.510525
0.510525
0.514877
0.514877
0.515149
0.515149
0.524142
0.524142
0.537556
0.537556
0.544304
0.544304
0.546028
0.546028
0.556658
0.56224
0.56224
0.59032
0.602205
0.602205
0.6197
0.625826
0.625826
0.625928
0.625928
0.628855
0.628855
0.63062
0.63448
0.637497
0.639621
0.646405
0.646405
0.652788
0.652788
0.659761
0.659761
0.666234
0.683717
0.684998
0.695229
0.696276
0.696276
0.696382
0.698295
0.698295
0.698977
0.702969
0.706744
0.706744
0.712896
0.712896
0.734488
0.734488
0.734787
0.735276
0.735276
0.743441
0.744821
0.752254
0.755464
0.757019
0.757019
0.759002
0.762883
0.762883
0.799713
0.799713
0.807953
0.810627
0.810627
0.822541
0.830376
0.842605
0.848803
0.856375
0.858052
0.858826
0.875874
0.886359
0.888303
0.888303
0.90575
0.90575
0.90814
0.909022
0.916609
0.916609
0.919988
0.919988
0.941612
0.94921
0.94921
0.950557
0.961309
0.972078
0.975936
1.01826
1.01826
1.02777
1.02777
1.03932
1.05359
1.05359
1.08837
1.10432
1.14923
1.23242
1.23242
1.27347
1.29483
1.29846
1.32851
1.33674
1.38916
1.39718
1.39718
1.43286
1.44708
1.4496
1.45489
1.45489
1.46298
1.48674
1.52889
1.57287
1.62846
1.62846
1.67671
1.7637
1.87708
1.89363
