0.65
0.81
0.85
0.87
0.89
0.92
0.96
0.96
1.01
1.07
1.25
1.34
1.4
1.43
1.45
1.49
1.5
1.53
1.54
1.57
1.57
1.57
1.58
1.6
1.62
1.64
1.65
1.66
1.68
1.69
1.72
1.73
1.74
1.76
1.77
1.79
1.82
1.83
1.91
1.92
1.95
1.97
1.98
1.99
1.99
2.01
2.05
2.13
2.15
2.17
2.21
2.23
2.26
2.3
2.32
2.33
2.35
2.35
2.36
2.36
2.39
2.39
2.4
2.43
2.43
2.45
2.47
2.48
2.51
2.56
2.58
2.6
2.66
2.68
2.69
2.71
2.73
2.74
2.76
2.77
2.79
2.82
2.87
2.9
2.94
2.99
3
3.03
3.05
3.06
3.08
3.12
3.14
3.15
3.16
3.2
3.24
3.26
3.29
3.3
3.33
3.34
3.34
3.36
3.36
3.37
3.37
3.39
3.41
3.45
3.47
3.5
3.53
3.55
3.59
3.63
3.65
3.66
3.67
3.74
3.77
3.78
3.81
3.84
3.86
3.87
3.9
3.93
3.95
3.99
4.02
4.05
4.08
4.08
4.08
4.09
4.13
4.16
4.17
4.19
4.23
4.28
4.3
4.35
4.41
4.44
4.5
4.55
4.61
4.62
4.69
4.71
4.71
4.76
4.79
4.8
4.82
4.86
4.86
4.87
4.9
4.95
4.98
5
5.04
5.07
5.13
5.21
5.31
5.38
5.52
5.6
5.64
5.67
5.73
5.75
5.86
5.94
6.03
6.12
6.27
6.4
6.54
6.79
6.96
7.34
7.82
8.3
8.7
9.11
9.59
10.17
11.11
11.93
13.91
15.3
18.95
20.98
23.54
26.94
