0.69
0.81
0.84
0.88
0.88
0.89
0.9
0.92
1
1.04
1.12
1.13
1.18
1.19
1.19
1.22
1.32
1.36
1.42
1.48
1.56
1.58
1.63
1.66
1.68
1.69
1.71
1.72
1.74
1.75
1.75
1.77
1.79
1.8
1.86
1.86
1.88
1.91
1.91
1.96
1.97
1.98
1.99
2.03
2.03
2.05
2.09
2.1
2.11
2.13
2.13
2.14
2.15
2.15
2.19
2.2
2.25
2.26
2.29
2.32
2.32
2.38
2.38
2.42
2.42
2.44
2.46
2.49
2.52
2.53
2.54
2.55
2.56
2.56
2.57
2.57
2.58
2.61
2.62
2.62
2.64
2.67
2.68
2.7
2.7
2.74
2.75
2.76
2.79
2.81
2.84
2.87
2.87
2.9
2.91
2.93
2.94
2.94
2.97
2.97
2.99
2.99
3
3
3.01
3.02
3.04
3.07
3.08
3.09
3.11
3.13
3.15
3.17
3.21
3.22
3.22
3.22
3.23
3.24
3.25
3.26
3.27
3.27
3.28
3.3
3.3
3.32
3.33
3.34
3.35
3.37
3.39
3.39
3.41
3.42
3.42
3.45
3.46
3.46
3.49
3.51
3.51
3.53
3.53
3.55
3.57
3.58
3.58
3.61
3.61
3.62
3.65
3.67
3.67
3.67
3.69
3.72
3.74
3.75
3.76
3.77
3.78
3.8
3.83
3.85
3.87
3.88
3.88
3.9
3.93
3.95
3.95
3.97
4.01
4.03
4.04
4.05
4.06
4.06
4.06
4.07
4.09
4.1
4.1
4.11
4.13
4.14
4.16
4.17
4.18
4.18
4.21
4.22
4.24
4.25
4.26
4.27
4.29
4.3
4.34
4.36
4.37
4.39
4.41
4.42
4.47
4.51
4.52
4.54
4.58
4.6
4.62
4.64
4.65
4.68
4.71
4.74
4.77
4.8
4.82
4.84
4.89
4.91
4.93
4.95
4.98
4.98
5
5.01
5.01
5.05
5.06
5.08
5.09
5.1
5.11
5.13
5.16
5.2
5.21
5.22
5.24
5.29
5.34
5.35
5.39
5.41
5.47
5.5
5.56
5.56
5.59
5.62
5.67
5.7
5.75
5.77
5.8
5.88
5.93
5.97
6.01
6.05
6.09
6.11
6.2
6.23
6.29
6.33
6.42
6.52
6.57
6.63
6.66
6.69
6.76
6.9
6.94
7.1
7.22
7.32
7.47
7.67
7.93
8.13
8.39
8.77
9.16
9.48
9.72
10.06
13.98
14.85
15.67
17.13
18.82
21.2
22.68
29.92
