0.02
0.03
0.07
0.17
0.26
0.35
0.43
0.53
0.69
0.84
0.92
0.96
0.98
0.98
0.98
0.98
0.98
0.98
0.98
0.98
0.98
0.98
0.98
0.98
0.98
0.98
0.98
0.98
0.98
0.98
0.98
0.98
0.98
0.98
0.98
0.98
0.98
0.98
0.98
0.98
0.98
0.98
0.98
0.98
0.98
0.99
0.99
0.99
1.0
1.02
1.02
1.02
1.02
1.04
1.1
1.13
1.17
1.27
1.29
1.37
1.43
1.5
1.6
1.66
1.74
1.78
1.86
1.91
1.94
1.96
1.96
1.96
1.96
1.96
1.96
1.96
1.96
1.96
1.96
1.96
1.96
1.96
1.96
1.96
1.96
1.96
1.96
1.96
1.96
1.96
1.96
1.96
1.96
1.96
1.96
1.96
1.96
1.96
1.96
1.96
1.96
1.96
1.96
1.96
1.96
1.96
1.97
1.99
2.03
2.07
2.09
2.15
2.17
2.19
2.25
2.29
2.31
2.33
2.36
2.36
2.36
2.39
2.4
2.41
2.41
2.43
2.46
2.51
2.52
2.56
2.58
2.64
2.67
2.67
2.73
2.77
2.8
2.84
2.88
2.91
2.93
2.94
2.94
2.94
2.94
2.94
2.94
2.94
2.94
2.94
2.94
2.94
2.94
2.94
2.94
2.94
2.94
2.94
2.94
2.94
2.94
2.95
2.97
2.99
3.01
3.04
3.06
3.11
3.12
3.13
3.14
3.18
3.26
3.29
3.3
3.31
3.35
3.37
3.37
3.38
3.39
3.4
3.4
3.42
3.44
3.45
3.48
3.51
3.51
3.57
3.6
3.65
3.7
3.73
3.77
3.82
3.82
3.83
3.86
3.86
3.86
3.88
3.89
3.9
3.91
3.92
3.92
3.92
3.94
3.95
3.99
4.01
4.02
4.05
4.06
4.07
4.08
4.09
4.13
4.17
4.2
4.22
4.27
4.3
4.31
4.33
4.39
4.46
4.51
4.55
4.61
4.62
4.64
4.68
4.7
4.73
4.77
4.82
4.85
4.9
4.94
4.97
4.98
5.03
5.06
5.07
5.11
5.15
5.17
5.29
5.33
5.44
5.5
5.56
5.57
5.57
5.6
5.64
5.76
5.94
6.13
6.21
6.31
6.37
6.46
6.53
6.64
6.75
6.87
6.99
7.12
7.32
7.46
7.72
8.08
8.6
