0.154691
0.154691
0.160474
0.160474
0.167716
0.167716
0.176592
0.176592
0.183409
0.183489
0.192353
0.192501
0.201765
0.202058
0.209874
0.211163
0.216628
0.217694
0.224178
0.225347
0.231382
0.233284
0.238733
0.240252
0.244583
0.246114
0.250773
0.253157
0.257136
0.259496
0.262818
0.265573
0.268502
0.271659
0.273936
0.276672
0.279426
0.282646
0.285318
0.288829
0.29221
0.294625
0.2977
0.299812
0.302863
0.30582
0.309446
0.312163
0.314846
0.317339
0.320355
0.322966
0.326231
0.328388
0.330458
0.332857
0.335218
0.338346
0.340569
0.342119
0.34423
0.346431
0.348197
0.349715
0.351859
0.354052
0.356187
0.358034
0.360924
0.36277
0.365042
0.366705
0.369518
0.371761
0.374087
0.376795
0.378576
0.380966
0.382565
0.384861
0.38744
0.390228
0.392393
0.394403
0.396518
0.398945
0.401066
0.403994
0.405973
0.408941
0.411268
0.413984
0.41658
0.418802
0.420669
0.423421
0.425291
0.427762
0.430033
0.43202
0.43488
0.437441
0.440297
0.442043
0.443764
0.44509
0.446836
0.448605
0.450741
0.452228
0.454781
0.455994
0.457893
0.459635
0.461486
0.463232
0.465405
0.467198
0.469347
0.471493
0.473931
0.476556
0.478452
0.480589
0.48277
0.484356
0.486426
0.488209
0.490866
0.492736
0.494853
0.496792
0.499109
0.501546
0.503656
0.505937
0.508038
0.510513
0.513164
0.515181
0.517588
0.520215
0.522962
0.524991
0.527893
0.530263
0.533031
0.536201
0.539484
0.54291
0.545308
0.548079
0.550741
0.55413
0.557011
0.559717
0.562373
0.565044
0.568625
0.571216
0.57366
0.575646
0.578022
0.580077
0.582279
0.584582
0.587484
0.590494
0.592738
0.595389
0.597984
0.600238
0.603382
0.605913
0.609227
0.611671
0.614001
0.61611
0.618769
0.621256
0.624241
0.626771
0.630002
0.63291
0.636062
0.63865
0.641441
0.64469
0.647788
0.650549
0.65303
0.656028
0.658592
0.662041
0.665749
0.668408
0.67158
0.674015
0.677093
0.680352
0.683529
0.686494
0.689662
0.692424
0.695245
0.697981
0.700286
0.703758
0.706827
0.709534
0.712958
0.716285
0.719686
0.723202
0.727165
0.730786
0.734732
0.737665
0.741038
0.744884
0.747983
0.751446
0.754661
0.757525
0.760788
0.76365
0.766717
0.769445
0.772295
0.776143
0.779006
0.783044
0.786174
0.790015
0.793634
0.79715
0.800767
0.805052
0.809277
0.814543
0.820569
0.826462
0.831671
0.836981
0.842979
0.848741
0.853803
0.859837
0.86599
0.87265
0.878903
0.885125
0.889984
0.896849
0.903007
0.910033
0.916613
0.92108
0.927393
0.932784
0.938363
0.945074
0.949717
0.956051
0.962308
0.969674
0.977758
0.985763
0.994315
1.00263
1.00884
1.01564
1.02511
1.03378
1.0408
1.05127
1.06348
1.07735
1.09224
1.10499
1.11772
1.13438
1.15077
1.16727
1.18496
1.20329
1.22033
1.23997
1.26276
1.29014
1.315
1.33634
1.36673
1.3913
1.41621
1.44823
1.49532
1.56618
1.62596
1.77949
