0.328
0.328
0.328
0.328
0.328
0.328
0.328
0.328
0.328
0.328
0.328
0.328
0.328
0.328
0.328
0.328
0.329
0.33
0.33
0.331
0.332
0.332
0.333
0.333
0.333
0.334
0.334
0.334
0.334
0.334
0.335
0.335
0.335
0.335
0.337
0.338
0.338
0.339
0.339
0.34
0.341
0.342
0.342
0.342
0.342
0.342
0.344
0.344
0.345
0.345
0.346
0.346
0.346
0.346
0.346
0.348
0.348
0.348
0.35
0.351
0.352
0.352
0.352
0.354
0.354
0.354
0.354
0.354
0.355
0.355
0.355
0.356
0.358
0.36
0.361
0.361
0.361
0.362
0.362
0.363
0.363
0.364
0.365
0.365
0.366
0.366
0.366
0.368
0.37
0.37
0.371
0.371
0.372
0.372
0.372
0.373
0.373
0.373
0.373
0.375
0.375
0.378
0.38
0.383
0.385
0.386
0.388
0.39
0.391
0.391
0.392
0.393
0.393
0.395
0.396
0.397
0.397
0.399
0.4
0.401
0.401
0.403
0.404
0.405
0.406
0.407
0.407
0.408
0.41
0.413
0.414
0.418
0.418
0.419
0.422
0.426
0.426
0.429
0.432
0.435
0.438
0.441
0.446
0.45
0.453
0.455
0.455
0.456
0.46
0.463
0.47
0.476
0.479
0.485
0.487
0.49
0.492
0.495
0.499
0.503
0.51
0.514
0.518
0.518
0.521
0.525
0.528
0.534
0.537
0.54
0.543
0.548
0.55
0.557
0.563
0.568
0.57
0.576
0.584
0.585
0.592
0.593
0.598
0.6
0.602
0.606
0.61
0.612
0.619
0.626
0.632
0.64
0.649
0.658
0.666
0.672
0.676
0.682
0.691
0.699
0.704
0.707
0.71
0.72
0.728
0.733
0.737
0.739
0.746
0.747
0.751
0.758
0.765
0.771
0.776
0.782
0.792
0.799
0.806
0.82
0.824
0.827
0.835
0.841
0.848
0.856
0.866
0.872
0.879
0.89
0.899
0.904
0.906
0.911
0.915
0.922
0.93
0.937
0.94
0.943
0.953
0.961
0.97
0.979
0.988
0.991
0.995
0.998
1
1.01
1.015
1.017
1.019
1.023
1.027
1.032
1.036
1.042
1.053
1.064
1.071
1.082
1.099
1.115
1.131
1.147
1.16
1.179
1.194
1.21
1.226
1.243
1.259
1.279
1.303
1.324
1.345
1.374
1.4
1.431
1.453
1.478
1.501
1.526
1.562
1.599
1.632
1.675
1.726
1.779
1.826
1.881
1.939
1.986
2.052
2.125
2.208
2.314
2.466
2.938
