0.155548
0.155548
0.160965
0.160965
0.170695
0.170988
0.179799
0.18143
0.189266
0.19211
0.199329
0.201365
0.210131
0.212461
0.218395
0.220098
0.226231
0.228837
0.233989
0.236048
0.241793
0.244036
0.248872
0.2515
0.256487
0.258864
0.263122
0.265903
0.269624
0.272877
0.275924
0.278808
0.281209
0.283874
0.286368
0.289489
0.292468
0.294814
0.298382
0.300307
0.303209
0.305843
0.308394
0.311549
0.314334
0.316689
0.318868
0.321263
0.323651
0.326506
0.328755
0.331521
0.333945
0.336274
0.338962
0.340782
0.343739
0.346223
0.348389
0.350573
0.35343
0.355656
0.357844
0.359824
0.361816
0.363891
0.365771
0.368088
0.369709
0.371818
0.373437
0.375279
0.377657
0.37951
0.38196
0.383744
0.385495
0.387553
0.39005
0.392479
0.394512
0.396976
0.399136
0.40099
0.403532
0.405443
0.407658
0.409631
0.411917
0.413941
0.416248
0.418475
0.420917
0.423053
0.425414
0.427835
0.430523
0.432611
0.436067
0.438782
0.440759
0.443366
0.445563
0.447478
0.449846
0.452286
0.454147
0.45666
0.458686
0.460896
0.463118
0.465324
0.467833
0.470229
0.472246
0.474278
0.476289
0.478238
0.480562
0.483163
0.484695
0.487269
0.490146
0.492492
0.494809
0.497169
0.499479
0.502106
0.504607
0.507195
0.509441
0.511441
0.513327
0.516088
0.519874
0.52206
0.524873
0.527361
0.529777
0.532652
0.535427
0.538104
0.540512
0.543187
0.546585
0.549624
0.55235
0.5556
0.559132
0.561438
0.563788
0.566546
0.569407
0.571114
0.57368
0.575917
0.578554
0.58099
0.583576
0.585748
0.589226
0.591571
0.594583
0.598028
0.600224
0.603084
0.605073
0.607564
0.609478
0.611327
0.613655
0.615341
0.617281
0.61996
0.622944
0.625287
0.628282
0.630705
0.6329
0.635679
0.63805
0.640844
0.643345
0.64593
0.648262
0.651022
0.653231
0.656227
0.658465
0.660963
0.663338
0.665479
0.667591
0.669863
0.6724
0.674489
0.677455
0.679681
0.681917
0.684366
0.687318
0.69058
0.693336
0.696028
0.698409
0.701118
0.703763
0.707151
0.70987
0.712536
0.7161
0.718637
0.721539
0.723936
0.726703
0.730175
0.732931
0.735966
0.739038
0.7419
0.745704
0.749258
0.752238
0.756173
0.759845
0.764442
0.768675
0.772707
0.777262
0.781417
0.785513
0.789587
0.79502
0.799592
0.803893
0.807519
0.811079
0.814675
0.81878
0.822112
0.82694
0.831026
0.835756
0.840846
0.847371
0.853111
0.859188
0.865129
0.871539
0.877868
0.883782
0.890005
0.895498
0.901464
0.906738
0.911197
0.917898
0.923512
0.929683
0.936342
0.941795
0.948605
0.954659
0.96012
0.964975
0.968737
0.973767
0.978535
0.982316
0.987114
0.99297
1.00039
1.00821
1.02153
1.03077
1.04113
1.05259
1.06224
1.07194
1.08394
1.09363
1.10385
1.11635
1.13008
1.13802
1.1521
1.16802
1.1921
1.22261
1.26501
1.29947
1.33058
1.36594
1.39355
1.44226
1.46946
1.50245
1.57185
1.67636
1.76369
