0.173364
0.173364
0.173934
0.173934
0.174322
0.174322
0.175219
0.175219
0.178261
0.178261
0.180634
0.180634
0.231234
0.231234
0.232154
0.232154
0.249516
0.249516
0.250384
0.250384
0.253887
0.258143
0.258143
0.263383
0.263383
0.27024
0.27024
0.275693
0.275693
0.276101
0.276101
0.284397
0.284397
0.287334
0.291534
0.291534
0.296233
0.296233
0.297346
0.297346
0.298993
0.301044
0.308331
0.308331
0.311355
0.311355
0.312439
0.314183
0.314183
0.316987
0.316987
0.317077
0.317077
0.328669
0.328669
0.331678
0.331678
0.335327
0.335327
0.335554
0.335554
0.336283
0.336283
0.336796
0.336796
0.34988
0.352345
0.359577
0.359577
0.361432
0.361432
0.362228
0.365733
0.369799
0.369799
0.371066
0.371066
0.377866
0.377866
0.382311
0.384087
0.38521
0.38521
0.386978
0.387032
0.399396
0.399396
0.407266
0.407266
0.41271
0.415763
0.415763
0.418302
0.423913
0.423913
0.428157
0.428157
0.433023
0.433734
0.433734
0.436658
0.436658
0.43977
0.440393
0.440393
0.44259
0.44259
0.445724
0.448154
0.449532
0.45083
0.45083
0.45103
0.46319
0.46319
0.463409
0.463409
0.470312
0.474854
0.474854
0.477106
0.477106
0.477639
0.477639
0.479092
0.479092
0.483049
0.483049
0.485099
0.493019
0.493588
0.493588
0.494879
0.494879
0.500148
0.501259
0.501441
0.508545
0.512509
0.512509
0.513783
0.513783
0.514676
0.517941
0.519674
0.519674
0.522172
0.535829
0.541879
0.541879
0.545992
0.545992
0.555
0.555
0.5568
0.562637
0.562637
0.566192
0.566389
0.567658
0.569097
0.569097
0.572893
0.577169
0.577361
0.579687
0.582014
0.582014
0.586413
0.591359
0.591359
0.59191
0.59191
0.603476
0.61021
0.613706
0.614859
0.620945
0.620945
0.624045
0.633658
0.634663
0.636273
0.653333
0.658206
0.661781
0.665996
0.665996
0.675186
0.680534
0.688938
0.689165
0.689165
0.691075
0.694803
0.694947
0.694947
0.698696
0.698696
0.705718
0.708944
0.715767
0.719314
0.719698
0.721483
0.721483
0.721591
0.723265
0.739895
0.739895
0.745554
0.746134
0.752038
0.752107
0.752107
0.753179
0.756382
0.756577
0.756607
0.764787
0.765679
0.767904
0.772333
0.772944
0.772944
0.782721
0.782721
0.785637
0.787736
0.78925
0.801323
0.803005
0.816215
0.816927
0.819287
0.819287
0.834024
0.837173
0.839613
0.84077
0.841637
0.84254
0.848677
0.849922
0.869224
0.874809
0.878733
0.881697
0.885755
0.893596
0.898738
0.907305
0.907305
0.908714
0.90995
0.913543
0.919115
0.919115
0.927551
0.927551
0.942149
0.954986
0.956961
0.975697
0.977425
0.994121
0.994952
1.01017
1.02622
1.03449
1.03777
1.04648
1.05137
1.05137
1.05555
1.06927
1.07966
1.09957
1.09957
1.1064
1.15443
1.16616
1.17261
1.18368
1.18368
1.22463
1.24571
1.2778
1.28464
1.29027
1.31366
1.35552
1.38714
1.38998
1.47264
1.51526
1.5715
1.58715
1.61587
1.75264
