0.03
0.04
0.04
0.04
0.04
0.04
0.04
0.04
0.04
0.04
0.04
0.05
0.05
0.05
0.05
0.05
0.06
0.06
0.07
0.07
0.07
0.07
0.07
0.07
0.07
0.07
0.07
0.07
0.08
0.08
0.09
0.11
0.12
0.12
0.12
0.12
0.12
0.12
0.12
0.12
0.12
0.12
0.13
0.13
0.14
0.14
0.14
0.14
0.14
0.14
0.14
0.14
0.15
0.16
0.16
0.16
0.18
0.2
0.21
0.21
0.21
0.21
0.21
0.21
0.22
0.23
0.23
0.23
0.25
0.25
0.25
0.25
0.25
0.26
0.26
0.27
0.29
0.29
0.3
0.3
0.3
0.31
0.32
0.32
0.32
0.33
0.34
0.35
0.35
0.36
0.37
0.37
0.37
0.38
0.39
0.39
0.39
0.4
0.42
0.42
0.42
0.43
0.45
0.46
0.48
0.5
0.51
0.51
0.51
0.51
0.51
0.53
0.53
0.55
0.55
0.55
0.56
0.56
0.56
0.58
0.59
0.6
0.63
0.69
0.71
0.73
0.76
0.82
0.82
0.82
0.85
0.91
0.95
0.96
0.99
1.0
1.02
1.04
1.06
1.06
1.09
1.14
1.19
1.2
1.21
1.23
1.24
1.25
1.25
1.27
1.31
1.33
1.34
1.37
1.38
1.4
1.4
1.41
1.42
1.44
1.45
1.45
1.45
1.47
1.47
1.48
1.48
1.48
1.49
1.51
1.53
1.55
1.55
1.55
1.57
1.59
1.62
1.65
1.67
1.68
1.7
1.7
1.73
1.74
1.75
1.78
1.8
1.84
1.86
1.92
1.98
2.03
2.05
2.13
2.17
2.22
2.25
2.29
2.32
2.35
2.4
2.43
2.47
2.5
2.54
2.57
2.67
2.73
2.78
2.82
2.93
3.04
3.09
3.17
3.26
3.31
3.37
3.47
3.56
3.64
3.74
3.84
4.04
4.13
4.24
4.38
4.49
4.65
4.78
4.88
4.98
5.11
5.31
5.39
5.56
5.64
5.81
5.95
6.11
6.2
6.35
6.52
6.65
6.85
7.02
7.15
7.27
7.41
7.55
7.66
7.78
7.95
8.17
8.34
8.48
8.6
8.79
8.96
9.26
9.51
9.84
10.22
10.52
10.89
11.22
11.59
12.04
12.41
13.23
13.87
14.39
15.01
17.12
