0.233808
0.233808
0.31559
0.31559
0.33945
0.339651
0.364045
0.364269
0.384477
0.384992
0.399821
0.402391
0.416505
0.420582
0.435702
0.441856
0.460005
0.474145
0.490095
0.507522
0.530359
0.560836
0.57694
0.597187
0.603184
0.638254
0.649174
0.671486
0.677058
0.693301
0.703072
0.716281
0.723831
0.735574
0.746376
0.757679
0.766475
0.780383
0.790416
0.806717
0.822438
0.838436
0.853063
0.863205
0.873447
0.88374
0.897971
0.914106
0.924501
0.934701
0.943475
0.956866
0.9667
0.979787
0.991031
0.999639
1.01238
1.02894
1.04708
1.05901
1.06798
1.08688
1.11059
1.12166
1.1375
1.15014
1.16368
1.1754
1.18708
1.19592
1.20626
1.217
1.22687
1.2366
1.24932
1.26169
1.27169
1.28659
1.30302
1.33082
1.37223
1.41925
1.57953
1.59101
1.68544
1.72655
1.80609
1.8395
1.86612
1.90819
1.97392
2.00475
2.03732
2.12301
2.22881
2.4238
2.48094
2.52826
2.56819
2.72581
