0.182999
0.182999
0.231149
0.231149
0.264695
0.264695
0.300954
0.301184
0.333011
0.335015
0.358062
0.363909
0.382183
0.388537
0.403347
0.410199
0.429932
0.435141
0.450781
0.460706
0.477555
0.492988
0.509905
0.528724
0.541753
0.562547
0.568757
0.58717
0.595491
0.609878
0.61901
0.631936
0.645919
0.66081
0.677215
0.695799
0.710263
0.725586
0.732758
0.74454
0.753777
0.768281
0.783286
0.796662
0.810766
0.825017
0.839044
0.873911
0.892175
0.91016
0.930959
0.950709
0.969763
0.98183
0.996015
1.00421
1.01414
1.02349
1.03381
1.04588
1.05935
1.07185
1.08369
1.09634
1.1093
1.12294
1.13669
1.14806
1.16124
1.17322
1.18688
1.20936
1.22801
1.24612
1.26624
1.28241
1.30712
1.32749
1.35776
1.3958
1.44883
1.49957
1.57603
1.62363
1.66236
1.74725
1.83476
1.85513
1.92233
1.95085
1.99092
2.03049
2.06094
2.1031
2.20694
2.31266
2.46831
2.50408
2.56679
2.8174
