0.328
0.328
0.328
0.328
0.328
0.328
0.328
0.329
0.329
0.33
0.331
0.332
0.334
0.335
0.337
0.337
0.337
0.338
0.338
0.339
0.341
0.344
0.345
0.346
0.346
0.347
0.35
0.354
0.357
0.365
0.372
0.38
0.399
0.416
0.434
0.45
0.465
0.49
0.505
0.516
0.585
0.614
0.632
0.633
0.636
0.639
0.719
0.722
0.723
0.724
0.727
0.729
0.802
0.803
0.814
0.814
0.821
0.848
0.848
0.895
0.898
0.938
0.938
0.985
0.985
1
1
1
1
1
1
1
1
1
1
1
1
1
1
1
1
1
1
1
1.001
1.001
1.001
1.001
1.001
1.001
1.001
1.001
1.002
1.002
1.002
1.003
1.009
1.01
1.013
1.019
