0.192643
0.192643
0.324092
0.324092
0.32571
0.32571
0.331899
0.331899
0.343084
0.343084
0.355948
0.355948
0.363183
0.363183
0.444013
0.444013
0.505668
0.505668
0.505998
0.505998
0.535044
0.535044
0.550172
0.550172
0.613649
0.613649
0.62122
0.622196
0.629574
0.629574
0.643935
0.643935
0.646274
0.646274
0.657493
0.657493
0.681255
0.714423
0.722301
0.732743
0.829372
0.837073
0.837101
0.886184
0.886184
0.891649
0.891649
0.904945
0.904945
0.940155
0.944054
0.973203
0.981468
1.00018
1.00018
1.01381
1.02375
1.02375
1.02517
1.02517
1.0383
1.06966
1.06966
1.07852
1.1009
1.10822
1.12798
1.12827
1.12827
1.13364
1.13364
1.13534
1.14311
1.14311
1.16496
1.2087
1.2087
1.23988
1.26813
1.27458
1.29868
1.32576
1.36269
1.40392
1.47422
1.71308
1.74449
1.9023
1.93476
1.93783
1.99791
2.05347
2.14434
2.18431
2.20165
2.20602
2.33652
2.33652
2.38867
2.46959
