0.02
0.07
0.21
0.34
0.46
0.61
0.77
0.89
0.93
0.97
0.98
0.98
0.98
0.98
0.98
0.98
0.98
0.98
0.98
0.98
0.98
0.98
0.98
0.98
0.98
0.98
0.98
0.98
0.98
0.98
0.98
0.98
0.98
0.98
0.98
0.98
0.98
0.98
0.98
0.98
0.98
0.98
0.98
0.98
0.98
0.98
0.98
0.98
0.98
0.98
0.98
0.98
0.98
0.98
0.98
0.98
1.01
1.09
1.16
1.19
1.24
1.3
1.38
1.5
1.64
1.74
1.82
1.87
1.88
1.9
1.92
1.94
1.94
1.95
1.96
1.96
1.96
1.96
1.96
1.96
1.96
1.96
1.96
1.96
1.96
1.96
1.96
1.96
1.96
1.96
1.96
1.96
1.96
1.96
1.96
1.96
1.96
1.96
1.96
1.98
1.98
2.0
2.09
2.15
2.29
2.37
2.52
2.63
2.74
2.81
2.86
2.9
2.92
2.94
2.94
2.94
2.94
2.94
2.94
2.94
2.94
2.94
2.94
2.94
2.94
2.95
2.98
3.0
3.14
3.21
3.28
3.38
3.47
3.53
3.6
3.64
3.72
3.78
3.81
3.83
3.86
3.92
3.92
3.97
3.98
4.01
4.07
4.09
4.17
4.23
4.36
4.47
4.64
4.7
4.79
4.83
4.88
4.96
5.12
5.31
5.5
5.77
6.37
