0.328
0.328
0.328
0.328
0.328
0.328
0.328
0.328
0.328
0.329
0.332
0.332
0.332
0.332
0.333
0.333
0.334
0.334
0.334
0.335
0.336
0.336
0.336
0.336
0.336
0.336
0.336
0.337
0.339
0.339
0.339
0.339
0.34
0.341
0.341
0.342
0.343
0.344
0.344
0.344
0.344
0.345
0.345
0.345
0.345
0.346
0.346
0.347
0.347
0.347
0.348
0.349
0.35
0.351
0.351
0.351
0.352
0.352
0.353
0.355
0.355
0.356
0.356
0.358
0.36
0.361
0.361
0.361
0.362
0.364
0.365
0.366
0.367
0.367
0.369
0.369
0.369
0.37
0.372
0.373
0.375
0.376
0.377
0.377
0.378
0.378
0.381
0.382
0.382
0.382
0.386
0.386
0.388
0.389
0.389
0.394
0.395
0.399
0.4
0.402
0.407
0.408
0.411
0.413
0.417
0.419
0.425
0.427
0.429
0.434
0.441
0.447
0.45
0.452
0.457
0.463
0.469
0.474
0.479
0.486
0.497
0.502
0.51
0.514
0.515
0.519
0.523
0.532
0.537
0.544
0.55
0.558
0.566
0.574
0.581
0.586
0.592
0.598
0.608
0.619
0.637
0.658
0.67
0.679
0.691
0.711
0.717
0.718
0.728
0.736
0.748
0.755
0.766
0.78
0.811
0.817
0.822
0.833
0.845
0.861
0.867
0.882
0.893
0.908
0.918
0.919
0.934
0.935
0.939
0.944
0.952
0.959
0.965
0.974
0.983
0.984
0.993
0.994
1.011
1.011
1.012
1.013
1.015
1.017
1.018
1.019
1.024
1.032
1.037
1.043
1.046
1.054
1.062
1.072
1.082
1.092
1.109
1.156
1.242
1.456
