1
1
1
1
1
1
1
1
1
1
1
1
1
1
1
1
1
1
1
1
1
1
1
1
1
1
1
1
1
1
1
1
1
1
1
1
1
1
1
1
1
1
1
1
1
1
1
1
1
1
1
1
1
1
1
1
1
1
1
1
1
1
1
1
1
1
1
1
1
1
1
1
1
1
1
1
1
1
1
1
1
1
1
1
1
1
1
1
1
1
1
1
1
1
1
1
1
1
1
1
1
1
1
1
1
1
1
1
1
1
1
1
1
1
1
1
1
1
1
1
1
1
1
1
1
1
1
1
1
1
1
1
1
1
1
1
1
1
1
1
1
1
1
1
1
1
1
1
1
1
1
1
1
1.067
1.151
1.232
1.252
1.261
1.269
1.274
1.277
1.348
1.366
1.368
1.374
1.377
1.379
1.442
1.456
1.457
1.466
1.532
1.549
1.618
1.64
1.686
1.703
1.762
1.816
1.858
1.922
2.05
2.141
2.229
2.333
2.432
2.465
2.607
2.686
2.753
2.868
3.016
3.145
3.351
3.457
3.636
3.798
4.033
4.669
4.831
