0
0
0
0
0
0
0
0
0
0
0
0
0
0
0
0
0
0
0
0
0
0
0
0
0
0
0
0
0
0
0
0
0
0
0
0
0
0
0
0.03
0.03
0.04
0.04
0.05
0.05
0.05
0.05
0.05
0.05
0.06
0.07
0.07
0.07
0.07
0.07
0.07
0.07
0.07
0.07
0.08
0.08
0.08
0.09
0.09
0.09
0.11
0.11
0.11
0.11
0.11
0.12
0.12
0.12
0.12
0.12
0.12
0.12
0.12
0.12
0.12
0.12
0.13
0.13
0.13
0.13
0.13
0.14
0.14
0.14
0.14
0.14
0.15
0.15
0.15
0.15
0.16
0.17
0.17
0.17
0.17
0.19
0.21
0.21
0.23
0.23
0.24
0.25
0.27
0.27
0.27
0.3
0.3
0.3
0.33
0.33
0.33
0.33
0.34
0.34
0.34
0.35
0.36
0.37
0.38
0.38
0.38
0.4
0.45
0.47
0.51
0.55
0.6
0.61
0.62
0.66
0.66
0.68
0.72
0.72
0.73
0.75
0.76
0.77
0.78
0.82
0.86
0.87
0.91
0.96
0.97
0.98
0.99
1.01
1.02
1.04
1.06
1.07
1.1
1.13
1.16
1.18
1.23
1.27
1.34
1.35
1.37
1.4
1.46
1.47
1.51
1.53
1.55
1.57
1.63
1.65
1.76
1.79
1.84
1.88
1.9
1.96
1.98
2.03
2.08
2.19
2.3
2.42
2.53
2.63
2.72
2.88
3.01
3.2
3.41
3.6
3.9
4.39
4.73
5.54
7.62
