0.166557
0.166557
0.190995
0.191393
0.210372
0.211538
0.225974
0.227204
0.240205
0.244047
0.255146
0.260067
0.270609
0.276656
0.284498
0.291187
0.295475
0.300596
0.306094
0.310049
0.315882
0.32034
0.325244
0.329919
0.33464
0.337817
0.341619
0.344396
0.348722
0.353076
0.356636
0.360741
0.364206
0.368812
0.372407
0.376471
0.381034
0.385085
0.389131
0.393571
0.398482
0.402496
0.407122
0.410916
0.414605
0.419688
0.423429
0.428265
0.432655
0.437379
0.440721
0.445604
0.450345
0.454758
0.459704
0.46361
0.467695
0.470773
0.475174
0.48172
0.485738
0.49087
0.493998
0.498014
0.502618
0.506387
0.510477
0.515022
0.518685
0.522439
0.527021
0.531706
0.536582
0.540021
0.546633
0.552295
0.556952
0.560958
0.565162
0.569601
0.574777
0.578418
0.582693
0.586703
0.590439
0.593284
0.596958
0.599549
0.603556
0.606588
0.610264
0.614799
0.619135
0.622509
0.627001
0.630806
0.635324
0.639084
0.643667
0.646869
0.650826
0.654316
0.658406
0.662447
0.668064
0.671969
0.675364
0.680103
0.684259
0.688868
0.692837
0.697698
0.702354
0.707942
0.712128
0.715796
0.72057
0.724155
0.728616
0.73316
0.737219
0.743075
0.74802
0.752967
0.757615
0.761571
0.766678
0.773326
0.77782
0.782834
0.788412
0.794948
0.799577
0.804774
0.810418
0.816787
0.823426
0.82911
0.838453
0.846534
0.855316
0.862663
0.871562
0.880565
0.887842
0.893714
0.90121
0.908566
0.915711
0.923075
0.929
0.935947
0.942498
0.94822
0.955436
0.961655
0.968448
0.975399
0.983847
0.992044
0.999494
1.0082
1.01891
1.02871
1.03754
1.04832
1.05596
1.0652
1.0724
1.07937
1.08706
1.0941
1.10241
1.10943
1.11882
1.12849
1.14254
1.16476
1.18001
1.19379
1.21087
1.22652
1.24123
1.26208
1.286
1.31209
1.33527
1.36911
1.41078
1.43756
1.46241
1.50633
1.60749
1.78024
1.84343
1.95495
1.9914
2.02272
2.11324
2.5674
