0.166827
0.166827
0.183116
0.183116
0.202193
0.202263
0.220591
0.220914
0.234176
0.235095
0.246476
0.247648
0.258001
0.260249
0.272253
0.274715
0.283221
0.285885
0.293482
0.295966
0.302177
0.30535
0.309276
0.312639
0.317054
0.321271
0.325531
0.32995
0.333118
0.337211
0.340804
0.344859
0.347712
0.350766
0.354416
0.356914
0.36113
0.365107
0.368667
0.372567
0.375423
0.379349
0.382317
0.385931
0.389441
0.393211
0.396175
0.400806
0.40411
0.408232
0.411373
0.416423
0.419681
0.423281
0.426284
0.430511
0.435299
0.439963
0.443373
0.448592
0.452881
0.459419
0.463109
0.468561
0.472669
0.477851
0.482065
0.486954
0.491434
0.496967
0.500795
0.504419
0.509568
0.514141
0.519425
0.524452
0.530113
0.534453
0.539224
0.543513
0.548118
0.553324
0.556656
0.56044
0.564396
0.569411
0.573865
0.578237
0.581956
0.586074
0.589677
0.59455
0.599427
0.6037
0.608288
0.612671
0.618078
0.622945
0.627642
0.632522
0.636955
0.641768
0.645447
0.649271
0.653773
0.657427
0.661579
0.665067
0.670243
0.674409
0.678948
0.682555
0.687947
0.691644
0.697748
0.702577
0.708262
0.712784
0.717855
0.72286
0.729239
0.733768
0.737086
0.743126
0.748369
0.754049
0.758656
0.763899
0.769369
0.774271
0.779962
0.785024
0.790308
0.796746
0.804648
0.809387
0.81613
0.822661
0.830314
0.837743
0.84467
0.851917
0.861375
0.869118
0.876822
0.885225
0.894094
0.90564
0.914834
0.922017
0.929679
0.939805
0.947699
0.957304
0.965451
0.973757
0.983136
0.990584
0.998153
1.00547
1.01335
1.02192
1.03041
1.03872
1.04619
1.05474
1.0632
1.07489
1.08364
1.09209
1.102
1.11188
1.12395
1.13606
1.15678
1.17083
1.18609
1.19746
1.21457
1.2338
1.25469
1.27159
1.28979
1.30789
1.33144
1.35303
1.37135
1.3941
1.42237
1.46457
1.54442
1.59466
1.71215
1.78199
1.85768
1.89708
1.95145
2.00703
2.04895
2.82861
