0.177714
0.177714
0.219629
0.219629
0.222765
0.222765
0.223268
0.223268
0.224852
0.224852
0.24471
0.24471
0.249265
0.249265
0.301807
0.303122
0.303122
0.313509
0.313509
0.316291
0.316291
0.329916
0.337557
0.337557
0.341672
0.351409
0.351409
0.355905
0.355905
0.366095
0.36795
0.36795
0.375163
0.394143
0.394143
0.397906
0.398899
0.398899
0.399629
0.399629
0.418318
0.418318
0.435908
0.435908
0.443905
0.443905
0.449578
0.449578
0.454631
0.461544
0.461544
0.468141
0.475465
0.475465
0.478779
0.478779
0.479119
0.479119
0.48398
0.48398
0.492659
0.495738
0.495738
0.504754
0.504754
0.5061
0.509762
0.524923
0.524923
0.526132
0.528317
0.534878
0.537364
0.538282
0.538282
0.54239
0.548114
0.548114
0.559881
0.559881
0.560557
0.579362
0.579362
0.600137
0.60025
0.60025
0.615082
0.615082
0.623844
0.623844
0.626933
0.633695
0.633695
0.635435
0.6374
0.6374
0.651494
0.651494
0.659256
0.666047
0.666047
0.668107
0.668476
0.670088
0.670088
0.673374
0.673374
0.6792
0.6792
0.687878
0.687878
0.693737
0.693737
0.697304
0.697304
0.706519
0.717527
0.717527
0.72116
0.726947
0.726947
0.741136
0.747007
0.754776
0.758049
0.758049
0.764096
0.769411
0.777335
0.777335
0.79535
0.79535
0.802933
0.807979
0.813922
0.830213
0.83314
0.83314
0.842472
0.844754
0.85374
0.85374
0.872323
0.872323
0.87552
0.877502
0.892318
0.909719
0.911436
0.916743
0.916743
0.91851
0.943688
0.948286
0.948286
0.949472
0.954986
0.955621
0.962182
0.979304
0.979304
0.993187
0.99884
1.01655
1.02664
1.04218
1.04234
1.04234
1.05025
1.05025
1.05457
1.06723
1.10102
1.1045
1.10693
1.10693
1.13771
1.15021
1.17256
1.177
1.19142
1.22659
1.25254
1.34735
1.39893
1.46956
1.51125
1.51125
1.51512
1.52355
1.53193
1.60884
1.66305
1.8384
1.85876
2.01269
2.05263
2.05487
2.16664
2.66672
