0.09
0.24
0.38
0.54
0.64
0.69
0.72
0.72
0.74
0.74
0.74
0.74
0.75
0.75
0.75
0.76
0.77
0.77
0.77
0.78
0.81
0.83
0.85
0.88
0.94
0.96
1.02
1.12
1.18
1.22
1.25
1.3
1.34
1.35
1.38
1.39
1.43
1.43
1.45
1.49
1.5
1.52
1.54
1.57
1.59
1.61
1.63
1.63
1.65
1.66
1.66
1.67
1.69
1.71
1.71
1.71
1.71
1.72
1.72
1.76
1.77
1.78
1.81
1.83
1.87
1.95
2.0
2.01
2.06
2.08
2.09
2.1
2.13
2.17
2.17
2.18
2.19
2.2
2.23
2.26
2.28
2.29
2.3
2.3
2.34
2.37
2.38
2.42
2.45
2.51
2.58
2.63
2.66
2.73
2.8
2.84
2.88
2.9
2.9
2.94
2.98
3.02
3.06
3.11
3.14
3.15
3.16
3.2
3.22
3.24
3.26
3.26
3.29
3.3
3.33
3.39
3.41
3.42
3.47
3.52
3.57
3.58
3.65
3.68
3.69
3.72
3.74
3.75
3.82
3.85
3.9
3.98
4.03
4.06
4.14
4.2
4.28
4.32
4.34
4.41
4.43
4.52
4.57
4.61
4.63
4.69
4.78
4.84
4.9
4.95
5.03
5.05
5.1
5.18
5.28
5.33
5.44
5.58
5.66
5.76
5.83
5.91
6.01
6.18
6.28
6.41
6.56
6.68
6.79
6.88
7.02
7.14
7.28
7.44
7.65
7.76
7.94
8.08
8.26
8.4
8.6
8.76
8.95
9.11
9.32
9.58
9.81
10.07
10.49
10.87
11.41
11.89
12.49
13.17
14.73
16.28
17.91
19.56
20.69
25.54
