0.328
0.328
0.328
0.328
0.328
0.328
0.328
0.33
0.331
0.332
0.332
0.333
0.333
0.333
0.333
0.333
0.334
0.334
0.335
0.335
0.335
0.336
0.337
0.337
0.337
0.339
0.339
0.339
0.339
0.339
0.339
0.339
0.344
0.345
0.345
0.348
0.353
0.357
0.362
0.367
0.368
0.373
0.375
0.38
0.385
0.388
0.39
0.395
0.399
0.409
0.413
0.418
0.423
0.433
0.437
0.443
0.446
0.451
0.455
0.46
0.467
0.467
0.474
0.48
0.484
0.488
0.49
0.498
0.506
0.513
0.516
0.523
0.527
0.535
0.538
0.545
0.551
0.56
0.567
0.573
0.578
0.583
0.59
0.598
0.607
0.617
0.625
0.631
0.637
0.648
0.657
0.667
0.676
0.683
0.687
0.693
0.7
0.713
0.725
0.732
0.744
0.751
0.762
0.774
0.783
0.794
0.805
0.816
0.822
0.828
0.836
0.847
0.858
0.869
0.878
0.888
0.897
0.906
0.918
0.934
0.942
0.949
0.958
0.97
0.984
0.995
1.003
1.015
1.025
1.038
1.048
1.059
1.078
1.088
1.097
1.107
1.125
1.139
1.151
1.164
1.179
1.196
1.207
1.22
1.234
1.257
1.27
1.28
1.298
1.31
1.328
1.343
1.358
1.377
1.39
1.41
1.429
1.441
1.456
1.473
1.491
1.517
1.53
1.545
1.559
1.576
1.594
1.619
1.639
1.664
1.695
1.713
1.737
1.77
1.796
1.821
1.853
1.888
1.911
1.953
1.987
2.035
2.084
2.131
2.175
2.25
2.395
2.504
2.63
2.776
2.921
3.136
3.282
3.461
3.669
4.014
4.466
4.817
5.024
5.352
