0.174913
0.174913
0.194811
0.194811
0.212086
0.212086
0.227007
0.227106
0.239984
0.240125
0.2521
0.253008
0.262267
0.26376
0.27352
0.275956
0.285657
0.288568
0.297122
0.299594
0.305927
0.308169
0.314338
0.31711
0.324296
0.327035
0.332624
0.337131
0.341598
0.347298
0.350782
0.355997
0.358904
0.363527
0.366441
0.371785
0.376414
0.380379
0.38397
0.387628
0.391017
0.394635
0.397186
0.400954
0.403795
0.407108
0.410015
0.413514
0.417467
0.420664
0.423422
0.427814
0.430334
0.435145
0.437823
0.442644
0.445354
0.449421
0.451614
0.455509
0.458164
0.463475
0.467058
0.472215
0.476082
0.480601
0.483784
0.48882
0.492963
0.497599
0.501686
0.505402
0.509601
0.514288
0.518212
0.521688
0.525546
0.529922
0.534137
0.53855
0.54236
0.548004
0.553424
0.558239
0.562834
0.567457
0.57231
0.575753
0.580924
0.585549
0.590011
0.594411
0.598466
0.602961
0.60627
0.611388
0.615874
0.618819
0.621998
0.626708
0.63186
0.636002
0.639567
0.643386
0.647898
0.652412
0.656157
0.659805
0.662849
0.667352
0.670888
0.674945
0.677861
0.68251
0.686119
0.689846
0.695056
0.69917
0.703354
0.707005
0.711667
0.71559
0.720683
0.726342
0.729799
0.734849
0.739877
0.744195
0.749387
0.754196
0.759582
0.764998
0.770556
0.776653
0.783793
0.789359
0.795929
0.802997
0.811963
0.820588
0.830006
0.83733
0.846654
0.856341
0.866486
0.875254
0.883477
0.893463
0.902512
0.911546
0.919755
0.92751
0.935702
0.945098
0.953457
0.963232
0.974028
0.984171
0.994801
1.00521
1.01545
1.02496
1.03427
1.04555
1.05981
1.0716
1.08547
1.09788
1.10941
1.12458
1.13844
1.14939
1.15812
1.17086
1.17992
1.19387
1.20525
1.21957
1.23056
1.24311
1.26003
1.27308
1.2997
1.32165
1.34241
1.3601
1.38672
1.41689
1.45793
1.50323
1.59834
1.6507
1.71077
1.76287
1.8116
1.87986
1.93869
2.01196
2.16069
2.50749
