0.15259
0.15259
0.153541
0.153541
0.154581
0.154581
0.156065
0.156065
0.157629
0.157629
0.174947
0.174947
0.175616
0.176641
0.176641
0.178302
0.178302
0.189817
0.189817
0.194804
0.194804
0.196133
0.196133
0.207102
0.207102
0.207499
0.207499
0.217868
0.217868
0.219752
0.219752
0.230458
0.230458
0.249779
0.249779
0.266457
0.266457
0.278625
0.278625
0.28448
0.28448
0.287931
0.287931
0.290562
0.290562
0.293243
0.293243
0.300372
0.300372
0.304106
0.304106
0.312269
0.312269
0.313583
0.313583
0.313868
0.313868
0.31867
0.31867
0.32178
0.32178
0.32236
0.32236
0.329019
0.329019
0.329593
0.329593
0.330845
0.330845
0.333562
0.333562
0.334828
0.334828
0.337492
0.337492
0.34277
0.34277
0.344314
0.347171
0.348125
0.348125
0.349943
0.349943
0.351772
0.351772
0.360342
0.360342
0.361711
0.361711
0.362491
0.3625
0.372201
0.374406
0.374406
0.376587
0.383913
0.383913
0.384219
0.384219
0.385221
0.386572
0.386572
0.387434
0.387547
0.393884
0.393884
0.397646
0.411311
0.411311
0.415942
0.415942
0.417054
0.418829
0.418829
0.420916
0.423713
0.424333
0.424333
0.429301
0.429377
0.429377
0.432373
0.433883
0.433883
0.436358
0.436358
0.438253
0.439864
0.439864
0.446186
0.446186
0.44702
0.447543
0.447823
0.447823
0.452146
0.452146
0.461638
0.462178
0.466932
0.466932
0.468077
0.468077
0.471559
0.471559
0.473165
0.473165
0.473702
0.47479
0.477969
0.483019
0.483019
0.490215
0.493943
0.497107
0.498196
0.498196
0.508958
0.508958
0.509427
0.511075
0.517006
0.517948
0.519771
0.520886
0.522492
0.522492
0.527875
0.528512
0.528717
0.530012
0.531375
0.531375
0.541176
0.54641
0.547402
0.547402
0.558724
0.558724
0.563957
0.568285
0.568285
0.577637
0.581441
0.581441
0.586935
0.586935
0.590235
0.590235
0.591501
0.593278
0.600014
0.601344
0.601344
0.614077
0.614077
0.621002
0.629189
0.632735
0.632735
0.635213
0.638064
0.642425
0.653366
0.653366
0.653778
0.653778
0.654762
0.665134
0.665134
0.666005
0.666005
0.668761
0.669935
0.670437
0.670437
0.673678
0.67565
0.682551
0.68618
0.68618
0.688727
0.714256
0.714256
0.715229
0.715229
0.719519
0.724914
0.728065
0.728065
0.728834
0.728834
0.739525
0.742174
0.754915
0.76442
0.765766
0.765766
0.771438
0.773802
0.782739
0.785538
0.813483
0.813483
0.814604
0.814604
0.815362
0.820111
0.821147
0.829331
0.831779
0.833022
0.833022
0.85109
0.85109
0.852804
0.857292
0.866024
0.885921
0.90489
0.90489
0.914476
0.914476
0.919859
0.955791
0.970624
0.980369
0.983195
0.987154
1.00226
1.0029
1.00356
1.02158
1.02738
1.04234
1.04234
1.04556
1.053
1.08749
1.09521
1.1319
1.1599
1.1599
1.16093
1.16093
1.17431
1.19633
1.19633
1.23385
1.2429
1.25283
1.26525
1.28876
1.47229
1.48377
1.4875
1.49706
1.58296
1.90337
2.02494
