0.153557
0.153557
0.1573
0.1573
0.165855
0.165855
0.186836
0.186836
0.187668
0.187668
0.198627
0.198627
0.199076
0.199076
0.217253
0.217253
0.241987
0.259751
0.259751
0.264044
0.264044
0.269146
0.275293
0.275823
0.275823
0.276592
0.276592
0.282437
0.282437
0.288873
0.288873
0.29502
0.29502
0.302119
0.302119
0.309097
0.309097
0.310677
0.313751
0.313751
0.318693
0.318693
0.320872
0.320872
0.32324
0.32324
0.326153
0.326153
0.329335
0.329335
0.329973
0.329973
0.331545
0.331545
0.332205
0.332205
0.332374
0.332374
0.33383
0.33383
0.337086
0.337086
0.340175
0.340175
0.351655
0.353437
0.359765
0.359765
0.363403
0.363403
0.364305
0.364305
0.364474
0.364474
0.371724
0.376075
0.380306
0.380306
0.383316
0.383316
0.383497
0.383497
0.384447
0.389718
0.389718
0.394663
0.394663
0.395544
0.395544
0.400479
0.407274
0.418601
0.418658
0.418658
0.418799
0.418799
0.420439
0.420439
0.421484
0.421484
0.425302
0.425302
0.426628
0.426929
0.426929
0.427579
0.427579
0.429159
0.429159
0.429986
0.433498
0.433498
0.436066
0.436231
0.438338
0.44029
0.44029
0.444459
0.446018
0.446018
0.446867
0.449548
0.449932
0.45083
0.45083
0.458072
0.460346
0.460578
0.46412
0.46412
0.470598
0.472771
0.483542
0.486545
0.486545
0.487853
0.487853
0.488673
0.488673
0.489556
0.491171
0.491171
0.491197
0.491197
0.496565
0.496565
0.497136
0.498587
0.498587
0.500574
0.500574
0.507404
0.510011
0.510011
0.510163
0.512756
0.512756
0.520936
0.522469
0.522469
0.523491
0.53064
0.541657
0.541657
0.541724
0.542837
0.543893
0.544932
0.544932
0.546486
0.546486
0.547104
0.552248
0.562803
0.562803
0.564977
0.571649
0.571649
0.572073
0.572073
0.576436
0.577107
0.581985
0.581985
0.58467
0.589729
0.589729
0.59039
0.59039
0.5933
0.596272
0.596272
0.607434
0.613268
0.613268
0.619916
0.621143
0.622614
0.622614
0.623685
0.640702
0.641957
0.644935
0.647623
0.647623
0.650041
0.65434
0.65434
0.654936
0.654936
0.667303
0.669412
0.669412
0.672619
0.676026
0.685862
0.686115
0.686115
0.699036
0.707998
0.707998
0.731325
0.734973
0.735159
0.737096
0.74028
0.741921
0.750956
0.76203
0.76203
0.762605
0.762605
0.763673
0.770129
0.772029
0.776147
0.77918
0.77918
0.781803
0.781803
0.788944
0.791167
0.795458
0.803176
0.805914
0.81725
0.824284
0.832132
0.832141
0.835963
0.849156
0.849954
0.865852
0.875237
0.87905
0.883975
0.884821
0.906004
0.907773
0.914962
0.919272
0.937141
0.938088
0.946126
0.96049
0.970253
0.978149
0.980462
0.998285
0.998285
1.01092
1.01584
1.01584
1.01621
1.02974
1.04997
1.05553
1.05612
1.05816
1.05816
1.08284
1.08284
1.09207
1.09813
1.11629
1.13467
1.18962
1.18962
1.19526
1.23446
1.23642
1.25922
1.26076
1.26632
1.37566
1.3944
1.40924
1.51512
1.96336
2.14967
