0
0
0
0
0
0
0
0
0
0
0
0
0
0
0
0
0
0
0
0
0
0
0
0.02
0.04
0.05
0.05
0.06
0.06
0.06
0.06
0.06
0.06
0.07
0.07
0.07
0.07
0.07
0.07
0.07
0.07
0.07
0.07
0.08
0.08
0.08
0.08
0.08
0.09
0.09
0.09
0.09
0.09
0.09
0.09
0.1
0.1
0.1
0.1
0.11
0.11
0.12
0.12
0.13
0.13
0.13
0.13
0.13
0.13
0.14
0.14
0.14
0.14
0.14
0.14
0.14
0.14
0.14
0.14
0.16
0.16
0.16
0.2
0.2
0.22
0.23
0.23
0.23
0.23
0.23
0.24
0.24
0.24
0.25
0.26
0.27
0.27
0.28
0.29
0.3
0.3
0.3
0.31
0.31
0.32
0.33
0.33
0.33
0.35
0.35
0.35
0.36
0.37
0.37
0.39
0.39
0.39
0.4
0.4
0.41
0.41
0.41
0.42
0.42
0.42
0.42
0.43
0.43
0.44
0.44
0.44
0.45
0.45
0.46
0.46
0.48
0.48
0.49
0.49
0.49
0.49
0.51
0.53
0.55
0.57
0.57
0.59
0.61
0.63
0.63
0.66
0.67
0.7
0.72
0.72
0.72
0.72
0.74
0.77
0.78
0.78
0.78
0.79
0.8
0.81
0.81
0.82
0.84
0.84
0.86
0.89
0.91
0.92
0.94
0.95
0.96
0.96
1
1.01
1.03
1.03
1.06
1.07
1.08
1.1
1.1
1.13
1.16
1.17
1.19
1.21
1.23
1.23
1.26
1.27
1.3
1.31
1.34
1.36
1.38
1.39
1.43
1.43
1.45
1.48
1.52
1.54
1.59
1.61
1.66
1.72
1.75
1.76
1.8
1.89
1.91
1.95
1.97
2
2.03
2.06
2.07
2.09
2.09
2.12
2.14
2.18
2.21
2.25
2.27
2.32
2.34
2.37
2.38
2.4
2.41
2.45
2.47
2.47
2.49
2.53
2.55
2.56
2.58
2.63
2.68
2.72
2.75
2.79
2.82
2.86
2.92
2.95
2.98
3.02
3.03
3.04
3.09
3.15
3.2
3.27
3.33
3.4
3.44
3.53
3.58
3.61
3.68
3.74
3.83
3.93
3.97
4.06
4.13
4.21
4.27
4.36
4.49
4.58
4.66
4.77
4.98
5.13
5.27
5.41
5.63
5.85
6.05
6.28
6.5
6.71
6.97
7.27
7.59
7.94
8.31
8.85
9.48
10.4
11.96
