0.328
0.328
0.328
0.328
0.328
0.328
0.328
0.328
0.328
0.328
0.328
0.329
0.329
0.33
0.331
0.332
0.332
0.333
0.333
0.333
0.333
0.334
0.335
0.335
0.335
0.336
0.337
0.337
0.338
0.339
0.339
0.34
0.34
0.34
0.34
0.34
0.34
0.34
0.34
0.34
0.342
0.344
0.345
0.345
0.345
0.345
0.345
0.346
0.346
0.346
0.346
0.346
0.347
0.347
0.347
0.347
0.348
0.349
0.35
0.35
0.351
0.351
0.353
0.353
0.353
0.354
0.354
0.354
0.354
0.354
0.355
0.356
0.356
0.356
0.357
0.358
0.359
0.361
0.361
0.361
0.361
0.361
0.361
0.362
0.363
0.364
0.365
0.365
0.365
0.365
0.367
0.37
0.371
0.372
0.373
0.373
0.373
0.375
0.375
0.375
0.375
0.377
0.377
0.377
0.379
0.381
0.383
0.385
0.385
0.385
0.389
0.39
0.391
0.391
0.392
0.394
0.394
0.396
0.396
0.396
0.396
0.397
0.399
0.4
0.401
0.401
0.402
0.403
0.406
0.406
0.407
0.411
0.412
0.412
0.415
0.417
0.417
0.417
0.418
0.419
0.422
0.422
0.425
0.426
0.429
0.429
0.43
0.433
0.435
0.437
0.437
0.439
0.442
0.444
0.445
0.445
0.448
0.448
0.45
0.451
0.454
0.456
0.456
0.458
0.459
0.459
0.462
0.464
0.466
0.469
0.471
0.475
0.477
0.481
0.482
0.485
0.488
0.492
0.492
0.495
0.498
0.502
0.508
0.51
0.51
0.512
0.515
0.515
0.517
0.52
0.524
0.528
0.529
0.533
0.533
0.536
0.538
0.542
0.547
0.55
0.552
0.554
0.555
0.557
0.562
0.567
0.571
0.578
0.586
0.593
0.6
0.604
0.611
0.614
0.619
0.624
0.627
0.628
0.632
0.634
0.645
0.647
0.65
0.655
0.657
0.662
0.664
0.668
0.674
0.676
0.684
0.688
0.695
0.7
0.704
0.709
0.717
0.721
0.726
0.728
0.732
0.741
0.75
0.757
0.764
0.778
0.783
0.788
0.794
0.802
0.814
0.822
0.826
0.841
0.849
0.86
0.872
0.878
0.884
0.89
0.897
0.904
0.913
0.92
0.93
0.932
0.952
0.955
0.964
0.981
0.992
0.998
1.004
1.028
1.037
1.052
1.06
1.082
1.089
1.1
1.114
1.122
1.149
1.159
1.167
1.177
1.191
1.217
1.232
1.249
1.274
1.298
1.327
1.358
1.415
1.478
1.535
1.607
1.676
1.8
