0.155078
0.155078
0.164782
0.164782
0.172652
0.172891
0.179833
0.179889
0.186233
0.186802
0.193263
0.193525
0.200705
0.201712
0.208125
0.21025
0.217217
0.218816
0.224135
0.226933
0.2323
0.234986
0.240222
0.242192
0.246608
0.249388
0.252991
0.256139
0.259314
0.263065
0.266421
0.269464
0.27311
0.275457
0.278216
0.280403
0.283362
0.285823
0.289235
0.291583
0.295205
0.297213
0.299756
0.302144
0.304927
0.306806
0.309215
0.312014
0.314618
0.316411
0.319458
0.321189
0.323218
0.325191
0.327103
0.329033
0.330711
0.332837
0.334801
0.337536
0.339732
0.341007
0.342973
0.344791
0.346644
0.348113
0.349651
0.351282
0.352774
0.354264
0.355674
0.357305
0.359052
0.36074
0.362384
0.363973
0.365222
0.367386
0.368829
0.370167
0.371958
0.373606
0.374855
0.376594
0.378294
0.380007
0.381521
0.382906
0.384821
0.38609
0.387711
0.389258
0.391136
0.392787
0.394372
0.396106
0.397756
0.399164
0.400746
0.402581
0.404252
0.406117
0.408301
0.409802
0.411753
0.413671
0.415737
0.417529
0.41976
0.42193
0.42379
0.425874
0.427353
0.429768
0.43135
0.433505
0.43572
0.43769
0.439991
0.442537
0.44442
0.446108
0.448177
0.450463
0.453015
0.455539
0.458121
0.460241
0.463183
0.465734
0.468089
0.469974
0.473281
0.476081
0.478513
0.480966
0.482666
0.485645
0.487452
0.489685
0.492238
0.494311
0.496357
0.498723
0.500856
0.503044
0.505581
0.50752
0.509556
0.511774
0.514009
0.516376
0.518681
0.520734
0.522882
0.52555
0.528704
0.531142
0.533592
0.53626
0.539349
0.541353
0.544719
0.547062
0.549842
0.552946
0.555323
0.557921
0.560461
0.562587
0.565233
0.567926
0.570491
0.57305
0.575327
0.578431
0.582067
0.585074
0.588015
0.592594
0.595424
0.598335
0.600769
0.603979
0.608298
0.61179
0.615451
0.618363
0.622397
0.625331
0.627995
0.630586
0.633232
0.635903
0.638733
0.64099
0.644356
0.646897
0.649223
0.652333
0.655066
0.658185
0.661184
0.664103
0.666759
0.670306
0.673881
0.677483
0.680547
0.683658
0.68699
0.690532
0.693657
0.69721
0.70114
0.705336
0.709888
0.713794
0.71875
0.722139
0.726719
0.731202
0.73646
0.739937
0.744303
0.749137
0.753755
0.759002
0.762926
0.767038
0.770747
0.773925
0.777341
0.781133
0.784832
0.788799
0.792367
0.796022
0.80035
0.803876
0.807883
0.811074
0.815635
0.820296
0.824557
0.828654
0.833031
0.838084
0.842934
0.847856
0.853414
0.859352
0.864383
0.870048
0.876277
0.881335
0.886832
0.893316
0.898136
0.904035
0.909728
0.915172
0.920238
0.925035
0.93047
0.937887
0.943699
0.951905
0.959738
0.96726
0.976069
0.983614
0.992019
1.00031
1.00989
1.01958
1.03176
1.04447
1.05776
1.06772
1.08167
1.09684
1.10991
1.12906
1.14365
1.16151
1.17985
1.20065
1.21649
1.23838
1.25877
1.28235
1.30698
1.3478
1.38606
1.41842
1.46952
1.53157
1.73595
2.0524
