0.01
0.03
0.16
0.26
0.34
0.52
0.61
0.68
0.77
0.82
0.87
0.92
0.97
0.97
0.97
0.98
0.98
0.98
0.98
0.98
0.98
0.98
0.98
0.98
0.98
0.98
0.98
0.98
0.98
0.98
0.98
0.98
0.98
0.98
0.98
0.98
0.98
0.98
0.98
0.98
0.98
0.98
0.98
0.98
0.98
0.98
0.98
0.98
0.98
0.98
0.98
0.98
0.98
0.98
0.98
0.98
0.98
0.99
0.99
1.01
1.07
1.1
1.17
1.23
1.35
1.46
1.62
1.73
1.82
1.85
1.91
1.95
1.96
1.96
1.96
1.96
1.96
1.96
1.96
1.96
1.96
1.96
1.96
1.96
1.96
1.96
1.96
1.96
1.96
1.96
1.96
1.96
1.96
1.96
1.96
1.96
1.96
1.96
1.96
1.96
1.96
1.96
1.96
1.97
1.97
1.97
1.99
2.0
2.02
2.03
2.04
2.06
2.07
2.11
2.13
2.16
2.17
2.22
2.26
2.33
2.36
2.43
2.52
2.6
2.64
2.7
2.75
2.76
2.82
2.87
2.9
2.9
2.92
2.93
2.93
2.94
2.94
2.94
2.94
2.94
2.94
2.94
2.94
2.94
2.94
2.94
2.94
2.94
2.94
2.94
2.94
2.94
2.94
2.94
2.94
2.94
2.94
2.94
2.94
2.94
2.94
2.94
2.95
2.95
2.95
2.95
2.96
2.97
2.99
3.01
3.02
3.04
3.09
3.14
3.15
3.2
3.24
3.26
3.31
3.35
3.4
3.49
3.57
3.62
3.66
3.66
3.67
3.71
3.72
3.76
3.76
3.78
3.81
3.86
3.88
3.9
3.91
3.92
3.92
3.92
3.92
3.92
3.92
3.92
3.92
3.92
3.93
3.93
3.93
3.94
3.95
3.95
3.99
4.01
4.02
4.03
4.06
4.09
4.16
4.21
4.28
4.34
4.38
4.44
4.5
4.58
4.64
4.67
4.68
4.73
4.74
4.75
4.78
4.79
4.81
4.85
4.88
4.88
4.9
4.91
4.92
4.96
5.0
5.04
5.1
5.17
5.25
5.29
5.38
5.46
5.52
5.59
5.64
5.67
5.7
5.71
5.75
5.81
5.86
5.92
6.0
6.05
6.17
6.24
6.35
6.49
6.61
6.74
6.81
6.88
6.95
7.04
7.18
7.4
7.65
7.91
8.18
8.67
