0.15367
0.15367
0.158292
0.158292
0.16972
0.16972
0.181323
0.181323
0.183918
0.183918
0.188628
0.188628
0.192293
0.198421
0.198421
0.203346
0.203346
0.211143
0.211143
0.224637
0.224637
0.237677
0.237975
0.237975
0.250277
0.250277
0.267848
0.267848
0.269988
0.269988
0.277888
0.277888
0.289029
0.294654
0.294654
0.29598
0.29598
0.296159
0.296159
0.297786
0.297786
0.29948
0.29948
0.303122
0.303122
0.309653
0.309653
0.310482
0.316091
0.316091
0.321898
0.322291
0.322291
0.330371
0.333689
0.333689
0.336346
0.336346
0.338082
0.338082
0.339332
0.339332
0.340798
0.344863
0.345817
0.347688
0.350633
0.350633
0.350767
0.350767
0.353015
0.353825
0.353825
0.356071
0.356071
0.358263
0.358894
0.358894
0.362447
0.362447
0.363392
0.363392
0.363929
0.363929
0.375705
0.375705
0.378571
0.378571
0.378779
0.378779
0.384205
0.385143
0.385143
0.386658
0.386658
0.394128
0.400145
0.400145
0.401223
0.408437
0.408437
0.419121
0.421134
0.422513
0.422951
0.425588
0.425588
0.429107
0.429107
0.430945
0.430945
0.431092
0.431092
0.433052
0.433052
0.435084
0.435084
0.436568
0.436568
0.437432
0.437432
0.43787
0.43787
0.448854
0.448854
0.450043
0.450043
0.45195
0.451978
0.451978
0.453708
0.463074
0.464328
0.464328
0.469145
0.469145
0.473712
0.473712
0.476113
0.477194
0.493144
0.493144
0.496843
0.499121
0.505147
0.50924
0.50924
0.518288
0.518288
0.521948
0.521948
0.524595
0.527176
0.528997
0.528997
0.531941
0.531941
0.532471
0.532776
0.539298
0.539298
0.546791
0.55069
0.556065
0.561659
0.564202
0.568073
0.569991
0.570037
0.570037
0.573941
0.573941
0.574385
0.574385
0.574406
0.574406
0.576482
0.582302
0.589692
0.605495
0.605568
0.605914
0.620465
0.620465
0.632368
0.632368
0.637513
0.637513
0.642963
0.642963
0.645838
0.646891
0.647592
0.651242
0.660179
0.661512
0.665548
0.665548
0.671898
0.671898
0.673755
0.673755
0.683832
0.683832
0.684215
0.687909
0.690208
0.690208
0.691499
0.691499
0.694329
0.69475
0.703915
0.703915
0.716569
0.716662
0.716662
0.718773
0.718773
0.724042
0.739954
0.743285
0.756133
0.756387
0.760302
0.760302
0.763244
0.766305
0.770173
0.79862
0.798686
0.799369
0.799369
0.802978
0.812268
0.813178
0.813178
0.822453
0.828242
0.828242
0.832108
0.832108
0.840469
0.840731
0.840731
0.845354
0.847506
0.850535
0.850535
0.85374
0.85374
0.882723
0.885688
0.899302
0.913068
0.920966
0.923741
0.938021
0.940509
0.943293
0.944377
0.944377
0.945322
0.945581
0.945581
0.957108
0.986314
0.986314
1.01312
1.02008
1.02198
1.02679
1.04234
1.04234
1.04907
1.08044
1.10283
1.10693
1.10693
1.11406
1.12962
1.13893
1.1407
1.14747
1.177
1.20746
1.20758
1.21874
1.21874
1.25401
1.26084
1.33047
1.36559
1.37228
1.37778
1.40153
1.41067
1.53193
1.59978
2.16664
