0.234141
0.234141
0.309019
0.309019
0.357077
0.3571
0.391285
0.396892
0.411506
0.42098
0.436562
0.454332
0.462267
0.480999
0.48838
0.511227
0.525225
0.546696
0.567378
0.579451
0.601701
0.61492
0.639657
0.650185
0.677696
0.684814
0.711216
0.736631
0.751918
0.794088
0.812897
0.834758
0.845327
0.861605
0.869539
0.884909
0.897963
0.910555
0.921824
0.932636
0.943274
0.957092
0.968981
0.981005
0.992305
1.00497
1.01774
1.03243
1.04762
1.06435
1.08189
1.09717
1.11005
1.12553
1.14241
1.15676
1.17245
1.18551
1.20041
1.21278
1.22758
1.2447
1.2638
1.28655
1.30545
1.326
1.34309
1.36092
1.37028
1.38517
1.3955
1.40737
1.41717
1.4312
1.44222
1.45254
1.4669
1.49136
1.51161
1.52263
1.53743
1.55018
1.57933
1.59557
1.61915
1.64799
1.6696
1.68904
1.73416
1.76742
1.97163
2.03937
2.08353
2.14983
2.24173
2.28986
2.39791
2.50502
2.64938
2.7725
