0.247164
0.247164
0.298683
0.301355
0.329478
0.3333
0.354822
0.361367
0.379881
0.392071
0.409694
0.431233
0.443626
0.467013
0.483217
0.515341
0.550282
0.569395
0.595377
0.613149
0.637239
0.648351
0.682316
0.69195
0.715698
0.733713
0.748142
0.771351
0.783801
0.802089
0.818739
0.84035
0.845233
0.861875
0.865501
0.880435
0.885095
0.897989
0.905861
0.919904
0.941657
0.95938
0.966423
0.978179
0.989952
1.00394
1.02397
1.03999
1.05784
1.07526
1.09168
1.1043
1.11642
1.13048
1.1425
1.15408
1.16716
1.18016
1.19923
1.21858
1.24098
1.25712
1.27549
1.29116
1.31515
1.33426
1.34555
1.36053
1.36931
1.37765
1.39408
1.40968
1.424
1.44227
1.4511
1.46208
1.47536
1.49838
1.52109
1.54663
1.56366
1.57593
1.60756
1.6586
1.70457
1.7371
1.76546
1.80336
1.85546
1.90471
1.95392
2.07694
2.13118
2.19498
2.25912
2.3657
2.51785
2.68449
2.77512
2.90724
