0.158389
0.158389
0.254469
0.254469
0.295656
0.295656
0.328421
0.328968
0.328968
0.348213
0.348213
0.433371
0.433371
0.443283
0.443283
0.503039
0.503039
0.53233
0.53233
0.633963
0.66483
0.66483
0.690956
0.693042
0.693042
0.734385
0.734385
0.769188
0.769188
0.779903
0.816335
0.816335
0.834612
0.834612
0.867537
0.867537
0.872741
0.946571
0.946571
0.956952
0.956952
0.967306
0.967306
0.983754
0.983754
1.03687
1.05332
1.06025
1.07924
1.07924
1.09597
1.12413
1.12413
1.13285
1.13815
1.14959
1.19897
1.19897
1.20536
1.23124
1.35653
1.3707
1.38961
1.39919
1.40603
1.41478
1.41478
1.41715
1.43516
1.45028
1.45028
1.46384
1.48437
1.51497
1.51497
1.54682
1.55149
1.55149
1.57623
1.58501
1.59391
1.66528
1.67986
1.68604
1.70112
1.72965
1.75805
1.76585
1.8504
1.90787
1.97233
2.07907
2.09077
2.17079
2.23585
2.36977
2.51149
2.82568
2.90274
3.2385
