0.162848
0.162848
0.183251
0.183251
0.201315
0.201315
0.218454
0.219154
0.237127
0.239914
0.252202
0.256562
0.26455
0.268427
0.274659
0.281057
0.28675
0.295167
0.300424
0.306069
0.31056
0.315928
0.322591
0.326479
0.332565
0.335385
0.340537
0.344522
0.349234
0.352675
0.356539
0.360901
0.364354
0.36908
0.371885
0.375803
0.378667
0.382648
0.385299
0.389591
0.392447
0.396861
0.400451
0.403914
0.406879
0.410098
0.413705
0.417757
0.420949
0.424975
0.427968
0.431687
0.436635
0.441226
0.44412
0.447874
0.452783
0.456886
0.460286
0.465162
0.468055
0.472784
0.475881
0.480551
0.48475
0.488382
0.492897
0.496713
0.501943
0.506326
0.510927
0.514995
0.519783
0.523462
0.529455
0.534641
0.538755
0.545422
0.550767
0.556371
0.561386
0.566946
0.572141
0.57744
0.583606
0.588511
0.593583
0.598323
0.602051
0.606449
0.611337
0.61756
0.622161
0.626259
0.630802
0.636041
0.641142
0.645864
0.649183
0.653662
0.658048
0.662897
0.667319
0.671444
0.676345
0.681341
0.686046
0.689288
0.694385
0.698603
0.703533
0.708053
0.71384
0.718494
0.723705
0.729333
0.734795
0.739702
0.745332
0.749705
0.755277
0.761773
0.767006
0.773332
0.778113
0.783331
0.789444
0.795397
0.801337
0.807067
0.812419
0.81735
0.8234
0.829918
0.835799
0.842305
0.84888
0.853391
0.858259
0.863582
0.868769
0.875118
0.881578
0.890442
0.897245
0.905653
0.911349
0.920051
0.926799
0.935537
0.942695
0.948881
0.956837
0.963149
0.970164
0.977434
0.988374
0.995798
1.00744
1.01756
1.02774
1.04325
1.05523
1.06805
1.08127
1.09443
1.10612
1.11728
1.12653
1.13736
1.14981
1.16219
1.17294
1.18427
1.19556
1.20706
1.21996
1.23035
1.24197
1.25508
1.26728
1.28232
1.31002
1.32231
1.33881
1.35389
1.36874
1.39008
1.41765
1.43912
1.45905
1.48376
1.51341
1.55212
1.61024
1.66441
1.71677
1.7535
1.81725
1.97856
