0.01
0.01
0.04
0.1
0.2
0.27
0.37
0.49
0.64
0.73
0.81
0.82
0.93
0.97
0.98
0.98
0.98
0.98
0.98
0.98
0.98
0.98
0.98
0.98
0.98
0.98
0.98
0.98
0.98
0.98
0.98
0.98
0.98
0.98
0.98
0.98
0.98
0.98
0.98
0.98
0.98
0.98
0.98
0.98
0.98
0.98
0.98
0.98
0.98
0.98
0.98
0.98
0.98
0.98
0.98
0.98
0.98
0.98
0.99
1.0
1.0
1.06
1.08
1.13
1.2
1.28
1.35
1.4
1.45
1.5
1.55
1.58
1.64
1.69
1.74
1.76
1.79
1.81
1.83
1.85
1.86
1.86
1.87
1.89
1.91
1.95
1.96
1.96
1.96
1.96
1.96
1.96
1.96
1.96
1.96
1.96
1.96
1.96
1.96
1.96
1.96
1.96
1.96
1.96
1.96
1.96
1.96
1.97
1.97
1.98
2.0
2.02
2.08
2.1
2.17
2.23
2.28
2.32
2.34
2.38
2.42
2.45
2.55
2.6
2.68
2.76
2.79
2.83
2.84
2.84
2.89
2.9
2.94
2.94
2.94
2.94
2.94
2.94
2.94
2.94
2.95
2.97
3.0
3.06
3.11
3.14
3.22
3.27
3.36
3.42
3.57
3.77
3.81
3.85
3.9
3.93
3.95
4.11
4.34
4.75
5.2
