0.156327
0.156327
0.180035
0.180035
0.186484
0.186484
0.245156
0.279158
0.281367
0.281367
0.282963
0.282963
0.287313
0.287313
0.309443
0.309443
0.31269
0.31269
0.313739
0.313739
0.315026
0.315026
0.331293
0.331293
0.342499
0.342499
0.345712
0.345712
0.346174
0.346174
0.351676
0.351676
0.35797
0.35797
0.364657
0.364657
0.370721
0.377977
0.377977
0.379542
0.379542
0.381296
0.381296
0.384484
0.384484
0.394127
0.394127
0.398474
0.418551
0.437693
0.437693
0.442198
0.442198
0.449054
0.459028
0.459028
0.475438
0.475438
0.492051
0.492908
0.492908
0.493706
0.493706
0.505998
0.505998
0.508634
0.508634
0.518508
0.518508
0.521828
0.521828
0.539892
0.539892
0.540621
0.548571
0.548571
0.550636
0.563139
0.569617
0.569617
0.579247
0.579247
0.592196
0.592196
0.592238
0.592238
0.597182
0.601663
0.601663
0.605958
0.605958
0.607357
0.614606
0.614606
0.615771
0.615917
0.645686
0.645686
0.646219
0.646219
0.661496
0.669608
0.669608
0.678651
0.681752
0.681752
0.68312
0.68312
0.688624
0.688624
0.691263
0.700772
0.7113
0.7113
0.723764
0.729284
0.73283
0.766465
0.766465
0.767241
0.76964
0.775939
0.781508
0.781508
0.789184
0.800399
0.810851
0.810851
0.836727
0.841507
0.865554
0.868727
0.874784
0.874784
0.886199
0.886199
0.889673
0.891678
0.898015
0.900256
0.904358
0.910839
0.947015
0.96122
0.972586
0.972586
0.98012
0.98012
0.980367
1.00052
1.01066
1.01366
1.01366
1.02057
1.04089
1.04492
1.04981
1.04981
1.051
1.051
1.06072
1.06072
1.06446
1.06446
1.07044
1.07044
1.07936
1.08725
1.08725
1.10747
1.12728
1.15929
1.17846
1.18726
1.19297
1.22833
1.2339
1.25083
1.26858
1.30008
1.31235
1.31235
1.31649
1.32257
1.40417
1.41146
1.44508
1.44508
1.44718
1.44743
1.50969
1.51631
1.52742
1.55201
1.62669
1.66599
1.66599
1.72829
1.74389
2.02393
