0.153888
0.153888
0.155603
0.155603
0.198106
0.198106
0.248255
0.248255
0.275401
0.275401
0.277885
0.277885
0.283393
0.283393
0.296045
0.296045
0.300143
0.300143
0.348531
0.348531
0.353309
0.353309
0.354754
0.354754
0.359761
0.365308
0.365308
0.367707
0.367707
0.380308
0.380308
0.381187
0.383608
0.402511
0.402511
0.407222
0.407222
0.40735
0.40735
0.413136
0.413136
0.414575
0.414575
0.41583
0.41583
0.419082
0.419082
0.424199
0.42439
0.42439
0.437107
0.437107
0.440607
0.440607
0.440829
0.441209
0.441209
0.44547
0.44547
0.44731
0.44731
0.469795
0.469795
0.496897
0.496897
0.506016
0.506016
0.506272
0.506272
0.510946
0.510946
0.515324
0.515324
0.525992
0.531025
0.533572
0.533572
0.536581
0.536581
0.538862
0.538862
0.543077
0.553122
0.561832
0.561832
0.563042
0.563042
0.580421
0.58898
0.58898
0.594951
0.594951
0.602221
0.602221
0.609227
0.609227
0.621414
0.621414
0.629877
0.63539
0.636141
0.636141
0.648709
0.648709
0.651056
0.651056
0.651073
0.651073
0.651569
0.658831
0.665969
0.665969
0.669718
0.669718
0.701336
0.701336
0.70153
0.708109
0.708259
0.715719
0.717531
0.718173
0.718173
0.726044
0.740295
0.740719
0.748315
0.758528
0.758528
0.76
0.769008
0.769008
0.787683
0.789186
0.789643
0.789643
0.791484
0.795657
0.797314
0.797314
0.797714
0.797714
0.802672
0.875877
0.889131
0.893668
0.893668
0.909894
0.910113
0.935096
0.955744
0.955744
0.956287
0.966524
0.966524
0.969023
0.969975
0.977962
0.993917
1.01243
1.01534
1.01763
1.02694
1.02736
1.02736
1.04413
1.04467
1.06072
1.06072
1.06446
1.06446
1.06805
1.07314
1.07314
1.09049
1.12323
1.16463
1.17216
1.17725
1.19849
1.2578
1.27306
1.29634
1.29923
1.34717
1.35776
1.37389
1.44508
1.44508
1.44703
1.46088
1.51631
1.51631
1.58728
1.60692
1.61962
1.66599
1.80219
1.81193
1.93616
