1
1
1
1
1
1
1
1
1
1
1
1
1
1
1
1
1
1
1
1
1
1
1
1
1
1
1
1
1
1
1
1
1
1
1
1
1
1
1
1
1
1
1
1
1
1
1
1
1
1
1
1
1
1
1
1
1
1
1
1
1
1
1
1
1
1
1
1
1
1
1
1
1
1
1
1
1
1
1
1
1
1
1
1
1
1
1
1
1
1
1
1
1
1
1
1
1
1
1
1
1
1
1
1
1
1
1
1
1
1
1
1
1
1
1
1
1
1
1
1
1
1
1
1
1
1
1
1
1
1
1
1
1
1
1
1
1
1.008
1.024
1.024
1.036
1.038
1.046
1.094
1.112
1.13
1.185
1.204
1.215
1.25
1.268
1.278
1.285
1.286
1.286
1.293
1.316
1.324
1.352
1.367
1.376
1.379
1.388
1.408
1.413
1.443
1.46
1.469
1.49
1.494
1.505
1.556
1.575
1.609
1.635
1.664
1.707
1.744
1.814
1.87
1.92
1.967
2.035
2.066
2.121
2.144
2.175
2.217
2.238
2.286
2.438
2.569
2.628
2.729
2.87
3.396
3.528
3.646
3.96
4.283
