0.328
0.328
0.328
0.328
0.328
0.328
0.328
0.328
0.329
0.329
0.33
0.33
0.331
0.332
0.332
0.332
0.332
0.332
0.332
0.332
0.333
0.333
0.334
0.334
0.335
0.336
0.336
0.336
0.336
0.336
0.337
0.338
0.338
0.339
0.34
0.34
0.34
0.341
0.341
0.341
0.341
0.342
0.343
0.343
0.343
0.344
0.344
0.344
0.344
0.345
0.345
0.345
0.345
0.346
0.347
0.347
0.347
0.348
0.35
0.35
0.351
0.352
0.353
0.353
0.355
0.355
0.356
0.356
0.356
0.357
0.357
0.358
0.36
0.36
0.362
0.364
0.364
0.365
0.366
0.366
0.367
0.37
0.374
0.377
0.378
0.379
0.38
0.382
0.383
0.387
0.39
0.391
0.393
0.394
0.398
0.401
0.407
0.408
0.414
0.421
0.432
0.441
0.448
0.457
0.464
0.473
0.483
0.488
0.504
0.51
0.514
0.521
0.533
0.543
0.544
0.547
0.555
0.564
0.567
0.569
0.571
0.574
0.574
0.577
0.579
0.582
0.596
0.609
0.627
0.641
0.643
0.652
0.658
0.664
0.669
0.675
0.69
0.709
0.731
0.734
0.747
0.75
0.759
0.782
0.784
0.823
0.825
0.843
0.867
0.87
0.906
0.908
0.921
0.928
0.928
0.938
0.938
0.944
0.944
0.952
0.952
0.974
0.974
1.001
1.001
1.001
1.001
1.001
1.001
1.001
1.001
1.001
1.002
1.002
1.002
1.002
1.002
1.002
1.002
1.002
1.002
1.002
1.004
1.004
1.005
1.005
1.005
1.008
1.008
1.008
1.009
1.011
1.016
1.018
1.022
1.028
1.031
1.039
1.05
1.141
