0.153761
0.153761
0.159396
0.159396
0.167214
0.167214
0.174622
0.174747
0.181315
0.181884
0.188124
0.189537
0.196141
0.198538
0.202969
0.206101
0.210356
0.21454
0.218627
0.223298
0.226924
0.232438
0.23699
0.242207
0.247066
0.251671
0.256439
0.261741
0.264843
0.269907
0.273547
0.277963
0.281048
0.285157
0.28777
0.291571
0.293923
0.29756
0.299524
0.302278
0.304819
0.307934
0.309829
0.312197
0.314466
0.317115
0.318793
0.321562
0.323288
0.325844
0.32824
0.329953
0.331656
0.333566
0.335267
0.337148
0.33878
0.341097
0.342516
0.344845
0.346549
0.349007
0.3509
0.352863
0.355113
0.357442
0.35932
0.361071
0.362878
0.364766
0.366561
0.368978
0.370698
0.372895
0.374808
0.377242
0.378998
0.380656
0.382556
0.384675
0.386753
0.388473
0.390759
0.392567
0.394086
0.396536
0.398185
0.400253
0.402214
0.403981
0.405888
0.407699
0.409398
0.411663
0.412979
0.414904
0.41637
0.41785
0.419755
0.42169
0.423531
0.425506
0.427634
0.429444
0.431319
0.43319
0.435199
0.437137
0.439069
0.441042
0.442823
0.444488
0.446359
0.447668
0.449577
0.450958
0.453028
0.454566
0.456578
0.457874
0.45964
0.461779
0.463777
0.46601
0.467853
0.469349
0.471375
0.473174
0.475059
0.477151
0.479222
0.480968
0.48288
0.485192
0.486689
0.488221
0.490437
0.492021
0.49392
0.495522
0.497353
0.499235
0.501848
0.50375
0.505414
0.507295
0.509463
0.511124
0.513069
0.515262
0.516881
0.51926
0.521416
0.523543
0.525696
0.527472
0.530179
0.532313
0.534603
0.53676
0.538657
0.540813
0.542774
0.545365
0.547679
0.550056
0.552506
0.554654
0.556652
0.559126
0.561498
0.563814
0.566287
0.56894
0.571715
0.574683
0.578313
0.58096
0.583983
0.586405
0.589337
0.59266
0.596588
0.600556
0.604429
0.60763
0.612233
0.616075
0.619399
0.624602
0.628979
0.633087
0.638099
0.643523
0.649493
0.653823
0.659036
0.663453
0.668309
0.673716
0.679946
0.685137
0.690099
0.69593
0.700601
0.705288
0.710402
0.714372
0.718082
0.72474
0.729732
0.734234
0.738804
0.74257
0.746928
0.750782
0.75559
0.760373
0.765588
0.769611
0.774485
0.77893
0.784625
0.789235
0.79379
0.798041
0.802726
0.807496
0.811911
0.816881
0.82083
0.825357
0.829836
0.83423
0.838934
0.843013
0.8479
0.852699
0.855718
0.859513
0.864601
0.868926
0.874104
0.87995
0.88605
0.891041
0.896774
0.902935
0.908833
0.915792
0.922679
0.92995
0.93654
0.944077
0.950091
0.957951
0.965575
0.973026
0.980384
0.98907
0.997728
1.0044
1.01536
1.02479
1.03089
1.04064
1.05109
1.06202
1.0739
1.08451
1.0943
1.10705
1.11803
1.12717
1.13873
1.1498
1.15976
1.17191
1.18877
1.20535
1.21884
1.23693
1.25422
1.27047
1.28657
1.30052
1.31956
1.34052
1.35628
1.37272
1.38812
1.40689
1.42467
1.43989
1.45649
1.52398
1.56629
1.71816
1.82783
1.90017
