0.02
0.02
0.04
0.14
0.29
0.45
0.55
0.68
0.77
0.84
0.96
0.96
0.97
0.97
0.98
0.98
0.98
0.98
0.98
0.98
0.98
0.98
0.98
0.98
0.98
0.98
0.98
0.98
0.98
0.98
0.98
0.98
0.98
0.98
0.98
0.98
0.98
0.98
0.98
0.98
0.98
0.98
0.98
0.98
0.98
0.98
0.98
0.98
0.98
0.98
0.98
1.0
1.03
1.03
1.07
1.11
1.13
1.16
1.18
1.22
1.26
1.3
1.35
1.39
1.44
1.46
1.48
1.51
1.53
1.54
1.55
1.57
1.59
1.65
1.66
1.69
1.72
1.79
1.85
1.89
1.89
1.92
1.93
1.95
1.96
1.96
1.96
1.96
1.96
1.96
1.96
1.96
1.96
1.96
1.96
1.96
1.96
1.96
1.96
1.96
1.96
1.96
1.96
1.96
1.96
1.96
1.96
1.96
1.96
1.96
1.96
1.96
1.97
1.97
1.98
1.98
1.98
1.99
2.0
2.01
2.02
2.04
2.04
2.07
2.08
2.12
2.15
2.16
2.17
2.2
2.21
2.26
2.27
2.29
2.3
2.32
2.37
2.38
2.41
2.41
2.46
2.51
2.53
2.57
2.59
2.61
2.63
2.65
2.66
2.68
2.69
2.7
2.72
2.72
2.74
2.8
2.85
2.87
2.87
2.89
2.9
2.93
2.94
2.94
2.94
2.94
2.94
2.94
2.94
2.94
2.95
2.95
2.96
2.97
2.98
2.99
3.01
3.01
3.02
3.04
3.05
3.08
3.11
3.12
3.12
3.13
3.16
3.17
3.19
3.23
3.27
3.33
3.37
3.39
3.42
3.44
3.47
3.48
3.5
3.55
3.57
3.58
3.61
3.62
3.62
3.62
3.63
3.63
3.64
3.69
3.7
3.7
3.73
3.77
3.8
3.82
3.88
3.9
3.91
3.92
3.92
3.92
3.92
3.93
3.98
4.0
4.03
4.07
4.13
4.22
4.29
4.38
4.42
4.47
4.5
4.52
4.53
4.54
4.56
4.56
4.57
4.59
4.62
4.63
4.68
4.81
4.85
4.88
4.93
4.97
5.03
5.09
5.19
5.26
5.38
5.46
5.48
5.51
5.57
5.61
5.72
5.81
5.88
5.98
6.11
6.22
6.41
6.53
6.7
7.04
7.74
