0.67
0.83
0.89
0.91
0.92
0.99
1.05
1.1
1.16
1.16
1.18
1.19
1.21
1.22
1.25
1.31
1.37
1.4
1.45
1.49
1.52
1.53
1.55
1.56
1.57
1.57
1.59
1.6
1.62
1.65
1.65
1.65
1.66
1.66
1.67
1.69
1.71
1.73
1.75
1.81
1.82
1.84
1.9
1.95
1.97
2.01
2.02
2.04
2.05
2.05
2.06
2.06
2.08
2.09
2.1
2.11
2.12
2.13
2.15
2.18
2.2
2.23
2.28
2.32
2.33
2.36
2.37
2.37
2.37
2.37
2.38
2.38
2.39
2.39
2.39
2.39
2.39
2.39
2.39
2.39
2.4
2.4
2.4
2.43
2.45
2.46
2.47
2.48
2.52
2.52
2.53
2.57
2.59
2.6
2.62
2.62
2.62
2.63
2.65
2.68
2.72
2.74
2.79
2.83
2.85
2.85
2.85
2.86
2.88
2.89
2.89
2.89
2.91
2.92
2.94
2.94
2.94
2.94
2.96
2.99
2.99
2.99
3.01
3.05
3.07
3.08
3.09
3.09
3.1
3.11
3.12
3.12
3.12
3.12
3.13
3.13
3.13
3.16
3.17
3.2
3.21
3.22
3.23
3.24
3.26
3.28
3.28
3.28
3.29
3.3
3.31
3.33
3.34
3.35
3.36
3.39
3.39
3.4
3.41
3.42
3.42
3.42
3.42
3.42
3.45
3.47
3.52
3.56
3.59
3.59
3.6
3.61
3.64
3.66
3.69
3.7
3.7
3.71
3.73
3.75
3.77
3.81
3.82
3.84
3.85
3.89
3.91
3.91
3.91
3.95
3.97
4.01
4.02
4.05
4.06
4.07
4.08
4.08
4.11
4.11
4.13
4.15
4.15
4.19
4.19
4.19
4.2
4.2
4.21
4.24
4.24
4.24
4.26
4.28
4.29
4.3
4.3
4.36
4.37
4.42
4.43
4.46
4.47
4.49
4.51
4.53
4.57
4.59
4.6
4.62
4.63
4.66
4.71
4.74
4.78
4.84
4.87
4.91
4.91
4.95
5.01
5.03
5.06
5.09
5.12
5.14
5.15
5.17
5.18
5.19
5.21
5.21
5.23
5.28
5.29
5.32
5.35
5.36
5.42
5.5
5.54
5.6
5.66
5.75
5.82
5.86
5.87
5.95
5.98
6.01
6.06
6.12
6.18
6.23
6.31
6.38
6.46
6.51
6.58
6.72
6.85
6.94
7.07
7.11
7.22
7.34
7.58
7.94
8.48
11.05
12.63
14.5
15.34
17.51
19.12
21.01
22.17
24.53
28.56
36.43
