0.154432
0.154432
0.16104
0.16104
0.169903
0.169903
0.179381
0.179604
0.186062
0.186442
0.19459
0.195078
0.202349
0.203123
0.207698
0.209163
0.21454
0.216484
0.22075
0.223312
0.227182
0.230176
0.233771
0.236232
0.239551
0.242179
0.245826
0.248332
0.251895
0.254178
0.2572
0.260597
0.262683
0.264905
0.267642
0.27044
0.273591
0.276437
0.279782
0.282346
0.28557
0.288466
0.290847
0.294136
0.29739
0.300731
0.303494
0.30612
0.309238
0.312192
0.315219
0.317853
0.319968
0.32269
0.32484
0.32761
0.329491
0.332419
0.334758
0.336814
0.339106
0.341495
0.343891
0.346254
0.34807
0.350494
0.35208
0.354631
0.356755
0.358872
0.36093
0.362619
0.364322
0.366551
0.368445
0.371076
0.372352
0.374588
0.375897
0.37814
0.380053
0.382015
0.384054
0.386291
0.388275
0.39
0.392028
0.39371
0.39597
0.397457
0.399456
0.401146
0.402999
0.404721
0.406641
0.408324
0.409871
0.411532
0.413035
0.414569
0.416401
0.417777
0.420063
0.421613
0.423765
0.425768
0.42797
0.430045
0.431704
0.43385
0.436005
0.438298
0.440218
0.442376
0.444747
0.446211
0.44877
0.450962
0.453095
0.455415
0.457623
0.46022
0.462234
0.464411
0.467199
0.469434
0.47148
0.473166
0.475116
0.477572
0.479385
0.481777
0.483833
0.485781
0.487736
0.49001
0.492561
0.494539
0.4962
0.49857
0.500804
0.503187
0.50578
0.507842
0.510957
0.513901
0.516738
0.518971
0.521009
0.523853
0.526273
0.529239
0.532024
0.534531
0.536784
0.539763
0.542581
0.545746
0.549032
0.551363
0.554424
0.556683
0.559943
0.562497
0.566477
0.568863
0.571605
0.574725
0.577618
0.580622
0.583676
0.586721
0.589825
0.593521
0.597488
0.600613
0.604069
0.606925
0.610114
0.613562
0.618039
0.621024
0.624252
0.627392
0.630952
0.634234
0.637783
0.641141
0.644089
0.647752
0.651036
0.654549
0.658106
0.661776
0.665451
0.669113
0.67307
0.67626
0.679939
0.682948
0.687156
0.690698
0.694666
0.698106
0.701784
0.705365
0.708632
0.712702
0.717181
0.721049
0.725566
0.729715
0.733966
0.738585
0.742952
0.747161
0.752667
0.75764
0.76231
0.767323
0.772695
0.777362
0.783128
0.787676
0.792638
0.79812
0.802549
0.806952
0.812496
0.817776
0.823067
0.827918
0.832224
0.837977
0.842699
0.848285
0.853247
0.85885
0.864118
0.868255
0.873058
0.878255
0.882205
0.887708
0.893198
0.898328
0.903121
0.907472
0.913124
0.919042
0.923766
0.927836
0.932486
0.936995
0.941279
0.94701
0.951655
0.956214
0.962225
0.96755
0.974218
0.98167
0.988817
0.996807
1.00536
1.01343
1.02046
1.02916
1.03882
1.04854
1.05763
1.06777
1.07888
1.09048
1.1032
1.11522
1.13414
1.14985
1.16966
1.19578
1.22297
1.24799
1.27045
1.29605
1.31149
1.32337
1.33524
1.35519
1.37289
1.40249
1.43225
1.46568
1.49187
1.53479
1.56603
1.60385
1.63577
1.71635
1.85039
1.95518
