0.151582
0.151582
0.163043
0.163043
0.182825
0.182825
0.187062
0.187062
0.187745
0.187745
0.188252
0.189586
0.189586
0.193431
0.193431
0.208029
0.208029
0.213966
0.213966
0.221683
0.221683
0.221901
0.221901
0.228026
0.234633
0.235412
0.235412
0.235516
0.235516
0.239147
0.239147
0.250509
0.250509
0.256943
0.259317
0.259317
0.267565
0.267565
0.270399
0.271672
0.271672
0.280573
0.280573
0.2808
0.2808
0.281752
0.281752
0.289986
0.289986
0.299105
0.299105
0.300639
0.300639
0.303534
0.303534
0.305205
0.305205
0.310552
0.310552
0.311242
0.311242
0.312276
0.312276
0.314471
0.314471
0.319967
0.319967
0.323839
0.32617
0.32617
0.328527
0.328527
0.335139
0.335139
0.342455
0.342455
0.343428
0.343428
0.345149
0.345149
0.350148
0.350148
0.350756
0.350756
0.352273
0.352273
0.352903
0.353488
0.353488
0.366086
0.366086
0.368843
0.368843
0.37742
0.37742
0.379734
0.379734
0.380868
0.380868
0.382255
0.382255
0.383662
0.383662
0.392354
0.393114
0.395394
0.396643
0.397907
0.397907
0.399273
0.399273
0.409721
0.42224
0.42224
0.423486
0.424273
0.438343
0.444059
0.444059
0.444705
0.450357
0.450677
0.453526
0.455313
0.455313
0.456866
0.456866
0.457594
0.45829
0.45829
0.458902
0.462771
0.462771
0.463812
0.463812
0.478074
0.479242
0.479242
0.487937
0.487937
0.490119
0.490119
0.49143
0.49143
0.491562
0.491562
0.495495
0.496304
0.496304
0.507159
0.51066
0.51066
0.510966
0.511044
0.511767
0.51179
0.51179
0.514285
0.514285
0.5241
0.5241
0.525136
0.526606
0.526606
0.532736
0.533171
0.535722
0.53829
0.539471
0.539471
0.546492
0.549114
0.557264
0.559483
0.564631
0.576914
0.590162
0.593746
0.593746
0.596955
0.596955
0.597461
0.606324
0.609642
0.61261
0.61261
0.628399
0.638328
0.638328
0.638532
0.638532
0.646616
0.651598
0.657978
0.660836
0.671941
0.671941
0.678396
0.681492
0.684558
0.68818
0.691428
0.710211
0.710211
0.712623
0.71408
0.71408
0.716406
0.723975
0.723975
0.727881
0.727881
0.728691
0.731475
0.735349
0.738126
0.759065
0.76671
0.76671
0.769126
0.769126
0.776117
0.776117
0.776549
0.776549
0.790498
0.792433
0.792433
0.792569
0.792569
0.796277
0.800416
0.800416
0.805517
0.807947
0.808317
0.815921
0.824536
0.827151
0.834539
0.853137
0.856115
0.856115
0.857178
0.860667
0.865556
0.868513
0.877032
0.881141
0.886457
0.912167
0.912167
0.913107
0.914031
0.921947
0.924824
0.924824
0.94612
0.946845
0.95336
0.95336
0.974519
0.985567
0.987356
0.993639
0.998715
1.00978
1.01178
1.01465
1.02914
1.04179
1.0561
1.06439
1.09503
1.09577
1.13178
1.13378
1.15839
1.17337
1.1741
1.1741
1.17501
1.1795
1.22516
1.30565
1.34691
1.34691
1.35491
1.3655
1.39131
1.39449
1.40011
1.55252
1.60376
1.61348
1.66501
1.7366
1.7366
1.77556
2.07638
