0.188076
0.188076
0.24069
0.24103
0.270414
0.271326
0.307309
0.31504
0.338121
0.345683
0.385913
0.392594
0.406905
0.416775
0.427736
0.44191
0.451415
0.458814
0.467498
0.475693
0.485848
0.491548
0.513284
0.527302
0.543467
0.550499
0.577658
0.58566
0.607446
0.624286
0.645602
0.666574
0.682664
0.701812
0.72118
0.740624
0.761115
0.773591
0.78824
0.804921
0.823238
0.836285
0.85773
0.870354
0.892821
0.906328
0.920099
0.935255
0.95736
0.973386
0.993493
1.01037
1.02512
1.0386
1.05082
1.06492
1.0798
1.10313
1.11466
1.13053
1.14273
1.15728
1.17195
1.1886
1.20517
1.23186
1.24546
1.26697
1.28484
1.29735
1.31814
1.32981
1.34256
1.3541
1.37057
1.38293
1.40024
1.41554
1.43316
1.4501
1.46614
1.4922
1.51051
1.53722
1.5717
1.59697
1.6441
1.68565
1.7528
1.8036
1.8499
1.93755
2.00529
2.03937
2.10377
2.16656
2.28087
2.37489
2.51217
3.28162
