0.328
0.328
0.328
0.328
0.33
0.332
0.333
0.333
0.334
0.334
0.334
0.334
0.335
0.337
0.337
0.34
0.34
0.343
0.343
0.343
0.344
0.347
0.348
0.35
0.354
0.356
0.363
0.369
0.377
0.398
0.427
0.452
0.478
0.512
0.529
0.564
0.585
0.605
0.614
0.618
0.63
0.634
0.642
0.648
0.657
0.683
0.718
0.76
0.798
0.806
0.809
0.852
0.88
0.898
0.9
0.945
0.964
0.981
0.981
1
1
1
1
1
1
1
1
1
1
1
1
1
1
1
1
1
1.001
1.001
1.001
1.001
1.001
1.001
1.001
1.001
1.001
1.001
1.001
1.001
1.001
1.001
1.001
1.002
1.002
1.002
1.002
1.004
1.007
1.015
1.035
1.296
