0.182144
0.182144
0.224124
0.224124
0.266929
0.266978
0.299905
0.301065
0.339073
0.343237
0.35903
0.362449
0.377892
0.384229
0.397271
0.411647
0.422571
0.43202
0.44473
0.457538
0.472479
0.485435
0.505707
0.513404
0.52406
0.532574
0.553549
0.563035
0.58377
0.594366
0.611564
0.624309
0.640338
0.659773
0.673881
0.695756
0.706415
0.725306
0.751264
0.767517
0.787151
0.801821
0.816003
0.83405
0.856335
0.884465
0.906059
0.930072
0.949769
0.96276
0.979156
0.997297
1.0117
1.02801
1.04791
1.06648
1.08002
1.0946
1.11226
1.12383
1.13454
1.14697
1.15938
1.17076
1.17943
1.18968
1.19816
1.2092
1.2208
1.23363
1.24553
1.2589
1.27262
1.28992
1.30821
1.33345
1.35566
1.37351
1.39661
1.41412
1.43842
1.45428
1.47159
1.49826
1.53762
1.55798
1.61303
1.65763
1.70614
1.75114
1.8153
1.87778
1.97622
2.01087
2.1141
2.21075
2.29008
2.44526
2.57882
3.45836
