0.184521
0.184521
0.192427
0.192427
0.302422
0.302422
0.312061
0.312061
0.316049
0.316049
0.340217
0.340217
0.35281
0.361831
0.361831
0.377935
0.377935
0.439738
0.474632
0.474632
0.542382
0.542382
0.564196
0.564196
0.565817
0.565817
0.567373
0.567373
0.600966
0.600966
0.610585
0.610585
0.64386
0.64386
0.649481
0.649481
0.682603
0.682603
0.692167
0.702837
0.73969
0.742285
0.742285
0.784274
0.784274
0.871269
0.950046
0.950046
0.961438
0.970553
0.972939
0.972939
0.976556
0.988381
0.988381
0.99487
1.02674
1.02894
1.02894
1.05169
1.05169
1.05299
1.06309
1.08951
1.09451
1.13636
1.15151
1.15151
1.19731
1.2023
1.20506
1.23759
1.29385
1.29954
1.35435
1.35935
1.36202
1.40207
1.42171
1.44776
1.47027
1.48578
1.48578
1.51865
1.59363
1.65632
1.65632
1.67269
1.78956
1.87774
1.9828
1.9828
2.00975
2.15356
2.21327
2.28767
2.33237
2.37814
2.53002
3.45155
