0.03
0.08
0.16
0.31
0.43
0.59
0.71
0.77
0.84
0.9
0.96
0.98
0.98
0.98
0.98
0.98
0.98
0.98
0.98
0.98
0.98
0.98
0.98
0.98
0.98
0.98
0.98
0.98
0.98
0.98
0.98
0.98
0.98
0.98
0.98
0.98
0.98
0.98
0.98
0.98
0.98
0.98
0.98
0.98
0.98
0.98
0.98
0.98
0.98
0.98
0.98
0.98
0.98
1.0
1.02
1.03
1.05
1.12
1.16
1.25
1.36
1.43
1.5
1.55
1.58
1.63
1.68
1.74
1.78
1.83
1.88
1.92
1.93
1.95
1.96
1.96
1.96
1.96
1.96
1.96
1.96
1.96
1.96
1.96
1.96
1.96
1.96
1.96
1.96
1.96
1.96
1.96
1.96
1.96
1.96
1.96
1.96
1.96
1.96
1.97
2.0
2.01
2.07
2.11
2.13
2.16
2.19
2.24
2.27
2.28
2.29
2.3
2.32
2.36
2.4
2.46
2.54
2.61
2.69
2.72
2.77
2.79
2.83
2.88
2.89
2.91
2.93
2.96
3.02
3.04
3.11
3.17
3.22
3.3
3.37
3.43
3.45
3.51
3.53
3.59
3.7
3.73
3.82
3.95
4.11
4.25
4.34
4.46
4.6
4.75
4.94
5.15
5.35
5.58
5.8
6.07
6.38
6.62
6.92
7.31
7.9
