1
1
1
1
1
1
1
1
1
1
1
1
1
1
1
1
1
1
1
1
1
1
1
1
1
1
1
1
1
1
1
1
1
1
1
1
1
1
1
1
1
1
1
1
1
1
1
1
1
1
1
1
1
1
1
1
1
1
1
1
1
1
1
1
1
1
1
1
1
1
1
1
1
1
1
1
1
1
1
1
1
1
1
1
1
1
1
1
1
1
1
1
1
1
1
1
1
1
1
1
1
1
1
1
1
1
1
1
1
1
1
1
1
1
1
1
1
1
1
1
1
1
1
1
1
1
1
1
1
1
1
1
1
1
1
1
1
1
1
1
1
1
1
1
1
1
1
1
1.047
1.053
1.081
1.121
1.144
1.208
1.23
1.257
1.268
1.304
1.333
1.362
1.4
1.423
1.454
1.463
1.466
1.496
1.517
1.547
1.554
1.556
1.56
1.561
1.589
1.611
1.66
1.693
1.725
1.789
1.948
2.088
2.102
2.21
2.283
2.365
2.576
2.643
2.691
2.758
2.885
2.902
2.999
3.087
3.336
3.563
3.643
3.888
4.233
4.399
4.723
5.318
