0.152037
0.152037
0.152039
0.152039
0.152304
0.152304
0.153381
0.153381
0.155025
0.155025
0.156757
0.156757
0.166875
0.166875
0.172665
0.172665
0.174874
0.174874
0.176814
0.176814
0.183748
0.183748
0.19343
0.19343
0.197683
0.197683
0.19897
0.19897
0.207993
0.207993
0.236754
0.236754
0.240955
0.240955
0.245734
0.309783
0.309783
0.310101
0.310101
0.313209
0.33195
0.33195
0.337473
0.38332
0.399671
0.399671
0.407091
0.407091
0.418834
0.419022
0.419022
0.426266
0.426266
0.438462
0.438462
0.438835
0.442828
0.442828
0.446292
0.446292
0.467836
0.472461
0.472461
0.475675
0.475675
0.484727
0.484727
0.490033
0.492025
0.509453
0.509453
0.513342
0.513342
0.542682
0.550488
0.557922
0.585899
0.586156
0.586156
0.596636
0.599513
0.599513
0.600994
0.609763
0.646779
0.646779
0.647648
0.651812
0.651812
0.657657
0.672186
0.692049
0.692049
0.708422
0.708422
0.708697
0.715818
0.716313
0.716313
0.730297
0.733093
0.733093
0.73624
0.73624
0.74564
0.74564
0.751735
0.751735
0.755654
0.755654
0.763171
0.763171
0.764016
0.794762
0.794762
0.80418
0.80418
0.805617
0.808994
0.832523
0.835451
0.835451
0.851879
0.855153
0.855646
0.86391
0.88028
0.896084
0.9001
0.905783
0.905783
0.912559
0.912559
0.919652
0.927344
0.929741
0.942026
0.947811
0.949351
0.949351
0.97833
0.97833
0.997934
1.00322
1.02102
1.02202
1.02919
1.03392
1.03392
1.06243
1.06375
1.07416
1.07998
1.07998
1.08475
1.10731
1.12797
1.13434
1.13595
1.1502
1.1502
1.15984
1.16315
1.17203
1.17203
1.19086
1.20018
1.22054
1.23105
1.26586
1.26586
1.30043
1.34433
1.34472
1.36173
1.36173
1.36197
1.36398
1.36554
1.37341
1.40442
1.45613
1.50051
1.50162
1.5518
1.5586
1.57511
1.61026
1.61026
1.63641
1.67511
1.67511
1.70139
1.74747
1.80571
2.04452
2.17178
2.28975
2.31983
2.36363
