0.3028
0.3028
0.3028
0.3028
0.3028
0.3029
0.3029
0.3029
0.3032
0.3038
0.3053
0.3073
0.3091
0.3118
0.3152
0.318
0.3209
0.3253
0.3307
0.336
0.3421
0.3483
0.3546
0.3634
0.3687
0.3756
0.385
0.3923
0.3999
0.4088
0.4186
0.4276
0.4364
0.4454
0.4544
0.4645
0.4738
0.4832
0.4929
0.5028
0.5137
0.526
0.5374
0.5473
0.5588
0.569
0.5823
0.5962
0.6102
0.624
0.6376
0.6514
0.6648
0.6779
0.6941
0.7089
0.7247
0.7402
0.7546
0.7708
0.7864
0.802
0.8154
0.8311
0.847
0.8632
0.8774
0.8911
0.9082
0.9234
0.9397
0.954
0.9681
0.9865
1.0046
1.0225
1.0397
1.0592
1.0794
1.0998
1.1196
1.1385
1.1579
1.1769
1.1959
1.2147
1.2328
1.2519
1.2699
1.2913
1.311
1.3302
1.3494
1.37
1.3887
1.4099
1.4306
1.4512
1.4725
1.49
1.51
1.5315
1.5526
1.5717
1.5926
1.6113
1.6319
1.6564
1.6788
1.7015
1.7245
1.7488
1.7723
1.7983
1.8235
1.8451
1.8689
1.8951
1.921
1.9466
1.973
1.9985
2.0266
2.0534
2.0817
2.1078
2.1346
2.1614
2.1894
2.2153
2.244
2.2724
2.3029
2.3333
2.3609
2.3894
2.4195
2.4489
2.4794
2.5041
2.5334
2.5583
2.5864
2.6117
2.6403
2.6693
2.6989
2.7302
2.757
2.7873
2.8185
2.8468
2.8773
2.9084
2.9409
2.972
3.0014
3.0351
3.0695
3.1048
3.1413
3.1795
3.2138
3.2537
3.2933
3.3373
3.3801
3.4249
3.4672
3.5174
3.5687
3.6144
3.6647
3.7205
3.771
3.8304
3.8889
3.946
4.0034
4.0643
4.1276
4.1953
4.2728
4.3511
4.4284
4.5258
4.6347
4.7358
4.8536
4.9957
5.1523
5.31
5.4938
5.7058
5.9579
6.2647
6.9656
7.5676
8.9203
13.3368
