0.384
0.699
0.864
0.978
1.083
1.183
1.257
1.327
1.412
1.503
1.601
1.694
1.774
1.852
1.929
2.021
2.082
2.149
2.226
2.297
2.364
2.429
2.51
2.579
2.677
2.762
2.876
2.976
3.061
3.148
3.251
3.351
3.451
3.552
3.638
3.711
3.797
3.859
3.943
4.053
4.166
4.282
4.393
4.503
4.609
4.718
4.819
4.908
5.011
5.115
5.22
5.31
5.399
5.486
5.563
5.647
5.742
5.833
5.942
6.048
6.14
6.242
6.35
6.434
6.524
6.62
6.72
6.821
6.915
7.018
7.11
7.191
7.292
7.399
7.475
7.562
7.657
7.756
7.845
7.965
8.08
8.185
8.281
8.367
8.445
8.532
8.626
8.729
8.833
8.928
9.046
9.152
9.267
9.363
9.469
9.574
9.669
9.769
9.871
9.984
10.097
10.199
10.308
10.418
10.53
10.648
10.752
10.849
10.945
11.059
11.176
11.273
11.391
11.489
11.604
11.722
11.843
11.957
12.054
12.156
12.281
12.378
12.497
12.614
12.724
12.839
12.962
13.085
13.197
13.335
13.449
13.565
13.676
13.78
13.902
14.035
14.166
14.288
14.414
14.542
14.685
14.831
14.973
15.116
15.256
15.414
15.576
15.725
15.866
16.011
16.193
16.363
16.513
16.668
16.823
17.001
17.188
17.357
17.54
17.749
17.92
18.119
18.305
18.51
18.725
18.972
19.198
19.443
19.665
19.911
20.191
20.47
20.75
21.051
21.4
21.708
22.092
22.497
22.917
23.357
23.806
24.29
24.855
25.467
26.172
26.847
27.605
28.433
29.236
30.151
31.198
32.336
33.547
34.82
36.438
39.139
42.075
45.025
52.291
64.028
