0.63
0.78
0.87
0.99
1.08
1.14
1.26
1.31
1.31
1.33
1.33
1.33
1.35
1.36
1.38
1.46
1.54
1.55
1.58
1.6
1.62
1.63
1.64
1.69
1.72
1.76
1.78
1.81
1.89
1.92
1.98
2.03
2.06
2.08
2.08
2.08
2.09
2.11
2.12
2.14
2.16
2.16
2.19
2.21
2.21
2.22
2.24
2.25
2.27
2.32
2.38
2.4
2.41
2.43
2.45
2.47
2.47
2.49
2.5
2.52
2.53
2.53
2.54
2.55
2.55
2.55
2.55
2.56
2.57
2.58
2.59
2.62
2.67
2.71
2.8
2.84
2.92
2.94
2.94
2.95
2.95
2.97
2.98
3.0
3.02
3.03
3.04
3.06
3.08
3.1
3.1
3.1
3.11
3.12
3.13
3.13
3.13
3.14
3.15
3.17
3.17
3.2
3.21
3.25
3.29
3.29
3.31
3.32
3.33
3.33
3.34
3.36
3.36
3.38
3.42
3.48
3.51
3.59
3.64
3.66
3.73
3.77
3.79
3.82
3.85
3.88
3.89
3.94
3.95
3.95
3.96
4.01
4.01
4.01
4.03
4.04
4.06
4.08
4.09
4.1
4.11
4.14
4.16
4.23
4.26
4.31
4.4
4.46
4.54
4.58
4.64
4.68
4.7
4.74
4.78
4.8
4.82
4.86
4.87
4.91
4.95
5.02
5.13
5.19
5.22
5.3
5.37
5.48
5.53
5.61
5.64
5.72
5.79
5.9
5.96
6.07
6.18
6.29
6.37
6.51
6.66
6.8
7.04
7.29
7.46
7.74
8.01
8.26
8.43
8.79
9.21
9.58
10.2
10.9
12.71
14.36
17.69
20.26
23.14
27.79
