0.307
0.307
0.307
0.307
0.307
0.30725
0.30725
0.30725
0.3075
0.30875
0.31025
0.313
0.315
0.318
0.32075
0.32325
0.32525
0.32925
0.334
0.33825
0.3435
0.35025
0.35675
0.36575
0.3715
0.3775
0.39025
0.3985
0.4055
0.41225
0.42
0.42825
0.434
0.443
0.4525
0.461
0.47
0.47925
0.48725
0.4975
0.50775
0.51825
0.526
0.53775
0.54775
0.55625
0.56975
0.58325
0.594
0.60525
0.6175
0.6295
0.6425
0.65275
0.66975
0.6825
0.69825
0.71375
0.7275
0.743
0.758
0.77275
0.787
0.80225
0.8185
0.8315
0.8465
0.85875
0.875
0.8865
0.9015
0.915
0.9295
0.94775
0.9645
0.98175
0.99425
1.0115
1.02975
1.04925
1.06775
1.0855
1.10575
1.12175
1.138
1.15525
1.17325
1.187
1.20525
1.227
1.24525
1.2615
1.2805
1.30075
1.3175
1.3355
1.35625
1.3765
1.3985
1.41525
1.43275
1.455
1.4745
1.49125
1.51175
1.5295
1.54825
1.56425
1.5855
1.6075
1.63225
1.65175
1.67075
1.69125
1.711
1.7295
1.75
1.77225
1.79425
1.81625
1.838
1.8585
1.87725
1.89775
1.919
1.94125
1.965
1.9865
2.00975
2.028
2.05025
2.0715
2.09225
2.11825
2.13725
2.15825
2.1805
2.20325
2.22475
2.241
2.26375
2.2835
2.3065
2.32825
2.351
2.37475
2.39625
2.426
2.44825
2.4745
2.49625
2.52025
2.546
2.574
2.5975
2.62575
2.65275
2.67975
2.71275
2.745
2.77525
2.807
2.833
2.8685
2.89475
2.92875
2.9625
3.003
3.03725
3.07925
3.11825
3.15425
3.18875
3.22625
3.25825
3.2925
3.32875
3.3705
3.41025
3.45475
3.50475
3.55575
3.622
3.69775
3.76675
3.86375
3.9865
4.0955
4.185
4.3065
4.47
4.60525
4.79525
4.993
5.303
5.5925
6.54625
7.423
8.04625
14.841
