0.01
0.09
0.28
0.44
0.56
0.66
0.72
0.77
0.78
0.79
0.81
0.82
0.84
0.84
0.85
0.85
0.85
0.86
0.86
0.86
0.87
0.88
0.88
0.88
0.9
0.91
0.92
0.97
1
1.01
1.03
1.03
1.09
1.13
1.15
1.17
1.2
1.2
1.21
1.25
1.26
1.28
1.32
1.34
1.34
1.35
1.37
1.37
1.42
1.45
1.46
1.49
1.5
1.52
1.55
1.57
1.6
1.62
1.64
1.66
1.68
1.68
1.7
1.73
1.77
1.8
1.84
1.87
1.89
1.92
1.94
1.95
1.96
1.98
2
2.01
2.02
2.04
2.06
2.07
2.11
2.12
2.13
2.14
2.16
2.17
2.2
2.23
2.25
2.27
2.29
2.31
2.38
2.41
2.43
2.46
2.48
2.52
2.53
2.55
2.56
2.57
2.58
2.6
2.61
2.62
2.65
2.69
2.75
2.84
2.85
2.88
2.93
2.93
2.96
3.04
3.07
3.11
3.14
3.17
3.19
3.2
3.24
3.25
3.25
3.26
3.28
3.32
3.34
3.37
3.42
3.43
3.45
3.5
3.55
3.56
3.6
3.62
3.68
3.69
3.76
3.84
3.92
3.94
4.02
4.06
4.1
4.16
4.21
4.23
4.26
4.37
4.41
4.51
4.56
4.65
4.67
4.75
4.79
4.84
4.89
4.95
5
5.06
5.15
5.23
5.27
5.32
5.38
5.49
5.59
5.72
5.83
5.94
6.07
6.19
6.36
6.49
6.66
6.82
6.97
7.05
7.18
7.39
7.6
7.82
8.16
8.45
8.87
9.66
10.56
11.1
12.01
13.12
14.49
16.89
19.53
22.36
25.34
28.58
