0.150288
0.150288
0.154054
0.154054
0.154079
0.154079
0.154883
0.154883
0.167854
0.167854
0.18011
0.18011
0.185382
0.185382
0.192547
0.192547
0.193207
0.193207
0.194335
0.194335
0.198157
0.209019
0.209019
0.211378
0.211378
0.211869
0.215052
0.215052
0.21741
0.21741
0.217727
0.235768
0.235768
0.240002
0.245188
0.245188
0.28502
0.303834
0.303834
0.31194
0.323549
0.337496
0.337496
0.337723
0.337723
0.349195
0.349195
0.371858
0.377469
0.382124
0.382124
0.382943
0.382943
0.395323
0.395323
0.426532
0.426532
0.427132
0.427132
0.443831
0.443831
0.450614
0.450614
0.451292
0.451292
0.453471
0.453471
0.453488
0.468097
0.468097
0.480692
0.490868
0.490868
0.506443
0.506443
0.517491
0.517933
0.52591
0.529038
0.532412
0.535355
0.539859
0.549811
0.552667
0.552667
0.559146
0.563792
0.563792
0.565557
0.567736
0.567736
0.569309
0.569309
0.5789
0.5789
0.596958
0.596958
0.601194
0.601194
0.602753
0.602753
0.605924
0.605924
0.606248
0.608577
0.612463
0.618256
0.627022
0.630635
0.639915
0.644179
0.655929
0.655929
0.679533
0.69382
0.700891
0.702228
0.702228
0.718265
0.718265
0.719387
0.719387
0.719978
0.746829
0.747944
0.76254
0.771282
0.794359
0.794359
0.81384
0.81384
0.81749
0.824765
0.831711
0.837217
0.838343
0.839478
0.839478
0.845074
0.845469
0.846756
0.856203
0.856203
0.866108
0.866108
0.871459
0.871459
0.874002
0.906135
0.958934
0.958934
0.970925
0.970925
1.00105
1.01421
1.02662
1.02989
1.03783
1.04735
1.04933
1.04933
1.06188
1.09341
1.09341
1.10265
1.12175
1.1529
1.15771
1.15771
1.17289
1.17289
1.20054
1.21405
1.25035
1.25875
1.25875
1.26934
1.26934
1.27653
1.29347
1.2951
1.29833
1.43714
1.52341
1.67319
1.67319
1.69856
1.70706
1.71607
1.71607
1.73453
1.82115
1.86579
1.94438
2.00818
2.16906
2.35079
2.41814
2.74555
3.0935
