0.165341
0.165341
0.165873
0.165873
0.195534
0.195534
0.201675
0.201675
0.214664
0.214664
0.214935
0.214935
0.237246
0.237246
0.25513
0.25513
0.263249
0.263249
0.277882
0.277882
0.283041
0.283041
0.295211
0.316386
0.316765
0.316765
0.318666
0.318666
0.320548
0.333794
0.333794
0.345356
0.345356
0.360209
0.360209
0.365625
0.365625
0.37168
0.37168
0.373379
0.373379
0.374491
0.374491
0.379841
0.379841
0.383596
0.383596
0.38783
0.38783
0.391766
0.401089
0.401089
0.40745
0.40745
0.424457
0.424457
0.433143
0.433143
0.44129
0.44129
0.442066
0.442066
0.450291
0.470301
0.470301
0.475289
0.475289
0.475562
0.475562
0.47618
0.47618
0.479572
0.479572
0.493942
0.50005
0.50357
0.50357
0.515371
0.515371
0.528756
0.528756
0.530269
0.532682
0.548118
0.558212
0.56058
0.56058
0.566272
0.566272
0.575218
0.581979
0.595785
0.595785
0.601008
0.612675
0.615656
0.619539
0.619826
0.635355
0.646463
0.646463
0.653109
0.65369
0.65369
0.655652
0.680737
0.691812
0.700187
0.700187
0.70872
0.717575
0.717575
0.727549
0.727549
0.728399
0.736023
0.736023
0.747538
0.752675
0.763298
0.763972
0.763972
0.765608
0.767976
0.768849
0.768849
0.773595
0.779396
0.784177
0.786295
0.788945
0.792873
0.800433
0.800932
0.802782
0.810496
0.810496
0.813848
0.813848
0.821048
0.821048
0.833472
0.834109
0.846984
0.851146
0.853613
0.853613
0.853953
0.860663
0.861012
0.931672
0.939091
0.981498
0.984061
0.984061
1.01717
1.02633
1.03212
1.04609
1.06775
1.07482
1.11277
1.11277
1.13815
1.15017
1.19551
1.19904
1.20608
1.21726
1.22161
1.22318
1.25566
1.25566
1.28212
1.28212
1.28815
1.28857
1.2971
1.32281
1.32417
1.35433
1.37269
1.39007
1.40523
1.41608
1.45848
1.46333
1.55302
1.58867
1.61507
1.67275
1.67275
1.76591
1.79765
1.88269
1.89091
1.90487
2.07302
2.08237
2.95946
