0.152876
0.152876
0.163842
0.163842
0.176423
0.176423
0.198843
0.198843
0.209478
0.209478
0.229531
0.229531
0.237501
0.237501
0.2399
0.2399
0.279853
0.279853
0.311519
0.311519
0.31697
0.31697
0.317191
0.319318
0.321817
0.321817
0.328113
0.328113
0.330097
0.330097
0.335271
0.335271
0.338654
0.338654
0.339712
0.339712
0.362102
0.363494
0.363494
0.367754
0.367977
0.385436
0.386711
0.386711
0.387425
0.394335
0.394335
0.395594
0.395594
0.398575
0.398575
0.404698
0.404698
0.407846
0.407846
0.413753
0.413753
0.42471
0.42471
0.431695
0.431695
0.451452
0.451452
0.456953
0.460787
0.466321
0.470306
0.470306
0.493352
0.494972
0.494972
0.495025
0.495025
0.510795
0.510795
0.511125
0.512593
0.512593
0.520493
0.520493
0.524118
0.524118
0.526808
0.531483
0.538853
0.538853
0.541701
0.541701
0.578724
0.578724
0.587769
0.587769
0.593769
0.593769
0.59448
0.594882
0.594882
0.595867
0.595867
0.596065
0.602409
0.602667
0.602667
0.625655
0.625655
0.633432
0.634491
0.651034
0.661668
0.661668
0.685652
0.685652
0.688526
0.688526
0.694138
0.694138
0.707271
0.708217
0.708217
0.708443
0.708443
0.712156
0.71607
0.724332
0.725789
0.729215
0.732339
0.734652
0.736849
0.738862
0.742908
0.748621
0.748621
0.767725
0.797413
0.801505
0.801505
0.815242
0.826016
0.828033
0.849174
0.849174
0.860479
0.868752
0.880582
0.880787
0.880787
0.887304
0.901321
0.912522
0.92333
0.942015
0.942015
0.955704
0.962327
0.962327
0.964906
0.970192
0.970192
0.985484
0.999709
0.999709
1.00216
1.05745
1.0619
1.06769
1.09013
1.10192
1.11573
1.14283
1.15132
1.17221
1.17912
1.19173
1.20231
1.20231
1.20774
1.26239
1.28727
1.28941
1.30924
1.33423
1.37983
1.42059
1.44164
1.46315
1.52927
1.52927
1.53019
1.5831
1.59225
1.70069
1.71408
1.71408
1.85988
1.86387
2.00207
2.18226
2.42252
2.98846
