0
0
0
0.08
0.24
0.4
0.48
0.54
0.56
0.58
0.62
0.64
0.68
0.68
0.7
0.7
0.7
0.72
0.72
0.72
0.74
0.76
0.76
0.76
0.76
0.76
0.78
0.8
0.8
0.82
0.82
0.82
0.84
0.86
0.86
0.86
0.88
0.88
0.88
0.9
0.9
0.92
0.96
0.98
0.98
1
1.02
1.02
1.1
1.12
1.12
1.18
1.18
1.2
1.24
1.26
1.26
1.28
1.32
1.36
1.36
1.36
1.4
1.42
1.42
1.44
1.46
1.46
1.48
1.48
1.5
1.5
1.52
1.54
1.56
1.58
1.6
1.62
1.66
1.66
1.72
1.72
1.74
1.76
1.76
1.78
1.84
1.84
1.84
1.84
1.86
1.86
1.86
1.88
1.88
1.88
1.88
1.88
1.9
1.92
1.92
1.92
1.92
1.92
1.92
1.92
1.94
2
2.06
2.16
2.16
2.2
2.26
2.26
2.26
2.32
2.36
2.4
2.42
2.44
2.46
2.46
2.46
2.46
2.46
2.46
2.46
2.46
2.48
2.52
2.52
2.52
2.54
2.54
2.54
2.54
2.54
2.54
2.62
2.62
2.68
2.76
2.8
2.8
2.86
2.9
2.9
2.96
3
3.02
3.08
3.14
3.18
3.28
3.28
3.34
3.36
3.42
3.42
3.42
3.42
3.44
3.46
3.48
3.5
3.56
3.56
3.62
3.64
3.72
3.8
3.9
4
4.1
4.24
4.26
4.38
4.42
4.54
4.6
4.76
4.78
4.86
5
5.16
5.32
5.52
5.66
5.9
6.22
6.72
7.08
7.48
8.2
8.74
9.52
10.74
12.1
12.96
15.04
