0.6833
1.0287
1.223
1.3805
1.5218
1.6545
1.7807
1.907
2.0311
2.1511
2.2712
2.3873
2.5014
2.6132
2.7208
2.8268
2.9335
3.037
3.1439
3.2521
3.3542
3.4534
3.5544
3.6474
3.7447
3.8444
3.9421
4.0399
4.1379
4.2317
4.3273
4.4269
4.5285
4.6321
4.7269
4.8186
4.9175
5.0102
5.0969
5.1943
5.2888
5.3799
5.4753
5.5705
5.6635
5.7525
5.8492
5.9398
6.0283
6.1176
6.2094
6.2944
6.3836
6.4734
6.5612
6.6433
6.7307
6.8187
6.9095
7.0005
7.09
7.1807
7.269
7.3588
7.4454
7.5341
7.6204
7.7111
7.7952
7.8798
7.9625
8.0427
8.1272
8.2153
8.3011
8.3868
8.4742
8.5639
8.6528
8.7427
8.8361
8.9234
9.0084
9.0923
9.1773
9.2621
9.3496
9.4438
9.5308
9.6178
9.7078
9.7996
9.8935
9.9865
10.0743
10.1658
10.2577
10.3449
10.4344
10.5236
10.6177
10.71
10.8004
10.8941
10.9846
11.0817
11.1673
11.2608
11.3634
11.4592
11.5533
11.6476
11.7416
11.837
11.9306
12.0315
12.1284
12.2317
12.3273
12.4223
12.5286
12.6318
12.737
12.839
12.9488
13.054
13.1659
13.2752
13.3842
13.4967
13.6094
13.7238
13.8406
13.9558
14.0712
14.1916
14.3119
14.4273
14.5495
14.6697
14.8023
14.9358
15.0674
15.2012
15.3376
15.4781
15.6236
15.768
15.9096
16.0578
16.2081
16.366
16.5211
16.6837
16.8485
17.013
17.183
17.3591
17.5413
17.7356
17.9232
18.116
18.3168
18.526
18.7474
18.9655
19.1889
19.4272
19.6688
19.9275
20.1921
20.4633
20.7464
21.039
21.3546
21.6744
22.015
22.3705
22.7552
23.1558
23.5801
24.031
24.5202
25.0339
25.5926
26.1722
26.8256
27.5362
28.3014
29.1749
30.1636
31.3621
32.7579
34.3187
36.182
38.4287
41.3082
45.727
55.4297
69.1892
