0.152002
0.152002
0.154049
0.154049
0.156056
0.156056
0.16644
0.16644
0.168641
0.168641
0.180531
0.180531
0.186907
0.186907
0.190667
0.190667
0.19565
0.19565
0.217761
0.217761
0.222081
0.222081
0.223953
0.223953
0.226564
0.226564
0.235544
0.235544
0.247505
0.248617
0.248617
0.256874
0.256874
0.265278
0.265278
0.267872
0.267872
0.272135
0.272135
0.278051
0.279679
0.281708
0.281708
0.282395
0.287605
0.296376
0.296376
0.296411
0.296411
0.319431
0.319431
0.325256
0.325256
0.336143
0.347096
0.350605
0.350605
0.352765
0.352765
0.352804
0.352804
0.361214
0.361214
0.365935
0.365935
0.367006
0.367006
0.367972
0.372535
0.377584
0.381238
0.381238
0.38698
0.38698
0.388076
0.388076
0.388734
0.388734
0.391122
0.394707
0.394707
0.405915
0.405915
0.409317
0.409317
0.410129
0.410129
0.412599
0.415067
0.415067
0.418048
0.418048
0.419899
0.420772
0.420772
0.429998
0.429998
0.431104
0.431104
0.434259
0.434259
0.438591
0.441154
0.442727
0.44676
0.448238
0.448238
0.45527
0.45527
0.460361
0.463053
0.463053
0.465474
0.465842
0.465842
0.467827
0.467827
0.468936
0.468936
0.471859
0.475717
0.475717
0.475771
0.478114
0.478209
0.478209
0.479781
0.484164
0.487623
0.49087
0.49087
0.498808
0.498808
0.498911
0.498911
0.505345
0.508986
0.509815
0.511051
0.511051
0.511664
0.512242
0.512242
0.518936
0.518936
0.519857
0.519857
0.526162
0.526162
0.527722
0.527722
0.530891
0.530891
0.531973
0.531973
0.533292
0.533476
0.539128
0.541678
0.543408
0.543997
0.543997
0.54631
0.54631
0.547074
0.547074
0.551081
0.551081
0.552622
0.556308
0.557151
0.559836
0.559836
0.577085
0.584068
0.58449
0.58449
0.589655
0.589655
0.59395
0.594746
0.596548
0.597956
0.599017
0.602846
0.602846
0.606824
0.606824
0.61459
0.61459
0.619154
0.637143
0.637143
0.644369
0.646064
0.651993
0.653243
0.654681
0.654681
0.656709
0.656709
0.65706
0.661261
0.668538
0.670358
0.670358
0.67569
0.677748
0.682815
0.683084
0.712897
0.715184
0.715184
0.715506
0.715506
0.727628
0.727628
0.729274
0.732794
0.740685
0.74085
0.743431
0.749835
0.760807
0.764469
0.76583
0.770132
0.77278
0.775088
0.775088
0.785703
0.790432
0.796495
0.796495
0.79717
0.801192
0.801192
0.810594
0.81963
0.832151
0.832825
0.844446
0.84501
0.849466
0.855334
0.861835
0.861835
0.880728
0.898006
0.904944
0.91269
0.91561
0.918218
0.922021
0.931235
0.935477
0.93637
0.961594
0.965259
0.969496
0.969496
0.977972
0.989549
0.995685
1.00088
1.01606
1.01606
1.04076
1.04076
1.05515
1.05853
1.07389
1.07713
1.08532
1.10477
1.13196
1.13196
1.15428
1.15428
1.1565
1.16657
1.16803
1.173
1.17553
1.20407
1.20472
1.26949
1.31016
1.31499
1.32988
1.33375
1.36462
1.41901
1.47398
1.49525
1.52971
1.54977
1.54977
1.62253
2.02431
