0.02
0.04
0.09
0.16
0.35
0.51
0.65
0.74
0.87
0.91
0.96
0.98
0.98
0.98
0.98
0.98
0.98
0.98
0.98
0.98
0.98
0.98
0.98
0.98
0.98
0.98
0.98
0.98
0.98
0.98
0.98
0.98
0.98
0.98
0.98
0.98
0.98
0.98
0.98
0.98
0.98
0.98
0.98
0.98
0.98
0.98
0.98
0.98
0.98
0.98
0.98
0.98
0.98
0.98
0.98
0.98
0.98
0.98
0.99
1.0
1.0
1.04
1.09
1.14
1.18
1.2
1.25
1.26
1.27
1.3
1.36
1.38
1.48
1.66
1.77
1.83
1.88
1.9
1.94
1.94
1.95
1.96
1.96
1.96
1.96
1.96
1.96
1.96
1.96
1.96
1.96
1.96
1.96
1.96
1.96
1.96
1.96
1.96
1.96
1.96
1.96
1.96
1.96
1.96
1.96
1.96
1.96
1.96
1.96
1.96
1.96
1.96
1.96
1.96
1.96
1.96
1.96
1.96
1.96
1.96
1.96
1.96
1.96
1.96
1.96
1.96
1.96
1.96
1.97
1.97
1.99
2.01
2.05
2.08
2.11
2.15
2.18
2.18
2.22
2.27
2.33
2.36
2.42
2.48
2.51
2.56
2.59
2.64
2.72
2.83
2.85
2.86
2.9
2.94
2.94
2.94
2.94
2.94
2.94
2.94
2.94
2.94
2.94
2.94
2.94
2.94
2.94
2.94
2.94
2.94
2.94
2.94
2.94
2.94
2.94
2.94
2.94
2.94
2.94
2.94
2.94
2.94
2.94
2.95
2.96
2.96
2.98
3.01
3.04
3.07
3.07
3.11
3.15
3.15
3.16
3.18
3.19
3.24
3.34
3.39
3.45
3.5
3.56
3.63
3.67
3.7
3.75
3.78
3.81
3.88
3.9
3.9
3.91
3.92
3.92
3.93
3.93
3.94
3.97
4.02
4.04
4.06
4.11
4.12
4.16
4.18
4.2
4.22
4.24
4.27
4.29
4.34
4.4
4.48
4.5
4.54
4.59
4.62
4.64
4.68
4.7
4.75
4.83
4.89
4.93
4.97
4.99
5.02
5.06
5.12
5.22
5.31
5.38
5.44
5.53
5.58
5.64
5.67
5.71
5.74
5.78
5.81
5.97
6.09
6.25
6.37
6.55
6.61
6.67
6.86
7.11
7.55
