0.153641
0.153641
0.15923
0.15923
0.165415
0.165426
0.171893
0.172073
0.178489
0.178629
0.187191
0.187451
0.194788
0.195426
0.201557
0.202305
0.208088
0.20907
0.214859
0.21678
0.223136
0.22536
0.229621
0.231967
0.237279
0.240037
0.244389
0.246488
0.25079
0.252754
0.257152
0.25961
0.263695
0.266301
0.269676
0.272586
0.275199
0.278165
0.280707
0.285013
0.287905
0.291498
0.293755
0.296972
0.298412
0.30174
0.303743
0.30619
0.30897
0.311613
0.315229
0.318068
0.320811
0.324139
0.32724
0.329319
0.33275
0.334856
0.337475
0.340219
0.342687
0.344848
0.348874
0.35168
0.354607
0.357763
0.360132
0.362741
0.365317
0.367433
0.370137
0.371726
0.374193
0.37662
0.379776
0.382452
0.384985
0.386982
0.388466
0.390491
0.392136
0.39444
0.395652
0.398054
0.39965
0.401934
0.403336
0.405383
0.407261
0.409233
0.411167
0.413305
0.415191
0.416883
0.418776
0.420865
0.423103
0.424936
0.426888
0.429447
0.432607
0.434197
0.436686
0.438806
0.441124
0.443278
0.445284
0.447572
0.44963
0.451438
0.453773
0.455936
0.457658
0.459656
0.461905
0.463835
0.465742
0.467865
0.469717
0.472073
0.474228
0.476166
0.478825
0.481603
0.48443
0.48662
0.488975
0.491013
0.493653
0.495209
0.497252
0.499491
0.502273
0.504167
0.506417
0.508846
0.511201
0.513914
0.516155
0.518465
0.520453
0.523091
0.525366
0.527724
0.529563
0.531786
0.533509
0.53571
0.537237
0.539023
0.541368
0.543125
0.545269
0.547741
0.550557
0.552338
0.555161
0.557343
0.55943
0.562218
0.564552
0.567248
0.569372
0.571894
0.574699
0.576945
0.57944
0.581708
0.583709
0.586242
0.588029
0.590653
0.592628
0.595457
0.597638
0.5997
0.601756
0.604577
0.607102
0.609845
0.612482
0.61463
0.617546
0.619958
0.622232
0.625004
0.627317
0.630075
0.633078
0.635861
0.638261
0.641372
0.643723
0.646011
0.648619
0.65166
0.654444
0.658027
0.661518
0.664678
0.667781
0.670563
0.673638
0.676895
0.68036
0.68403
0.688458
0.691416
0.694257
0.697774
0.701829
0.704303
0.707437
0.711337
0.713491
0.717592
0.721146
0.723892
0.727149
0.730504
0.734706
0.737645
0.741936
0.745931
0.749479
0.754012
0.7575
0.761364
0.765557
0.769899
0.774421
0.779107
0.784489
0.790562
0.796068
0.801961
0.806947
0.81287
0.819741
0.826542
0.833211
0.839352
0.844978
0.851297
0.857749
0.863448
0.868766
0.87532
0.881671
0.888002
0.893363
0.899508
0.905976
0.91321
0.919237
0.925345
0.931897
0.938803
0.944635
0.951949
0.958394
0.96589
0.972344
0.978533
0.986611
0.993455
1.00131
1.00891
1.01816
1.02537
1.03298
1.03942
1.04578
1.05341
1.06038
1.07037
1.08418
1.09507
1.10774
1.12164
1.13302
1.14871
1.16363
1.17823
1.19787
1.21927
1.23883
1.25777
1.27739
1.30285
1.32081
1.34015
1.36007
1.38516
1.41089
1.43663
1.47318
1.56985
1.65123
1.83118
