0.07
0.29
0.44
0.54
0.57
0.62
0.63
0.66
0.67
0.7
0.72
0.74
0.76
0.79
0.85
0.85
0.86
0.86
0.86
0.87
0.91
0.92
0.93
0.95
0.95
0.95
0.97
0.99
1.03
1.1
1.14
1.19
1.25
1.3
1.36
1.38
1.4
1.42
1.42
1.45
1.46
1.48
1.49
1.49
1.49
1.51
1.51
1.53
1.53
1.54
1.55
1.59
1.62
1.65
1.66
1.7
1.74
1.75
1.76
1.77
1.78
1.81
1.83
1.84
1.86
1.87
1.89
1.9
1.93
1.99
2.01
2.06
2.11
2.14
2.16
2.19
2.23
2.24
2.25
2.26
2.28
2.31
2.35
2.39
2.46
2.46
2.5
2.52
2.58
2.62
2.64
2.68
2.69
2.73
2.74
2.78
2.8
2.82
2.87
2.89
2.93
2.94
2.97
2.99
3.02
3.03
3.03
3.09
3.1
3.12
3.13
3.14
3.17
3.18
3.19
3.2
3.21
3.23
3.25
3.27
3.27
3.27
3.29
3.3
3.34
3.38
3.4
3.45
3.47
3.52
3.56
3.6
3.6
3.64
3.66
3.67
3.67
3.68
3.7
3.73
3.75
3.77
3.78
3.81
3.83
3.87
3.88
3.89
3.93
3.97
4
4.06
4.11
4.16
4.23
4.26
4.31
4.37
4.4
4.44
4.48
4.51
4.54
4.59
4.6
4.6
4.61
4.63
4.64
4.69
4.7
4.74
4.78
4.8
4.84
4.9
4.98
5.03
5.06
5.07
5.08
5.1
5.14
5.18
5.21
5.23
5.25
5.28
5.32
5.38
5.4
5.45
5.47
5.53
5.56
5.59
5.64
5.67
5.72
5.78
5.88
5.96
6.05
6.1
6.13
6.19
6.24
6.3
6.4
6.44
6.44
6.49
6.54
6.58
6.61
6.65
6.71
6.79
6.85
6.92
7.04
7.08
7.16
7.27
7.36
7.4
7.44
7.48
7.52
7.62
7.66
7.67
7.79
7.86
7.97
8.07
8.18
8.27
8.34
8.41
8.46
8.59
8.66
8.74
8.82
8.94
9
9.04
9.13
9.19
9.26
9.35
9.48
9.55
9.67
9.79
9.89
9.96
10
10.15
10.22
10.32
10.42
10.61
10.71
10.79
10.86
10.94
11.08
11.21
11.34
11.52
11.65
11.88
12.01
12.13
12.26
12.45
12.65
12.87
13.06
13.33
13.62
13.95
14.14
14.43
14.76
15.25
15.72
16.13
17.05
18.05
19.01
19.85
21.56
23.65
26.63
29.41
32.85
39.82
