0.57
0.77
0.86
0.89
0.9
0.9
0.91
0.91
0.91
0.92
0.96
0.99
1.02
1.07
1.12
1.18
1.21
1.25
1.26
1.29
1.33
1.33
1.33
1.36
1.4
1.43
1.44
1.47
1.47
1.5
1.52
1.55
1.57
1.57
1.58
1.59
1.6
1.61
1.64
1.67
1.69
1.71
1.72
1.72
1.76
1.77
1.79
1.8
1.81
1.82
1.83
1.83
1.84
1.84
1.84
1.84
1.84
1.86
1.86
1.89
1.9
1.96
1.99
2.05
2.08
2.13
2.15
2.21
2.23
2.24
2.26
2.26
2.26
2.26
2.28
2.28
2.28
2.29
2.31
2.31
2.32
2.32
2.32
2.32
2.32
2.35
2.36
2.37
2.37
2.39
2.39
2.41
2.42
2.44
2.46
2.47
2.49
2.49
2.52
2.52
2.53
2.53
2.56
2.58
2.59
2.62
2.62
2.64
2.64
2.64
2.64
2.64
2.65
2.67
2.67
2.67
2.68
2.69
2.7
2.7
2.71
2.74
2.75
2.76
2.76
2.76
2.77
2.79
2.79
2.82
2.84
2.86
2.9
2.9
2.93
3
3.03
3.05
3.05
3.07
3.1
3.12
3.13
3.14
3.16
3.19
3.21
3.22
3.24
3.24
3.24
3.24
3.24
3.25
3.28
3.28
3.29
3.3
3.3
3.31
3.32
3.34
3.35
3.36
3.37
3.4
3.4
3.4
3.4
3.4
3.4
3.42
3.42
3.44
3.45
3.46
3.48
3.51
3.52
3.55
3.58
3.59
3.59
3.59
3.61
3.64
3.68
3.69
3.71
3.72
3.73
3.74
3.78
3.81
3.82
3.85
3.89
3.91
3.94
3.96
3.99
4.01
4.03
4.04
4.06
4.08
4.11
4.13
4.15
4.16
4.18
4.21
4.23
4.24
4.26
4.27
4.28
4.31
4.33
4.35
4.37
4.37
4.38
4.41
4.41
4.43
4.44
4.44
4.46
4.5
4.54
4.57
4.62
4.62
4.65
4.66
4.68
4.69
4.7
4.7
4.71
4.74
4.81
4.83
4.89
4.93
5
5.02
5.07
5.08
5.09
5.1
5.13
5.13
5.17
5.21
5.27
5.33
5.36
5.38
5.4
5.45
5.48
5.51
5.55
5.57
5.63
5.66
5.69
5.74
5.78
5.83
5.89
5.96
6.02
6.05
6.09
6.18
6.23
6.34
6.38
6.44
6.47
6.5
6.56
6.62
6.72
6.86
6.99
7.29
7.75
8.08
8.87
9.68
11.66
12.69
14.83
17.12
22.2
24.7
