0.272716
0.272716
0.274909
0.274909
0.298318
0.298318
0.333527
0.333645
0.333645
0.398021
0.398021
0.404753
0.404753
0.418457
0.418457
0.448253
0.448253
0.455934
0.455934
0.468609
0.498059
0.498059
0.534747
0.534747
0.542916
0.542916
0.585195
0.619604
0.619604
0.636008
0.673834
0.67554
0.67554
0.68979
0.68979
0.709661
0.713419
0.729362
0.779018
0.779018
0.7808
0.845478
0.861802
0.868316
0.868316
0.877601
0.9138
0.9138
0.922656
0.922656
0.932387
0.932387
0.933945
0.936721
0.949891
0.949891
0.970526
0.984381
0.987742
0.987742
0.991666
1.05762
1.1092
1.1092
1.11191
1.15827
1.15955
1.15955
1.17762
1.1827
1.21039
1.211
1.28962
1.33426
1.37715
1.40222
1.40222
1.41403
1.41403
1.44693
1.44739
1.45273
1.45813
1.59974
1.62432
1.62432
1.64524
1.70498
1.79842
1.81685
1.81685
2.06092
2.26458
2.29532
2.47951
2.86642
2.87919
2.92289
3.13892
3.41114
