0.282125
0.282125
0.297601
0.297601
0.314203
0.314203
0.382065
0.382065
0.394782
0.394782
0.423759
0.423759
0.439798
0.439798
0.446004
0.446004
0.462018
0.462018
0.470847
0.470847
0.489868
0.490927
0.490927
0.561035
0.561035
0.593273
0.612805
0.654849
0.654849
0.663293
0.703996
0.705373
0.711649
0.720543
0.720543
0.757617
0.757617
0.760002
0.765586
0.80681
0.826125
0.826125
0.829348
0.843892
0.843892
0.871732
0.872966
0.895498
0.902328
0.902328
0.950073
0.971703
0.980808
0.980808
0.998074
1.06487
1.11163
1.13126
1.13126
1.13148
1.143
1.143
1.14363
1.14754
1.14997
1.15488
1.15488
1.22121
1.22121
1.23276
1.23276
1.24751
1.25785
1.26936
1.26936
1.29251
1.30005
1.30338
1.35464
1.38584
1.44605
1.48661
1.48686
1.48686
1.52971
1.52971
1.53939
1.75228
1.83905
1.83905
1.96143
2.15341
2.16478
2.19959
2.26448
2.55662
2.73868
2.91706
2.98359
3.46632
