0.328
0.328
0.328
0.328
0.328
0.328
0.328
0.33
0.334
0.334
0.336
0.337
0.337
0.337
0.337
0.338
0.338
0.342
0.342
0.343
0.346
0.348
0.349
0.353
0.354
0.358
0.364
0.37
0.375
0.387
0.407
0.423
0.44
0.452
0.467
0.471
0.489
0.533
0.548
0.552
0.562
0.578
0.637
0.655
0.722
0.722
0.723
0.724
0.728
0.731
0.747
0.818
0.819
0.821
0.833
0.902
0.91
0.913
0.914
0.914
0.99
1
1
1
1
1
1
1
1
1
1
1
1
1
1
1
1
1
1
1
1.001
1.001
1.001
1.001
1.001
1.001
1.001
1.001
1.001
1.002
1.002
1.002
1.002
1.002
1.003
1.004
1.008
1.016
1.032
1.125
