1
1
1
1
1
1
1
1
1
1
1
1
1
1
1
1
1
1
1
1
1
1
1
1
1
1
1
1
1
1
1
1
1
1
1
1
1
1
1
1
1
1
1
1
1
1
1
1
1
1
1
1
1
1
1
1
1
1
1
1
1
1
1
1
1
1
1
1
1
1
1
1
1
1
1
1
1
1
1
1
1
1
1
1
1
1
1
1
1
1
1
1
1
1
1
1
1
1
1
1
1
1
1
1
1
1
1
1
1
1
1
1
1
1
1
1
1
1
1
1
1
1
1
1
1
1
1
1
1
1
1
1
1
1.005
1.008
1.027
1.081
1.082
1.084
1.087
1.087
1.092
1.094
1.111
1.171
1.173
1.178
1.184
1.19
1.261
1.265
1.274
1.281
1.282
1.359
1.436
1.451
1.457
1.462
1.468
1.468
1.537
1.547
1.553
1.555
1.624
1.641
1.711
1.791
1.808
1.814
1.818
1.882
1.957
1.972
1.983
2.046
2.106
2.126
2.186
2.196
2.208
2.266
2.281
2.381
2.519
2.647
2.7
2.759
2.827
2.928
3.052
3.213
3.343
3.506
3.605
3.773
4.419
4.648
4.979
