0.159511
0.159511
0.173399
0.173772
0.186615
0.187926
0.198681
0.20058
0.211399
0.212839
0.224834
0.227289
0.237204
0.241223
0.248297
0.253411
0.264926
0.273196
0.280628
0.285576
0.289872
0.297592
0.301828
0.307502
0.312027
0.315739
0.319969
0.324169
0.330353
0.335159
0.338875
0.343528
0.348495
0.354237
0.359976
0.364808
0.369331
0.373117
0.377428
0.382721
0.387967
0.392543
0.39826
0.40346
0.410773
0.418489
0.423403
0.42971
0.434533
0.441503
0.447003
0.453707
0.457814
0.465163
0.470453
0.477487
0.485195
0.489329
0.495352
0.49931
0.503988
0.508883
0.514906
0.518454
0.525202
0.529727
0.535844
0.54201
0.546857
0.553287
0.55861
0.563884
0.570643
0.578836
0.585882
0.591215
0.597149
0.601989
0.608944
0.615699
0.621772
0.628049
0.632998
0.638001
0.643351
0.649315
0.65461
0.660442
0.667966
0.674198
0.680223
0.686315
0.69202
0.696853
0.702134
0.706941
0.711183
0.715839
0.719967
0.723586
0.727242
0.731586
0.735528
0.740158
0.745114
0.75124
0.757461
0.764275
0.769564
0.776541
0.781825
0.786834
0.792659
0.800049
0.805092
0.811223
0.816537
0.820684
0.826443
0.830763
0.836317
0.841157
0.845453
0.851105
0.855847
0.860543
0.86563
0.870349
0.874842
0.878999
0.884115
0.887703
0.89332
0.898067
0.902946
0.908103
0.913909
0.917677
0.922453
0.928156
0.934119
0.938766
0.944942
0.950121
0.954225
0.95922
0.965485
0.972112
0.979072
0.986518
0.993826
1.0026
1.00829
1.01559
1.02306
1.02878
1.03588
1.04182
1.04843
1.05568
1.0632
1.07031
1.07728
1.08525
1.09264
1.10127
1.11161
1.12191
1.13338
1.1444
1.15727
1.17213
1.18356
1.20119
1.21312
1.22656
1.24224
1.2571
1.27164
1.28692
1.30004
1.31303
1.32676
1.34436
1.35659
1.37491
1.39444
1.41937
1.44433
1.46875
1.488
1.52359
1.58044
1.62101
1.70361
1.73914
1.80589
1.92506
1.98977
2.09448
