0.153947
0.153947
0.163893
0.163893
0.164124
0.164124
0.207269
0.207269
0.208869
0.208869
0.229149
0.229149
0.250848
0.250848
0.272411
0.272411
0.28145
0.283085
0.292691
0.292691
0.298488
0.298488
0.315056
0.315056
0.320884
0.320884
0.323505
0.323505
0.347097
0.347097
0.353839
0.36619
0.374684
0.374684
0.380691
0.380691
0.390965
0.394084
0.398559
0.398559
0.400982
0.400982
0.402024
0.402024
0.41177
0.41177
0.413749
0.451397
0.451397
0.451925
0.463647
0.463647
0.464917
0.479871
0.486429
0.486429
0.489194
0.489194
0.495042
0.495042
0.497033
0.497033
0.501877
0.501877
0.513614
0.513614
0.514349
0.528922
0.528922
0.531618
0.556449
0.556449
0.570363
0.570363
0.578782
0.580727
0.595005
0.595005
0.59521
0.59521
0.599102
0.600332
0.600332
0.608283
0.608283
0.61591
0.618882
0.621037
0.621037
0.64695
0.649836
0.651008
0.663888
0.669939
0.672695
0.672695
0.676757
0.676757
0.678337
0.678337
0.688539
0.689592
0.694611
0.701662
0.707947
0.707947
0.720345
0.736354
0.740168
0.740168
0.74109
0.74109
0.746492
0.746492
0.769856
0.778498
0.790695
0.793524
0.799506
0.799506
0.800029
0.800029
0.805794
0.805794
0.807274
0.807281
0.807281
0.80753
0.827572
0.83047
0.831591
0.832801
0.833877
0.833877
0.835313
0.851128
0.868093
0.883999
0.910323
0.915499
0.916599
0.928842
0.928842
0.929126
0.933054
0.942949
0.960127
0.960127
0.965454
0.974993
0.978996
0.978996
0.989549
0.999246
1.00776
1.02244
1.02293
1.02728
1.03847
1.03981
1.0446
1.0446
1.065
1.07279
1.09209
1.09209
1.09588
1.09588
1.11054
1.1277
1.12791
1.13136
1.13136
1.13153
1.13153
1.17125
1.17125
1.18258
1.19352
1.29855
1.30372
1.31739
1.34564
1.39375
1.40116
1.4139
1.42321
1.54165
1.54589
1.54625
1.57631
1.578
1.578
1.62144
1.62501
1.68376
1.68376
2.03563
2.13394
2.16007
