0.154991
0.154991
0.155284
0.155284
0.158408
0.158408
0.18068
0.207335
0.207335
0.215358
0.215358
0.219698
0.219698
0.222187
0.222187
0.22362
0.22362
0.227571
0.227571
0.23434
0.23434
0.23795
0.23795
0.244611
0.244611
0.246032
0.246032
0.275727
0.275727
0.287191
0.296479
0.296479
0.301185
0.301185
0.3064
0.3064
0.307267
0.307267
0.309872
0.309872
0.31029
0.31029
0.31717
0.31717
0.317213
0.317718
0.317718
0.320244
0.325254
0.325254
0.327725
0.327725
0.330082
0.333675
0.333675
0.340175
0.340175
0.343263
0.343263
0.352483
0.353077
0.353406
0.353406
0.353515
0.353515
0.358204
0.36246
0.36246
0.364459
0.367058
0.367058
0.36763
0.36763
0.375845
0.382683
0.382977
0.384037
0.384037
0.385461
0.385649
0.38779
0.38779
0.393854
0.394424
0.399523
0.399523
0.399583
0.399583
0.400936
0.400936
0.401287
0.401732
0.403157
0.40538
0.40538
0.410249
0.410249
0.413809
0.413809
0.417152
0.417152
0.417154
0.42195
0.42195
0.425511
0.425511
0.426494
0.433887
0.433887
0.4377
0.441867
0.441867
0.448856
0.448856
0.451215
0.451215
0.452092
0.452092
0.453776
0.456144
0.459132
0.459132
0.461286
0.461286
0.465274
0.473368
0.473368
0.474864
0.475908
0.47875
0.47875
0.4793
0.480659
0.480659
0.484748
0.485447
0.485447
0.486468
0.486468
0.487829
0.496177
0.498399
0.498399
0.499664
0.499664
0.505149
0.509358
0.509412
0.516868
0.518259
0.519907
0.519907
0.522958
0.522958
0.526709
0.526709
0.547475
0.547974
0.547974
0.549577
0.550448
0.550727
0.550727
0.551142
0.552876
0.552876
0.554142
0.554143
0.56028
0.56028
0.56862
0.56862
0.568757
0.568757
0.568894
0.568894
0.570749
0.570749
0.572075
0.572075
0.576342
0.579339
0.589277
0.589277
0.600533
0.612167
0.612167
0.614047
0.614532
0.622514
0.622514
0.627899
0.631492
0.635191
0.637701
0.638157
0.638157
0.641656
0.641656
0.644573
0.644573
0.648301
0.654083
0.654083
0.655944
0.658139
0.658525
0.662755
0.662961
0.662961
0.670108
0.670108
0.671343
0.673382
0.687387
0.687387
0.687537
0.693342
0.700365
0.709243
0.713596
0.713596
0.715395
0.7246
0.73292
0.734204
0.735332
0.742504
0.743313
0.753227
0.757029
0.757029
0.777885
0.777885
0.785035
0.790322
0.801621
0.802806
0.802806
0.80689
0.80689
0.81759
0.827684
0.827684
0.834145
0.835376
0.835376
0.841282
0.848677
0.853643
0.855067
0.855067
0.858033
0.858784
0.861883
0.878158
0.878158
0.881631
0.881898
0.89819
0.904042
0.922265
0.933544
0.933544
0.934996
0.942984
0.948233
0.953505
0.965455
0.965455
0.979742
0.982033
0.982033
0.986291
0.989462
1.00625
1.02051
1.02051
1.03367
1.03367
1.03489
1.05589
1.0861
1.0861
1.16896
1.17808
1.18416
1.18419
1.19032
1.21305
1.24607
1.32512
1.39012
1.39307
1.41073
1.44291
1.5702
1.71332
1.85307
2.07563
