0.63
0.83
0.85
0.86
0.87
0.88
0.89
0.89
0.9
0.93
0.97
1.03
1.06
1.09
1.11
1.16
1.22
1.26
1.35
1.42
1.45
1.48
1.53
1.56
1.6
1.62
1.66
1.67
1.68
1.7
1.71
1.72
1.75
1.76
1.78
1.78
1.79
1.79
1.8
1.8
1.8
1.8
1.81
1.81
1.81
1.83
1.85
1.86
1.86
1.88
1.91
1.94
1.95
1.98
2
2.01
2.01
2.05
2.06
2.09
2.14
2.16
2.18
2.22
2.25
2.28
2.28
2.28
2.28
2.29
2.3
2.33
2.36
2.37
2.39
2.4
2.4
2.41
2.44
2.45
2.46
2.52
2.54
2.55
2.56
2.56
2.56
2.56
2.57
2.57
2.59
2.61
2.61
2.62
2.63
2.63
2.64
2.68
2.7
2.72
2.75
2.8
2.81
2.83
2.86
2.9
2.92
2.93
2.94
2.95
2.96
2.96
3
3
3.02
3.02
3.03
3.05
3.07
3.09
3.1
3.12
3.13
3.16
3.18
3.19
3.2
3.23
3.24
3.26
3.26
3.29
3.29
3.3
3.31
3.32
3.33
3.35
3.36
3.36
3.37
3.38
3.38
3.38
3.4
3.4
3.42
3.43
3.44
3.45
3.47
3.47
3.48
3.5
3.51
3.52
3.53
3.55
3.56
3.6
3.62
3.62
3.66
3.72
3.75
3.78
3.84
3.84
3.86
3.89
3.91
3.93
3.94
3.98
4.02
4.02
4.03
4.05
4.05
4.07
4.11
4.11
4.13
4.15
4.16
4.22
4.22
4.23
4.23
4.24
4.26
4.26
4.26
4.28
4.29
4.29
4.3
4.3
4.32
4.32
4.33
4.38
4.43
4.48
4.52
4.55
4.63
4.69
4.72
4.73
4.73
4.75
4.78
4.8
4.82
4.82
4.84
4.86
4.9
4.92
4.93
5.02
5.09
5.13
5.14
5.16
5.17
5.18
5.18
5.18
5.19
5.21
5.21
5.23
5.27
5.27
5.28
5.3
5.35
5.38
5.44
5.45
5.51
5.53
5.56
5.58
5.61
5.65
5.7
5.75
5.8
5.87
5.89
5.91
5.93
5.97
5.97
6.01
6.01
6.07
6.11
6.18
6.24
6.25
6.28
6.36
6.39
6.46
6.55
6.6
6.68
6.75
6.88
6.97
7.03
7.07
7.17
7.22
7.34
7.4
7.61
7.78
7.97
8.16
8.35
8.61
8.97
9.2
9.49
9.7
9.99
10.5
10.96
11.61
12.06
12.78
14.58
17.8
23.34
32.45
