0
0
0
0
0
0
0
0
0
0
0
0
0
0
0
0
0
0
0
0
0
0
0
0
0
0
0
0
0.01
0.02
0.03
0.03
0.04
0.04
0.04
0.05
0.05
0.05
0.05
0.05
0.06
0.06
0.07
0.07
0.07
0.07
0.07
0.07
0.07
0.07
0.07
0.08
0.08
0.08
0.08
0.08
0.08
0.09
0.09
0.09
0.09
0.09
0.09
0.09
0.1
0.1
0.1
0.1
0.1
0.12
0.12
0.12
0.12
0.12
0.12
0.12
0.12
0.14
0.14
0.14
0.15
0.16
0.18
0.2
0.2
0.2
0.2
0.22
0.22
0.23
0.23
0.25
0.27
0.27
0.27
0.27
0.28
0.28
0.28
0.28
0.29
0.29
0.3
0.3
0.31
0.34
0.34
0.35
0.35
0.35
0.36
0.37
0.41
0.42
0.42
0.42
0.42
0.43
0.43
0.43
0.44
0.44
0.44
0.44
0.45
0.46
0.46
0.47
0.47
0.47
0.48
0.48
0.5
0.5
0.52
0.52
0.52
0.52
0.54
0.54
0.54
0.54
0.57
0.57
0.58
0.58
0.58
0.58
0.58
0.58
0.58
0.61
0.62
0.62
0.63
0.63
0.63
0.64
0.64
0.64
0.64
0.65
0.66
0.67
0.67
0.7
0.71
0.72
0.73
0.74
0.76
0.81
0.83
0.85
0.87
0.88
0.9
0.9
0.95
1
1.06
1.12
1.16
1.25
1.33
1.36
1.37
1.38
1.39
1.4
1.41
1.44
1.47
1.48
1.5
1.5
1.51
1.52
1.53
1.56
1.57
1.58
1.59
1.59
1.59
1.61
1.61
1.62
1.62
1.64
1.67
1.72
1.74
1.75
1.76
1.78
1.84
1.87
1.9
1.92
1.94
1.95
1.96
1.98
1.99
2
2.05
2.05
2.07
2.07
2.1
2.14
2.18
2.19
2.2
2.24
2.31
2.31
2.33
2.34
2.36
2.37
2.4
2.45
2.5
2.58
2.6
2.6
2.63
2.66
2.68
2.78
2.83
2.9
3.06
3.17
3.23
3.3
3.36
3.41
3.49
3.53
3.59
3.66
3.77
3.84
3.91
4.04
4.18
4.33
4.41
4.53
4.62
4.78
4.89
5.01
5.11
5.22
5.32
5.43
5.62
5.83
5.95
6.09
6.32
6.47
6.71
6.88
7.16
7.44
7.68
8.03
8.37
8.89
9.31
9.71
10.32
11.38
13.64
17.61
