0
0
0
0
0
0
0
0
0
0
0
0
0
0
0
0
0
0
0
0
0
0
0.02
0.03
0.07
0.16
0.28
0.42
0.55
0.65
0.75
0.81
0.86
0.92
0.95
0.96
0.98
0.98
0.98
0.98
0.98
0.98
0.98
0.98
0.98
0.98
0.98
0.98
0.98
0.98
0.98
0.98
0.98
0.98
0.98
0.98
0.98
0.98
0.98
0.98
0.98
0.98
0.98
0.98
0.98
0.98
0.98
0.98
0.98
0.98
0.98
0.98
0.98
0.98
0.98
0.98
0.98
0.98
0.98
0.98
0.98
0.98
0.98
0.98
1
1
1.01
1.02
1.06
1.13
1.24
1.29
1.36
1.43
1.53
1.59
1.62
1.7
1.73
1.75
1.81
1.83
1.86
1.89
1.9
1.95
1.96
1.96
1.96
1.96
1.96
1.96
1.96
1.96
1.96
1.96
1.96
1.96
1.96
1.96
1.96
1.96
1.96
1.96
1.96
1.96
1.96
1.96
1.96
1.96
1.96
1.96
1.96
1.96
1.96
1.96
1.96
1.96
1.96
1.96
1.96
1.96
1.96
1.96
1.96
1.96
1.98
1.98
2.01
2.04
2.06
2.08
2.09
2.17
2.21
2.27
2.32
2.39
2.44
2.46
2.51
2.52
2.54
2.58
2.59
2.61
2.63
2.63
2.65
2.65
2.68
2.68
2.69
2.7
2.7
2.72
2.74
2.75
2.79
2.79
2.84
2.87
2.9
2.93
2.93
2.94
2.94
2.94
2.94
2.94
2.94
2.94
2.94
2.94
2.94
2.94
2.94
2.94
2.94
2.94
2.94
2.95
2.95
2.98
2.98
3.04
3.09
3.16
3.25
3.33
3.38
3.42
3.45
3.48
3.5
3.51
3.52
3.52
3.52
3.54
3.54
3.56
3.6
3.62
3.65
3.7
3.73
3.76
3.83
3.85
3.87
3.88
3.88
3.9
3.91
3.91
3.91
3.92
3.92
3.92
3.92
3.93
3.93
3.97
4.01
4.05
4.09
4.14
4.22
4.31
4.4
4.43
4.46
4.46
4.49
4.5
4.52
4.57
4.58
4.6
4.63
4.69
4.71
4.74
4.77
4.79
4.81
4.87
4.9
4.94
4.99
5.15
5.28
5.35
5.42
5.46
5.48
5.48
5.49
5.5
5.52
5.58
5.7
5.82
5.98
6.09
6.2
6.31
6.37
6.44
6.56
6.66
6.7
6.9
7.06
7.13
7.37
7.7
8.11
8.59
