0.328
0.328
0.328
0.328
0.328
0.328
0.328
0.328
0.328
0.328
0.328
0.328
0.328
0.328
0.328
0.328
0.328
0.328
0.328
0.328
0.328
0.328
0.329
0.329
0.33
0.33
0.331
0.332
0.332
0.332
0.333
0.333
0.333
0.333
0.333
0.335
0.335
0.335
0.335
0.335
0.336
0.336
0.336
0.336
0.338
0.338
0.339
0.339
0.339
0.339
0.339
0.339
0.339
0.341
0.341
0.341
0.341
0.341
0.342
0.342
0.343
0.343
0.343
0.343
0.344
0.344
0.345
0.347
0.347
0.347
0.347
0.347
0.348
0.349
0.35
0.351
0.351
0.352
0.352
0.352
0.353
0.354
0.354
0.355
0.356
0.356
0.357
0.357
0.36
0.361
0.361
0.361
0.362
0.362
0.362
0.363
0.366
0.366
0.366
0.367
0.368
0.369
0.369
0.369
0.372
0.373
0.374
0.374
0.374
0.374
0.374
0.376
0.378
0.381
0.381
0.384
0.386
0.387
0.388
0.389
0.391
0.391
0.393
0.394
0.396
0.397
0.397
0.397
0.397
0.399
0.4
0.401
0.403
0.405
0.407
0.409
0.409
0.409
0.412
0.412
0.413
0.414
0.414
0.417
0.419
0.42
0.422
0.422
0.423
0.427
0.43
0.433
0.435
0.437
0.437
0.438
0.44
0.44
0.442
0.443
0.443
0.447
0.45
0.454
0.458
0.459
0.461
0.461
0.463
0.466
0.467
0.47
0.471
0.473
0.477
0.479
0.483
0.485
0.491
0.493
0.493
0.495
0.497
0.499
0.503
0.505
0.51
0.517
0.521
0.526
0.534
0.542
0.548
0.555
0.558
0.563
0.569
0.574
0.58
0.583
0.586
0.591
0.597
0.6
0.604
0.607
0.613
0.619
0.619
0.621
0.626
0.629
0.634
0.637
0.64
0.645
0.65
0.658
0.663
0.67
0.678
0.683
0.69
0.693
0.697
0.7
0.705
0.715
0.723
0.732
0.741
0.751
0.759
0.764
0.767
0.774
0.785
0.791
0.806
0.809
0.815
0.822
0.831
0.841
0.848
0.861
0.871
0.879
0.888
0.901
0.909
0.923
0.932
0.943
0.949
0.955
0.973
0.983
0.993
1.004
1.012
1.03
1.036
1.039
1.047
1.054
1.059
1.081
1.092
1.1
1.102
1.104
1.112
1.117
1.123
1.125
1.133
1.145
1.155
1.164
1.174
1.187
1.201
1.22
1.234
1.266
1.284
1.306
1.332
1.367
1.404
1.461
1.535
1.599
1.687
1.764
1.867
2.047
2.175
2.417
