0.274719
0.274719
0.350948
0.350948
0.47881
0.47881
0.479895
0.479895
0.495493
0.495493
0.501239
0.501239
0.515651
0.515651
0.516452
0.516452
0.525849
0.525849
0.565036
0.566644
0.569494
0.569494
0.571154
0.571154
0.583284
0.600237
0.614977
0.624982
0.624982
0.627354
0.664207
0.697589
0.706183
0.706183
0.70812
0.70812
0.717281
0.717281
0.748479
0.783206
0.783206
0.862013
0.862013
0.869038
0.869038
0.961191
0.961191
0.968115
0.968115
0.968747
0.968747
1.01527
1.01527
1.01977
1.03308
1.03308
1.06401
1.06401
1.06762
1.06762
1.0874
1.0874
1.11019
1.11019
1.13951
1.17694
1.17994
1.18265
1.18265
1.22183
1.22183
1.24019
1.33515
1.36627
1.36782
1.39052
1.42286
1.43386
1.43824
1.44584
1.49938
1.5275
1.56756
1.58014
1.58266
1.65691
1.75097
1.75097
1.78982
1.9483
1.9483
1.98751
2.04529
2.11184
2.37619
2.52405
2.57539
2.73308
2.90692
3.29792
