0.68
0.98
1.11
1.26
1.33
1.41
1.46
1.49
1.51
1.53
1.56
1.56
1.59
1.61
1.66
1.68
1.71
1.74
1.76
1.85
1.88
1.93
1.97
2.09
2.13
2.2
2.25
2.28
2.29
2.31
2.33
2.34
2.34
2.34
2.36
2.37
2.4
2.4
2.41
2.42
2.42
2.44
2.44
2.44
2.44
2.44
2.45
2.45
2.46
2.47
2.49
2.51
2.52
2.57
2.6
2.63
2.69
2.77
2.81
2.85
2.87
2.95
2.99
3
3
3.02
3.04
3.05
3.05
3.08
3.12
3.14
3.14
3.15
3.16
3.18
3.19
3.2
3.21
3.21
3.22
3.25
3.25
3.25
3.26
3.27
3.28
3.28
3.29
3.29
3.29
3.29
3.29
3.29
3.33
3.38
3.41
3.45
3.48
3.49
3.54
3.58
3.63
3.68
3.71
3.77
3.84
3.87
3.87
3.88
3.89
3.92
3.94
3.98
4
4
4.01
4.02
4.04
4.04
4.07
4.09
4.09
4.09
4.09
4.09
4.09
4.13
4.14
4.15
4.16
4.16
4.18
4.22
4.23
4.24
4.27
4.31
4.36
4.42
4.44
4.54
4.57
4.58
4.62
4.69
4.72
4.75
4.78
4.81
4.82
4.84
4.85
4.89
4.9
4.9
4.92
4.96
4.96
5.01
5.05
5.11
5.17
5.26
5.34
5.37
5.48
5.52
5.58
5.65
5.69
5.72
5.75
5.79
5.83
5.91
6
6.15
6.26
6.38
6.51
6.79
6.97
7.13
7.42
7.91
8.31
8.62
9.05
9.57
10.1
11.37
13.09
14.03
17.6
19.49
22.19
25.63
28.67
32
