0.15636
0.15636
0.212816
0.212816
0.215674
0.215674
0.215679
0.215679
0.278169
0.278169
0.302041
0.302041
0.333043
0.333043
0.346233
0.346233
0.34838
0.34838
0.355565
0.355565
0.363618
0.365608
0.365608
0.367148
0.376789
0.379552
0.379552
0.381468
0.381468
0.387333
0.38993
0.38993
0.393353
0.393353
0.394332
0.403154
0.404865
0.404865
0.40928
0.40928
0.410412
0.410412
0.411234
0.411234
0.415493
0.415493
0.42568
0.42568
0.427102
0.427779
0.427779
0.43069
0.43069
0.432273
0.432273
0.434584
0.434584
0.448333
0.448333
0.456919
0.456919
0.457515
0.458569
0.462044
0.462044
0.465598
0.465598
0.479772
0.479772
0.481852
0.481852
0.487852
0.489118
0.495129
0.495129
0.500162
0.500162
0.501833
0.501833
0.50559
0.509045
0.509045
0.517699
0.528556
0.528556
0.542982
0.55166
0.555766
0.555766
0.555904
0.561491
0.561491
0.56181
0.568613
0.580464
0.582955
0.583047
0.586535
0.586535
0.594763
0.594763
0.596843
0.621501
0.621501
0.627632
0.628741
0.628741
0.643053
0.669344
0.669344
0.674979
0.674979
0.675636
0.679721
0.679721
0.683844
0.683844
0.70219
0.702306
0.702306
0.709357
0.709357
0.710318
0.710318
0.721589
0.726005
0.726005
0.758814
0.761867
0.767482
0.77248
0.779999
0.789543
0.790154
0.804326
0.816461
0.827258
0.834723
0.834723
0.837137
0.840805
0.84943
0.875711
0.876258
0.879186
0.888598
0.894485
0.895283
0.919668
0.922101
0.948239
0.948239
0.952607
0.969977
0.973836
1.03356
1.03356
1.04977
1.05749
1.06376
1.06685
1.06685
1.07576
1.0758
1.08813
1.08813
1.10177
1.12539
1.12539
1.12626
1.12626
1.15243
1.17065
1.20714
1.21805
1.21805
1.25832
1.25832
1.25973
1.25973
1.26563
1.26563
1.29934
1.31177
1.34603
1.34858
1.41063
1.41494
1.47693
1.48328
1.53119
1.53138
1.56385
1.66289
1.66478
1.9255
1.92967
2.50396
2.74212
3.41031
