1
1
1
1
1
1
1
1
1
1
1
1
1
1
1
1
1
1
1
1
1
1
1
1
1
1
1
1
1
1
1
1
1
1
1
1
1
1
1
1
1
1
1
1
1
1
1
1
1
1
1
1
1
1
1
1
1
1
1
1
1
1
1
1
1
1
1
1
1
1
1
1
1
1
1
1
1
1
1
1
1
1
1
1
1
1
1
1
1
1
1
1
1
1
1
1
1
1
1
1
1
1
1
1
1
1
1
1
1
1
1
1
1
1
1
1
1
1
1
1
1
1
1
1
1
1
1
1
1
1
1
1
1
1
1
1
1
1
1
1
1
1.1
1.1
1.1
1.1
1.1
1.1
1.2
1.2
1.3
1.3
1.3
1.3
1.3
1.3
1.3
1.3
1.3
1.3
1.4
1.4
1.5
1.5
1.5
1.5
1.5
1.5
1.5
1.6
1.6
1.7
1.8
1.8
1.8
2
2
2.1
2.4
2.4
2.5
2.6
2.7
2.9
3
3.1
3.2
3.8
4
4.1
4.4
4.4
4.6
5.1
5.1
5.1
5.6
5.9
6
6.6
6.9
