0
0
0
0
0
0
0
0
0
0
0
0
0
0
0
0
0
0
0
0
0
0
0
0
0
0
0
0
0
0
0
0
0
0
0
0
0
0
0
0
0
0
0
0.01
0.03
0.04
0.07
0.13
0.21
0.32
0.48
0.61
0.71
0.85
0.94
0.96
0.98
0.98
0.98
0.98
0.98
0.98
0.98
0.98
0.98
0.98
0.98
0.98
0.98
0.98
0.98
0.98
0.98
0.98
0.98
0.98
0.98
0.98
0.98
0.98
0.98
0.98
0.98
0.98
0.98
0.98
0.98
0.98
0.98
0.98
0.99
1.01
1.01
1.03
1.04
1.08
1.1
1.11
1.15
1.16
1.22
1.26
1.36
1.45
1.55
1.59
1.62
1.66
1.69
1.71
1.75
1.77
1.79
1.8
1.83
1.86
1.92
1.95
1.95
1.95
1.96
1.96
1.96
1.96
1.96
1.96
1.96
1.96
1.96
1.96
1.96
1.96
1.96
1.96
1.96
1.96
1.96
1.96
1.96
1.96
1.96
1.99
2.02
2.02
2.05
2.08
2.14
2.26
2.36
2.41
2.48
2.51
2.58
2.67
2.7
2.75
2.81
2.85
2.86
2.92
2.93
2.93
2.94
2.94
2.94
2.94
2.94
2.94
2.94
2.94
2.94
2.94
2.94
2.95
2.95
2.95
2.98
3
3.05
3.12
3.23
3.35
3.47
3.58
3.68
3.74
3.8
3.88
3.96
4.06
4.16
4.31
4.56
4.68
4.89
5.21
5.59
5.86
6.16
6.61
