0.153749
0.153749
0.157601
0.157601
0.178138
0.178138
0.193444
0.193444
0.251404
0.251404
0.299495
0.299495
0.300126
0.322339
0.323913
0.323913
0.325152
0.325152
0.328402
0.351761
0.355908
0.361541
0.361541
0.367505
0.367505
0.382352
0.382352
0.383545
0.393249
0.393249
0.396343
0.396343
0.401461
0.401461
0.404563
0.404563
0.408843
0.412855
0.418228
0.418228
0.419842
0.419842
0.426612
0.426612
0.436161
0.436161
0.436554
0.436554
0.444266
0.444266
0.44593
0.452697
0.452697
0.456164
0.456164
0.463851
0.463851
0.470773
0.470773
0.471201
0.471904
0.471904
0.479515
0.489968
0.501724
0.501724
0.503021
0.50683
0.521069
0.521069
0.530385
0.530385
0.54048
0.54048
0.541958
0.541958
0.549705
0.549705
0.553404
0.553404
0.555825
0.556033
0.556033
0.559944
0.566911
0.584675
0.584675
0.584911
0.584911
0.587426
0.587426
0.599124
0.599384
0.599384
0.601943
0.612253
0.612253
0.613939
0.613939
0.624331
0.635019
0.635019
0.637553
0.637553
0.645684
0.652754
0.652754
0.659897
0.659897
0.671472
0.707871
0.707871
0.712067
0.718078
0.718319
0.719324
0.719324
0.725033
0.730885
0.730885
0.737519
0.738358
0.738358
0.760116
0.760116
0.764477
0.784056
0.792884
0.794766
0.816302
0.8178
0.842336
0.860412
0.870884
0.881143
0.881143
0.89017
0.893151
0.920534
0.920665
0.920665
0.931191
0.931191
0.946874
0.946874
0.949435
0.972913
0.978048
0.978776
0.978776
0.98118
0.981788
0.987301
0.994763
1.00032
1.00032
1.00701
1.01426
1.03183
1.04129
1.04129
1.04565
1.06502
1.08992
1.0924
1.0924
1.10035
1.12309
1.13169
1.13169
1.13197
1.1369
1.13754
1.13754
1.18558
1.18558
1.19478
1.19612
1.20065
1.20065
1.2477
1.30083
1.30329
1.31118
1.31118
1.32876
1.33242
1.34239
1.45453
1.45749
1.45749
1.48755
1.49292
1.49292
1.59912
1.61427
2.55411
2.65396
2.88663
3.02606
