0.151528
0.151528
0.152309
0.152309
0.153779
0.153779
0.154006
0.154006
0.180741
0.187616
0.187616
0.195086
0.195086
0.214021
0.214021
0.223913
0.223913
0.225596
0.225596
0.23441
0.23441
0.23542
0.23542
0.242839
0.242839
0.246081
0.279485
0.283375
0.283375
0.284389
0.288872
0.288872
0.288921
0.288921
0.29412
0.29412
0.295508
0.295508
0.295582
0.295582
0.3039
0.3039
0.309506
0.318523
0.323639
0.323639
0.325864
0.325864
0.328512
0.329034
0.335436
0.335436
0.33591
0.33591
0.344589
0.344589
0.347167
0.349897
0.349897
0.360893
0.360893
0.367003
0.370572
0.370572
0.375741
0.375741
0.37738
0.380802
0.380802
0.385721
0.385721
0.387105
0.388834
0.388834
0.389586
0.389586
0.393539
0.393539
0.396343
0.396343
0.39649
0.39649
0.39673
0.399102
0.401317
0.404041
0.411284
0.411284
0.411857
0.41342
0.41342
0.416327
0.416327
0.417958
0.417958
0.421816
0.421816
0.430984
0.430984
0.436561
0.436561
0.437424
0.440361
0.443951
0.444084
0.444084
0.445051
0.445051
0.445442
0.445442
0.450142
0.450142
0.450711
0.456119
0.461512
0.461512
0.4629
0.4629
0.463758
0.463969
0.469063
0.47293
0.47293
0.476172
0.476172
0.48554
0.493623
0.493623
0.496452
0.496527
0.496527
0.498853
0.498853
0.49958
0.500694
0.503666
0.503666
0.505626
0.507996
0.515597
0.516728
0.516728
0.517781
0.51811
0.51811
0.522526
0.522526
0.526101
0.528754
0.530817
0.5326
0.532791
0.532791
0.535361
0.537113
0.537113
0.540461
0.541958
0.541958
0.542869
0.542869
0.551265
0.551265
0.564615
0.566495
0.56986
0.570946
0.571224
0.571546
0.571546
0.577957
0.577957
0.581118
0.591088
0.599051
0.602243
0.602415
0.602415
0.607021
0.607021
0.608422
0.608422
0.612253
0.612253
0.624446
0.625469
0.625469
0.633646
0.637539
0.637539
0.643754
0.645421
0.654168
0.659321
0.659913
0.664066
0.664066
0.665814
0.668167
0.670017
0.673046
0.678193
0.678193
0.692795
0.697406
0.705964
0.705964
0.707871
0.707871
0.709312
0.719971
0.720074
0.720074
0.7202
0.721186
0.721186
0.722169
0.727145
0.727145
0.727402
0.731727
0.735234
0.735234
0.737954
0.740688
0.740688
0.743958
0.748772
0.750753
0.754419
0.766493
0.769509
0.770658
0.79648
0.800151
0.806228
0.806228
0.820443
0.824605
0.824605
0.827999
0.833593
0.837079
0.859628
0.859628
0.8632
0.871112
0.875025
0.885576
0.891939
0.902135
0.912542
0.912542
0.914362
0.914362
0.925825
0.933827
0.937342
0.957533
0.964352
0.964352
0.989433
0.994924
1.00032
1.00032
1.00489
1.00755
1.00755
1.00993
1.03268
1.0344
1.0344
1.03987
1.0443
1.07397
1.08675
1.09059
1.1032
1.10527
1.11066
1.11066
1.11484
1.11484
1.11773
1.12344
1.12797
1.19084
1.19889
1.21023
1.24195
1.30319
1.33954
1.38714
1.45749
1.49292
1.49292
1.5895
1.68166
2.23738
2.32854
