0.63
0.77
0.82
0.95
1.12
1.3
1.39
1.44
1.45
1.5
1.56
1.58
1.6
1.61
1.63
1.63
1.64
1.64
1.64
1.65
1.65
1.66
1.71
1.77
1.82
1.9
1.92
1.95
2
2.02
2.05
2.12
2.14
2.19
2.2
2.2
2.22
2.23
2.24
2.28
2.29
2.3
2.32
2.33
2.35
2.35
2.37
2.38
2.39
2.39
2.39
2.39
2.42
2.43
2.43
2.43
2.44
2.45
2.45
2.45
2.47
2.48
2.5
2.5
2.5
2.53
2.55
2.59
2.6
2.63
2.66
2.67
2.69
2.72
2.76
2.77
2.77
2.77
2.79
2.81
2.85
2.89
2.92
2.94
2.96
2.99
3
3.01
3.01
3.02
3.03
3.06
3.06
3.06
3.07
3.07
3.07
3.11
3.12
3.14
3.14
3.15
3.15
3.15
3.18
3.19
3.21
3.21
3.21
3.22
3.23
3.24
3.25
3.27
3.28
3.28
3.29
3.29
3.3
3.31
3.31
3.32
3.32
3.32
3.34
3.34
3.35
3.36
3.36
3.38
3.38
3.38
3.4
3.41
3.42
3.43
3.47
3.49
3.51
3.51
3.54
3.57
3.59
3.61
3.63
3.63
3.64
3.66
3.68
3.69
3.71
3.73
3.77
3.79
3.81
3.84
3.87
3.94
3.95
3.96
3.97
3.98
4.01
4.03
4.03
4.06
4.07
4.07
4.07
4.09
4.1
4.11
4.13
4.13
4.13
4.14
4.15
4.17
4.18
4.19
4.2
4.21
4.21
4.21
4.22
4.22
4.23
4.23
4.26
4.27
4.28
4.29
4.29
4.3
4.31
4.31
4.33
4.33
4.35
4.36
4.38
4.41
4.46
4.51
4.55
4.58
4.61
4.63
4.64
4.66
4.66
4.7
4.73
4.74
4.77
4.79
4.81
4.84
4.86
4.87
4.88
4.9
4.9
4.92
4.95
5
5.03
5.06
5.09
5.11
5.12
5.15
5.17
5.18
5.2
5.22
5.23
5.26
5.3
5.34
5.36
5.37
5.42
5.45
5.48
5.55
5.58
5.59
5.61
5.62
5.68
5.71
5.71
5.73
5.73
5.74
5.77
5.79
5.86
5.89
5.91
5.95
6
6.05
6.12
6.17
6.23
6.27
6.34
6.39
6.47
6.55
6.6
6.64
6.74
6.81
6.89
7.01
7.12
7.19
7.27
7.42
7.51
7.75
8.1
8.4
8.66
9.44
10.18
11.13
11.95
13.31
18.09
20.08
24.49
25.91
28.02
30.27
36.56
40.17
