0.328
0.328
0.328
0.328
0.328
0.328
0.328
0.329
0.329
0.33
0.33
0.33
0.332
0.332
0.332
0.332
0.333
0.334
0.334
0.334
0.334
0.334
0.334
0.334
0.334
0.334
0.335
0.335
0.337
0.338
0.338
0.338
0.338
0.338
0.338
0.339
0.34
0.341
0.342
0.342
0.343
0.343
0.343
0.344
0.344
0.345
0.345
0.345
0.346
0.346
0.347
0.347
0.348
0.348
0.348
0.349
0.349
0.349
0.349
0.35
0.35
0.351
0.352
0.352
0.353
0.353
0.353
0.354
0.355
0.355
0.356
0.356
0.357
0.357
0.358
0.359
0.359
0.361
0.362
0.362
0.362
0.362
0.362
0.363
0.364
0.365
0.366
0.366
0.367
0.368
0.368
0.369
0.369
0.371
0.372
0.372
0.374
0.375
0.377
0.377
0.377
0.379
0.379
0.379
0.381
0.383
0.383
0.384
0.384
0.384
0.387
0.388
0.39
0.391
0.393
0.397
0.398
0.399
0.4
0.401
0.402
0.404
0.406
0.408
0.408
0.41
0.411
0.417
0.419
0.424
0.425
0.429
0.435
0.44
0.442
0.445
0.45
0.454
0.457
0.461
0.463
0.467
0.467
0.468
0.473
0.476
0.48
0.484
0.486
0.491
0.496
0.499
0.502
0.506
0.511
0.513
0.518
0.523
0.527
0.528
0.531
0.534
0.536
0.54
0.55
0.554
0.56
0.564
0.566
0.569
0.573
0.58
0.584
0.589
0.596
0.604
0.608
0.609
0.616
0.621
0.626
0.629
0.633
0.637
0.643
0.647
0.655
0.658
0.665
0.669
0.676
0.683
0.687
0.694
0.7
0.703
0.705
0.708
0.714
0.721
0.726
0.736
0.741
0.745
0.75
0.752
0.76
0.763
0.767
0.773
0.781
0.788
0.794
0.8
0.807
0.813
0.817
0.823
0.831
0.834
0.839
0.846
0.853
0.86
0.871
0.88
0.883
0.89
0.894
0.897
0.903
0.91
0.915
0.921
0.923
0.927
0.945
0.959
0.971
0.975
0.979
0.986
0.988
0.994
0.995
0.996
0.999
1.003
1.006
1.011
1.018
1.021
1.024
1.026
1.028
1.029
1.03
1.032
1.032
1.032
1.032
1.032
1.034
1.046
1.053
1.064
1.075
1.083
1.104
1.119
1.132
1.154
1.176
1.194
1.223
1.253
1.287
1.341
1.392
1.445
1.483
1.508
1.54
1.574
1.613
1.65
1.675
1.701
1.731
1.78
1.809
1.855
1.899
1.957
2.032
2.111
2.184
2.275
2.462
2.896
