0.186335
0.186335
0.265738
0.265738
0.367956
0.367956
0.379063
0.379063
0.380148
0.380148
0.380617
0.432355
0.432355
0.464958
0.471559
0.524779
0.524779
0.525293
0.525293
0.56289
0.56289
0.590678
0.590678
0.613337
0.613337
0.634396
0.634396
0.642831
0.665372
0.685781
0.686663
0.686663
0.703796
0.703796
0.713305
0.713305
0.748686
0.797995
0.797995
0.8394
0.874082
0.874082
0.9265
0.9265
0.945188
0.945188
0.988657
1.01284
1.01284
1.02011
1.02011
1.02424
1.03498
1.03498
1.07267
1.08673
1.08744
1.10964
1.10964
1.12751
1.1666
1.17802
1.17802
1.19468
1.21468
1.22065
1.24086
1.25265
1.28401
1.29025
1.2979
1.31237
1.31237
1.35561
1.35561
1.43821
1.43821
1.49452
1.49591
1.49591
1.50769
1.54714
1.60769
1.63682
1.64466
1.6489
1.65741
1.70198
1.77405
1.77405
1.90163
1.90358
1.93898
1.96461
1.9713
2.11014
2.31953
2.31953
2.53461
2.60101
