0.214413
0.214413
0.29486
0.29486
0.329173
0.329173
0.36601
0.36601
0.393871
0.393871
0.420715
0.420715
0.452856
0.452856
0.492098
0.493317
0.52104
0.523008
0.54275
0.547431
0.572059
0.576038
0.606572
0.614383
0.63251
0.646759
0.665648
0.683433
0.69641
0.70513
0.717137
0.727146
0.737448
0.748756
0.76158
0.770136
0.783876
0.793748
0.806924
0.821071
0.835083
0.845906
0.860215
0.872671
0.888514
0.898268
0.906502
0.91533
0.925621
0.938762
0.948201
0.971346
0.995398
1.00918
1.02724
1.04156
1.05876
1.06814
1.08193
1.09829
1.11418
1.12493
1.14329
1.16029
1.17146
1.19241
1.21137
1.23036
1.25145
1.27166
1.29773
1.31937
1.35075
1.38359
1.41952
1.43533
1.4581
1.4717
1.48484
1.49565
1.52702
1.54725
1.56724
1.61638
1.64325
1.67185
1.70638
1.74305
1.79411
1.85091
1.89736
1.91908
1.97324
2.03618
2.05697
2.12916
2.59701
2.6528
2.95491
3.0746
