0.171695
0.171695
0.19312
0.19312
0.208353
0.20954
0.226474
0.227803
0.241717
0.244154
0.255801
0.258674
0.270749
0.274858
0.281651
0.287026
0.293875
0.29953
0.30593
0.310669
0.315642
0.320726
0.325703
0.330853
0.335669
0.34023
0.344229
0.347582
0.350922
0.35633
0.359271
0.363629
0.367762
0.372248
0.376203
0.379646
0.38346
0.38752
0.391118
0.394584
0.399931
0.403383
0.40902
0.412265
0.416386
0.421078
0.42535
0.428984
0.433361
0.437948
0.443012
0.446552
0.450684
0.454939
0.459473
0.463373
0.467564
0.471167
0.475254
0.479628
0.482718
0.486475
0.490017
0.493372
0.496897
0.499719
0.503142
0.506616
0.509923
0.513195
0.51661
0.51975
0.52324
0.525823
0.529734
0.531906
0.53551
0.538246
0.541972
0.5448
0.548288
0.551902
0.555482
0.557875
0.560489
0.563166
0.566207
0.56926
0.572296
0.575767
0.578857
0.582565
0.585922
0.589604
0.592895
0.596873
0.600386
0.604635
0.608772
0.612583
0.615973
0.619888
0.6242
0.628433
0.633081
0.636493
0.640588
0.644631
0.648637
0.651986
0.656055
0.661222
0.665078
0.668164
0.672439
0.67683
0.681344
0.685428
0.689469
0.692954
0.69632
0.700413
0.704586
0.709821
0.713459
0.718219
0.722181
0.727556
0.732311
0.737914
0.742889
0.748085
0.755148
0.760989
0.766656
0.775113
0.782426
0.790187
0.79716
0.804593
0.811634
0.818287
0.824689
0.831176
0.837368
0.844451
0.851375
0.857287
0.8636
0.869559
0.875616
0.881764
0.888657
0.893699
0.899405
0.905988
0.911992
0.918052
0.92397
0.930424
0.937109
0.94511
0.953242
0.960489
0.968047
0.974985
0.985566
0.9919
1.00127
1.01114
1.02078
1.03123
1.04275
1.0621
1.08495
1.10099
1.11686
1.13733
1.15415
1.17375
1.192
1.21857
1.24467
1.27014
1.28681
1.30215
1.31684
1.33119
1.35279
1.38186
1.41224
1.44173
1.49108
1.55796
1.6486
1.68355
1.78523
1.91076
1.97515
2.09215
