0.328
0.328
0.328
0.328
0.328
0.328
0.328
0.328
0.328
0.328
0.328
0.328
0.328
0.328
0.328
0.328
0.329
0.329
0.33
0.331
0.331
0.332
0.332
0.334
0.334
0.334
0.334
0.334
0.335
0.335
0.337
0.337
0.337
0.337
0.337
0.337
0.34
0.34
0.341
0.341
0.341
0.341
0.342
0.343
0.345
0.345
0.345
0.346
0.346
0.347
0.347
0.35
0.351
0.351
0.352
0.352
0.352
0.352
0.353
0.354
0.354
0.354
0.354
0.355
0.359
0.361
0.362
0.362
0.362
0.362
0.362
0.363
0.363
0.365
0.366
0.367
0.367
0.367
0.367
0.367
0.368
0.371
0.371
0.372
0.372
0.373
0.373
0.374
0.376
0.376
0.378
0.38
0.382
0.383
0.383
0.383
0.384
0.385
0.386
0.387
0.388
0.391
0.392
0.395
0.399
0.407
0.411
0.416
0.423
0.434
0.438
0.442
0.45
0.457
0.468
0.473
0.478
0.479
0.48
0.484
0.486
0.487
0.49
0.49
0.491
0.492
0.495
0.495
0.497
0.502
0.506
0.516
0.524
0.531
0.535
0.548
0.559
0.577
0.58
0.587
0.59
0.59
0.593
0.6
0.607
0.618
0.625
0.626
0.664
0.678
0.68
0.685
0.698
0.706
0.725
0.758
0.759
0.76
0.763
0.765
0.783
0.791
0.843
0.846
0.846
0.848
0.85
0.867
0.873
0.925
0.929
0.929
0.933
0.934
0.949
0.956
1.008
1.01
1.01
1.01
1.011
1.011
1.012
1.013
1.013
1.015
1.015
1.017
1.02
1.022
1.024
1.028
1.031
1.039
1.045
1.055
1.068
1.096
1.181
1.269
