1
1
1
1
1
1
1
1
1
1
1
1
1
1
1
1
1
1
1
1
1
1
1
1
1
1
1
1
1
1
1
1
1
1
1
1
1
1
1
1
1
1
1
1
1
1
1
1
1
1
1
1
1
1
1
1
1
1
1
1
1
1
1
1
1
1
1
1
1
1
1
1
1
1
1
1
1
1
1
1
1
1
1
1
1
1
1
1
1
1
1
1
1
1
1
1
1
1
1
1
1
1
1
1
1
1
1
1
1
1
1
1
1
1
1
1
1
1
1
1
1
1
1
1
1
1
1
1
1
1
1
1
1
1
1
1
1
1
1
1
1
1
1
1
1
1
1
1
1
1
1
1
1
1
1
1
1
1
1
1
1
1
1
1.063
1.182
1.249
1.252
1.297
1.324
1.398
1.433
1.437
1.467
1.509
1.576
1.637
1.708
1.759
1.838
1.966
2.06
2.139
2.144
2.226
2.309
2.39
2.469
2.93
3.1
3.205
3.287
3.319
3.665
3.715
3.993
4.199
4.287
4.497
5.052
5.254
