0.191137
0.191137
0.214169
0.214372
0.232267
0.233145
0.252696
0.254394
0.269331
0.272346
0.280905
0.284394
0.291707
0.297963
0.304138
0.308187
0.315023
0.320303
0.327663
0.332716
0.337201
0.342256
0.347689
0.352756
0.359867
0.363659
0.369652
0.373983
0.378234
0.381883
0.386508
0.389602
0.395397
0.398471
0.403707
0.406728
0.412052
0.414996
0.419984
0.424105
0.430296
0.435935
0.440246
0.44511
0.449381
0.45294
0.45708
0.461264
0.464678
0.468037
0.472454
0.475701
0.480044
0.483526
0.488208
0.49174
0.495572
0.497951
0.502535
0.506018
0.50974
0.513683
0.518123
0.522247
0.525501
0.529212
0.533558
0.537112
0.540378
0.543137
0.545743
0.549214
0.552326
0.555202
0.55846
0.561527
0.564582
0.568239
0.572154
0.574997
0.577904
0.58065
0.583199
0.586103
0.589334
0.592141
0.594787
0.597724
0.600587
0.605079
0.607886
0.61149
0.614907
0.618196
0.621244
0.623751
0.626675
0.629597
0.63298
0.635904
0.638609
0.641716
0.645625
0.648508
0.65235
0.65478
0.657693
0.661016
0.664472
0.668275
0.671462
0.67414
0.677108
0.680109
0.682832
0.685372
0.688243
0.69109
0.69339
0.696855
0.700122
0.703061
0.706475
0.709959
0.712698
0.71566
0.718444
0.721735
0.725428
0.728667
0.732475
0.736068
0.739558
0.743334
0.748028
0.752763
0.757764
0.762645
0.769401
0.774503
0.781336
0.787901
0.794349
0.801724
0.808844
0.815847
0.824066
0.832434
0.839354
0.847616
0.85576
0.863458
0.871993
0.879826
0.88721
0.89354
0.901307
0.907878
0.913528
0.921217
0.929869
0.939974
0.948947
0.954549
0.963361
0.971576
0.978783
0.98872
0.997595
1.00923
1.01974
1.03191
1.044
1.0606
1.07744
1.09295
1.11095
1.13216
1.15747
1.18244
1.2151
1.23516
1.25087
1.2696
1.2889
1.3079
1.32664
1.34842
1.36525
1.38251
1.4033
1.42146
1.44185
1.4834
1.52292
1.55503
1.83944
1.92788
2.02504
2.14877
