0.180721
0.180721
0.214988
0.214988
0.223523
0.223523
0.231037
0.231037
0.258075
0.258075
0.272443
0.278204
0.30212
0.303097
0.303097
0.306161
0.306161
0.306331
0.306331
0.316671
0.316671
0.322508
0.322508
0.349563
0.349563
0.359051
0.359051
0.360581
0.364723
0.364723
0.374534
0.374534
0.399242
0.399242
0.404838
0.404838
0.409551
0.409551
0.414773
0.414773
0.417469
0.421613
0.421613
0.422322
0.422322
0.430555
0.430555
0.435447
0.436137
0.441232
0.448212
0.448212
0.457528
0.457528
0.463316
0.463316
0.468616
0.468616
0.469721
0.469721
0.471374
0.47971
0.480409
0.482864
0.482864
0.488512
0.488512
0.499253
0.499253
0.500588
0.502931
0.502931
0.504385
0.504385
0.506851
0.50859
0.511936
0.512534
0.512534
0.513628
0.513628
0.524809
0.524853
0.524853
0.528368
0.528368
0.529537
0.529537
0.530648
0.530648
0.53659
0.545907
0.545907
0.550973
0.551893
0.572867
0.572867
0.576701
0.576701
0.577458
0.577533
0.580438
0.583006
0.583006
0.608566
0.608566
0.614954
0.620852
0.621114
0.621114
0.62576
0.62576
0.635693
0.635693
0.640897
0.640897
0.646375
0.646375
0.65554
0.656577
0.656577
0.662266
0.662266
0.666452
0.666452
0.676258
0.676732
0.679022
0.683673
0.687144
0.687144
0.706881
0.717231
0.717231
0.723077
0.750186
0.752483
0.752483
0.757058
0.757071
0.764104
0.773803
0.788411
0.795776
0.795776
0.807467
0.807467
0.812669
0.821666
0.822371
0.874668
0.878267
0.878267
0.892786
0.952338
0.97756
0.977595
0.977917
0.995664
1.00799
1.01242
1.01671
1.01719
1.03492
1.03858
1.04166
1.04421
1.08996
1.09302
1.10408
1.12192
1.15286
1.15698
1.16328
1.16417
1.16417
1.17664
1.18186
1.18618
1.21964
1.22179
1.23346
1.23346
1.23485
1.26851
1.29483
1.29948
1.36901
1.37968
1.41601
1.48176
1.48373
1.58433
1.59607
1.60193
1.62301
1.6967
1.71117
2.04631
2.37411
