0.177952
0.177952
0.196036
0.196036
0.216043
0.216944
0.230844
0.232363
0.244318
0.247177
0.256399
0.259142
0.269408
0.273632
0.280749
0.286839
0.292699
0.299289
0.304699
0.309547
0.316048
0.319961
0.325059
0.32972
0.333663
0.339542
0.343253
0.348297
0.35284
0.356934
0.360861
0.365373
0.371172
0.375945
0.379207
0.382519
0.386074
0.389717
0.393733
0.396026
0.39992
0.402271
0.40591
0.408158
0.410479
0.413861
0.417266
0.419901
0.4232
0.427369
0.430488
0.433493
0.436612
0.439806
0.443278
0.446948
0.450045
0.453471
0.457468
0.461297
0.464995
0.468371
0.471992
0.47545
0.478979
0.481546
0.48517
0.488991
0.491708
0.495831
0.498992
0.50272
0.505851
0.508808
0.511495
0.515957
0.519602
0.522475
0.526538
0.529416
0.533136
0.536533
0.540349
0.543582
0.547336
0.550004
0.553046
0.556324
0.559276
0.562941
0.567201
0.570215
0.573902
0.57636
0.580148
0.582926
0.586328
0.589512
0.59276
0.59592
0.59939
0.602788
0.606163
0.609619
0.613714
0.615891
0.619361
0.622886
0.627033
0.630196
0.633212
0.636622
0.640088
0.644029
0.646594
0.649468
0.653115
0.656337
0.660119
0.664139
0.668296
0.672187
0.676796
0.6819
0.687118
0.692685
0.696869
0.701503
0.706712
0.710925
0.716329
0.721324
0.727143
0.73292
0.739267
0.747479
0.75558
0.764201
0.770969
0.777662
0.785344
0.792993
0.801724
0.810664
0.818424
0.829393
0.838302
0.847979
0.859223
0.870241
0.878901
0.887865
0.896466
0.904436
0.913742
0.923371
0.932414
0.939106
0.949953
0.956374
0.964377
0.97459
0.984451
0.992618
1.00108
1.0123
1.02377
1.03587
1.04703
1.05672
1.07301
1.08397
1.09686
1.11124
1.13417
1.14597
1.15668
1.16714
1.17997
1.19374
1.20809
1.22721
1.24518
1.26583
1.28594
1.3038
1.32662
1.3578
1.38648
1.42136
1.47195
1.51901
1.57332
1.65517
1.69484
1.74546
1.86268
1.91624
2.01781
2.16903
