0.166411
0.166411
0.201739
0.201739
0.20736
0.20736
0.220238
0.220238
0.276671
0.276671
0.31234
0.31234
0.341197
0.341197
0.351387
0.351387
0.352564
0.352564
0.354509
0.354509
0.375319
0.375319
0.375941
0.375941
0.385802
0.385802
0.387456
0.387456
0.390945
0.390945
0.400138
0.400138
0.400371
0.400371
0.403071
0.407371
0.408018
0.408018
0.424249
0.424249
0.428656
0.430401
0.430401
0.439833
0.439833
0.444171
0.444171
0.447805
0.447805
0.450809
0.450809
0.454473
0.462328
0.462328
0.475027
0.475027
0.48011
0.490491
0.500146
0.500953
0.500953
0.503811
0.505978
0.506927
0.506927
0.51025
0.51025
0.514061
0.516202
0.516202
0.517425
0.517425
0.519833
0.519833
0.520217
0.520217
0.520917
0.520917
0.526531
0.531576
0.531748
0.531748
0.544184
0.55398
0.55398
0.559558
0.578024
0.582044
0.582044
0.582488
0.582488
0.582588
0.582588
0.597799
0.597799
0.600744
0.600744
0.613256
0.621993
0.633365
0.639649
0.639649
0.654172
0.654172
0.657036
0.657036
0.659362
0.663255
0.663255
0.664824
0.664824
0.66657
0.675771
0.675771
0.689016
0.695177
0.702302
0.705955
0.705955
0.706038
0.707399
0.70826
0.709686
0.711446
0.717689
0.718105
0.71924
0.722632
0.722632
0.730238
0.734112
0.736646
0.736646
0.752419
0.763122
0.763122
0.771358
0.777673
0.777673
0.782356
0.784239
0.7948
0.799471
0.800546
0.800546
0.807519
0.81455
0.821723
0.823849
0.823849
0.866538
0.885254
0.885254
0.890061
0.89988
0.909528
0.911392
0.917534
0.939667
0.939667
0.943239
0.943239
0.945793
0.945793
0.946125
0.999895
1.00184
1.00887
1.06465
1.0656
1.0656
1.07807
1.10907
1.1122
1.11978
1.12746
1.13535
1.15267
1.18809
1.18882
1.22591
1.24222
1.24957
1.26197
1.27117
1.29322
1.29561
1.30636
1.32601
1.34032
1.39742
1.44643
1.45601
1.52712
1.60499
1.63879
1.83329
1.91524
1.92702
2.29977
