0.328
0.328
0.328
0.328
0.328
0.328
0.328
0.328
0.328
0.328
0.328
0.328
0.328
0.328
0.328
0.329
0.329
0.33
0.33
0.33
0.331
0.332
0.332
0.333
0.333
0.333
0.333
0.334
0.334
0.334
0.334
0.334
0.334
0.336
0.337
0.338
0.338
0.338
0.338
0.338
0.338
0.338
0.339
0.34
0.341
0.341
0.345
0.347
0.35
0.352
0.352
0.356
0.359
0.36
0.366
0.366
0.372
0.373
0.378
0.38
0.382
0.382
0.382
0.385
0.389
0.391
0.392
0.394
0.396
0.399
0.4
0.401
0.404
0.406
0.407
0.412
0.416
0.42
0.425
0.43
0.433
0.434
0.438
0.443
0.445
0.448
0.451
0.459
0.464
0.467
0.471
0.475
0.475
0.476
0.483
0.486
0.49
0.492
0.495
0.496
0.497
0.499
0.502
0.512
0.518
0.523
0.526
0.526
0.529
0.534
0.536
0.542
0.545
0.548
0.552
0.556
0.56
0.566
0.569
0.57
0.574
0.579
0.583
0.586
0.59
0.593
0.597
0.6
0.605
0.609
0.611
0.617
0.624
0.629
0.637
0.645
0.651
0.653
0.658
0.662
0.665
0.667
0.668
0.671
0.678
0.684
0.688
0.696
0.702
0.707
0.712
0.713
0.721
0.724
0.731
0.735
0.74
0.748
0.754
0.763
0.768
0.777
0.779
0.783
0.787
0.79
0.794
0.802
0.806
0.815
0.824
0.828
0.839
0.848
0.854
0.863
0.869
0.873
0.879
0.884
0.886
0.89
0.9
0.908
0.918
0.925
0.937
0.946
0.953
0.965
0.972
0.979
0.983
0.993
0.999
1.009
1.011
1.016
1.031
1.036
1.045
1.052
1.061
1.072
1.08
1.092
1.099
1.105
1.116
1.125
1.129
1.138
1.145
1.162
1.171
1.177
1.19
1.198
1.206
1.211
1.22
1.227
1.235
1.243
1.251
1.263
1.27
1.273
1.286
1.295
1.309
1.317
1.327
1.335
1.338
1.344
1.358
1.372
1.384
1.393
1.398
1.404
1.411
1.416
1.425
1.436
1.454
1.467
1.476
1.486
1.496
1.505
1.517
1.528
1.543
1.561
1.568
1.579
1.593
1.612
1.631
1.645
1.658
1.677
1.688
1.704
1.726
1.737
1.76
1.783
1.806
1.835
1.86
1.889
1.914
1.939
1.961
1.992
2.028
2.054
2.089
2.133
2.176
2.219
2.287
2.346
2.404
2.46
2.517
2.575
2.674
2.769
2.88
3.053
3.312
3.53
3.687
3.853
3.959
4.224
