0.156503
0.156503
0.166326
0.166832
0.174169
0.17429
0.185028
0.185346
0.193547
0.194333
0.203735
0.205258
0.212768
0.214801
0.221844
0.225118
0.23338
0.236554
0.242003
0.24615
0.251612
0.256604
0.261115
0.266309
0.268358
0.273661
0.277003
0.283102
0.286076
0.292266
0.294357
0.299485
0.302934
0.307218
0.310097
0.313788
0.316641
0.319754
0.322628
0.325054
0.327732
0.330555
0.332977
0.33533
0.33804
0.340599
0.343118
0.346253
0.34902
0.351793
0.353809
0.356441
0.358722
0.361203
0.363416
0.366216
0.368202
0.37103
0.372793
0.375088
0.377083
0.378991
0.380706
0.3832
0.385434
0.387669
0.389705
0.391651
0.393258
0.395492
0.396777
0.398951
0.400725
0.402463
0.404194
0.405854
0.407984
0.409689
0.41157
0.413705
0.415749
0.417943
0.419951
0.422086
0.424158
0.426167
0.428816
0.430596
0.43353
0.435362
0.437466
0.439465
0.441424
0.443935
0.446564
0.448531
0.450758
0.452923
0.455501
0.457593
0.459315
0.462528
0.464254
0.466195
0.46798
0.470379
0.472481
0.47473
0.476581
0.478697
0.480317
0.482104
0.484425
0.486044
0.4884
0.490667
0.492832
0.494802
0.496533
0.498421
0.500399
0.502206
0.504286
0.50605
0.50843
0.510494
0.51312
0.515897
0.517597
0.519345
0.521434
0.523502
0.525273
0.527081
0.529404
0.531545
0.533513
0.535268
0.537409
0.539202
0.541116
0.543095
0.545621
0.548287
0.550421
0.551863
0.553851
0.555914
0.558205
0.560027
0.562971
0.564961
0.566929
0.569373
0.571981
0.57466
0.577454
0.579751
0.582059
0.584629
0.586799
0.589195
0.591623
0.593959
0.59599
0.598625
0.601411
0.603571
0.606527
0.609651
0.61204
0.614376
0.616566
0.619193
0.620978
0.623913
0.626204
0.628679
0.631133
0.634345
0.637826
0.640555
0.644005
0.646692
0.649585
0.651768
0.654465
0.656469
0.658969
0.66158
0.664311
0.667312
0.669582
0.67207
0.674369
0.676939
0.679381
0.681582
0.684004
0.686395
0.689463
0.693488
0.696478
0.699212
0.701752
0.70398
0.706358
0.709723
0.711804
0.714391
0.71657
0.718906
0.721161
0.723056
0.72556
0.727609
0.730501
0.733008
0.735679
0.738546
0.741318
0.74432
0.746773
0.749754
0.752567
0.755167
0.757179
0.760198
0.762796
0.766439
0.769706
0.77364
0.776588
0.779989
0.783158
0.787477
0.79069
0.793832
0.797612
0.802341
0.806653
0.812668
0.818006
0.82403
0.830863
0.836137
0.841859
0.848192
0.853886
0.859327
0.865162
0.871637
0.878046
0.882531
0.889154
0.89292
0.898278
0.903001
0.908872
0.914394
0.919795
0.924445
0.930228
0.936712
0.944159
0.952118
0.958378
0.964018
0.970413
0.97669
0.984846
0.994766
1.00252
1.01255
1.02253
1.03209
1.04337
1.05215
1.06263
1.07269
1.08588
1.10131
1.11643
1.12981
1.14092
1.15838
1.18444
1.19965
1.21846
1.23584
1.25325
1.27307
1.30065
1.32865
1.36644
1.4159
1.48061
1.50332
1.62188
1.71668
