0.153161
0.153161
0.173769
0.173769
0.181207
0.181207
0.182559
0.182559
0.213548
0.213548
0.219882
0.219882
0.233712
0.233712
0.233857
0.233857
0.263192
0.279045
0.279045
0.294716
0.294716
0.298871
0.298871
0.30065
0.30065
0.30457
0.30457
0.309912
0.309912
0.310125
0.310125
0.317753
0.317753
0.320194
0.320194
0.32308
0.32308
0.328465
0.328465
0.333276
0.333276
0.334068
0.334068
0.336437
0.336437
0.337206
0.339872
0.340331
0.340331
0.346186
0.346186
0.348187
0.348187
0.354923
0.354923
0.364264
0.364264
0.369054
0.369054
0.37477
0.37477
0.385289
0.387726
0.389442
0.389442
0.389811
0.389811
0.400876
0.400876
0.404885
0.404885
0.406019
0.406019
0.413544
0.413544
0.41399
0.41399
0.419046
0.421429
0.421429
0.426868
0.43082
0.43082
0.432935
0.432935
0.433371
0.437828
0.437828
0.439882
0.439882
0.441918
0.441918
0.442879
0.447007
0.45059
0.45059
0.452873
0.452873
0.458928
0.462365
0.462365
0.464205
0.467702
0.470159
0.472243
0.474677
0.474677
0.475488
0.475488
0.476218
0.476218
0.478997
0.478997
0.480791
0.480791
0.485473
0.485473
0.48664
0.48664
0.488666
0.488666
0.489712
0.489712
0.49181
0.496983
0.50206
0.50206
0.503437
0.503437
0.507672
0.507672
0.509919
0.515443
0.515443
0.517048
0.517048
0.517452
0.518279
0.518279
0.520591
0.521347
0.523147
0.523351
0.526495
0.529796
0.529796
0.53622
0.53622
0.538933
0.541842
0.541842
0.543638
0.545388
0.546274
0.54917
0.551018
0.551018
0.553219
0.553219
0.553232
0.553232
0.554138
0.559031
0.559525
0.559525
0.561852
0.561852
0.566741
0.566741
0.567231
0.571078
0.571228
0.571228
0.574907
0.576761
0.576761
0.579004
0.587908
0.587987
0.590814
0.591109
0.592442
0.594707
0.594723
0.596709
0.596709
0.597507
0.597507
0.600176
0.600176
0.609972
0.609972
0.626249
0.627642
0.627642
0.632992
0.637474
0.643059
0.646561
0.646561
0.658741
0.658741
0.658907
0.664522
0.670514
0.670514
0.681683
0.684244
0.684244
0.68985
0.694764
0.694884
0.701259
0.704293
0.70443
0.70443
0.723244
0.724029
0.73087
0.741374
0.744767
0.744767
0.747048
0.747048
0.761033
0.768066
0.768066
0.770299
0.774347
0.776388
0.778428
0.778839
0.782239
0.791119
0.79251
0.799267
0.806165
0.806165
0.808102
0.808736
0.808736
0.814036
0.815989
0.815989
0.825229
0.825229
0.826258
0.826829
0.84151
0.84393
0.848144
0.854158
0.857193
0.864054
0.86583
0.86583
0.869107
0.869107
0.871289
0.874994
0.885469
0.892309
0.892309
0.903518
0.904045
0.904583
0.916566
0.935785
0.943004
0.943004
0.945679
0.948773
0.950487
0.960923
0.96633
0.96633
0.972763
0.975452
0.990336
0.994538
0.997211
0.998294
1.0109
1.02177
1.0375
1.06053
1.08589
1.09027
1.10986
1.19754
1.19754
1.22135
1.31527
1.32935
1.40203
1.48949
1.55112
1.59829
1.64034
1.64293
