0
0
0
0
0
0
0
0
0
0
0
0
0
0
0
0
0
0
0
0
0
0.01
0.1
0.13
0.24
0.37
0.44
0.58
0.68
0.82
0.89
0.96
0.97
0.98
0.98
0.98
0.98
0.98
0.98
0.98
0.98
0.98
0.98
0.98
0.98
0.98
0.98
0.98
0.98
0.98
0.98
0.98
0.98
0.98
0.98
0.98
0.98
0.98
0.98
0.98
0.98
0.98
0.98
0.98
0.98
0.98
0.98
0.98
0.98
0.98
0.98
0.98
0.98
0.98
0.98
0.98
0.99
1
1
1
1.02
1.06
1.11
1.18
1.21
1.23
1.24
1.27
1.31
1.34
1.44
1.48
1.58
1.64
1.74
1.79
1.85
1.91
1.92
1.94
1.96
1.96
1.96
1.96
1.96
1.96
1.96
1.96
1.96
1.96
1.96
1.96
1.96
1.96
1.96
1.96
1.96
1.96
1.96
1.96
1.96
1.96
1.96
1.96
1.96
1.96
1.96
1.96
1.96
1.96
1.96
1.96
1.96
1.96
1.96
1.96
1.96
1.96
1.96
1.96
1.96
1.96
1.96
1.96
1.96
1.96
1.96
1.96
1.96
1.96
1.98
1.98
1.98
2.02
2.03
2.06
2.08
2.16
2.18
2.23
2.32
2.38
2.41
2.48
2.52
2.54
2.61
2.64
2.66
2.69
2.73
2.75
2.76
2.78
2.79
2.79
2.79
2.8
2.8
2.8
2.8
2.82
2.82
2.82
2.83
2.83
2.85
2.85
2.86
2.87
2.88
2.89
2.92
2.93
2.93
2.94
2.94
2.94
2.94
2.94
2.94
2.94
2.94
2.94
2.94
2.94
2.94
2.94
2.94
2.94
2.94
2.98
3.02
3.05
3.07
3.13
3.14
3.18
3.21
3.29
3.33
3.37
3.42
3.46
3.5
3.54
3.58
3.6
3.61
3.65
3.69
3.71
3.75
3.78
3.8
3.81
3.81
3.81
3.83
3.83
3.86
3.87
3.87
3.88
3.88
3.9
3.93
3.96
3.99
4.01
4.02
4.03
4.04
4.05
4.05
4.1
4.13
4.26
4.29
4.36
4.44
4.51
4.63
4.67
4.68
4.73
4.76
4.81
4.83
4.84
4.86
4.88
4.91
4.96
4.97
4.99
5.03
5.03
5.06
5.06
5.14
5.18
5.24
5.34
5.4
5.5
5.58
5.71
5.82
5.88
5.89
5.94
5.98
6.04
6.16
6.3
6.47
6.68
6.87
7.38
