0.160466
0.160466
0.171061
0.171061
0.18165
0.18165
0.190576
0.190909
0.197819
0.198969
0.206273
0.207301
0.213725
0.215592
0.220899
0.222718
0.228039
0.230412
0.234121
0.235915
0.240631
0.243309
0.246638
0.249642
0.253338
0.256531
0.259583
0.263309
0.266064
0.269718
0.273231
0.276326
0.279966
0.28312
0.286042
0.289279
0.292935
0.296037
0.299913
0.303634
0.307228
0.310765
0.313925
0.31664
0.319389
0.322307
0.325618
0.328788
0.332318
0.335931
0.339044
0.341066
0.344077
0.347298
0.351145
0.355002
0.35723
0.35987
0.361557
0.364437
0.366666
0.369257
0.371796
0.374236
0.376479
0.379573
0.381772
0.38343
0.385735
0.38821
0.390026
0.391877
0.39516
0.396981
0.398896
0.400969
0.402702
0.404686
0.406587
0.408607
0.410298
0.412105
0.41395
0.415671
0.417501
0.419921
0.42166
0.423571
0.426069
0.428047
0.429767
0.431679
0.433577
0.435086
0.436599
0.438555
0.440284
0.442083
0.444203
0.445813
0.447447
0.449095
0.450813
0.452877
0.454164
0.456116
0.457872
0.45949
0.461441
0.46361
0.465189
0.466884
0.468892
0.470616
0.472521
0.474141
0.476001
0.477544
0.479923
0.481596
0.483193
0.484975
0.487141
0.489104
0.49068
0.492314
0.494024
0.496364
0.497851
0.49964
0.501148
0.503055
0.50483
0.507036
0.508607
0.510408
0.511768
0.513205
0.514916
0.5172
0.519296
0.521076
0.52304
0.524901
0.527017
0.529377
0.531249
0.532729
0.534495
0.536154
0.538355
0.539954
0.542099
0.543903
0.545488
0.547291
0.548794
0.551455
0.553534
0.555943
0.557813
0.559838
0.562087
0.56416
0.566315
0.56812
0.570548
0.572436
0.574523
0.576529
0.57904
0.58086
0.582287
0.58442
0.586305
0.589153
0.591115
0.593136
0.595633
0.597621
0.599584
0.601261
0.603122
0.605198
0.607922
0.610377
0.612765
0.614902
0.616857
0.619406
0.62181
0.624381
0.62654
0.62882
0.631071
0.633676
0.636779
0.639619
0.642212
0.645116
0.648034
0.651457
0.654464
0.657426
0.660358
0.663208
0.66645
0.670138
0.673404
0.676172
0.679177
0.68248
0.685154
0.688199
0.691554
0.694619
0.697676
0.700853
0.70499
0.708195
0.711508
0.714722
0.718608
0.722715
0.726266
0.729945
0.733652
0.737628
0.741319
0.745351
0.749546
0.753831
0.757582
0.761375
0.764573
0.768155
0.771606
0.775081
0.778698
0.782388
0.786371
0.790489
0.79433
0.797307
0.801173
0.805394
0.809681
0.81383
0.81752
0.8232
0.827707
0.833635
0.838488
0.843931
0.85133
0.858634
0.864236
0.870386
0.876971
0.884623
0.891965
0.900291
0.906223
0.91585
0.924928
0.934065
0.943571
0.953716
0.961457
0.969282
0.976141
0.983876
0.990747
0.999902
1.00859
1.01826
1.02624
1.03441
1.0438
1.05431
1.06549
1.08229
1.09943
1.10892
1.12865
1.1457
1.15996
1.17767
1.20548
1.2241
1.24118
1.26165
1.28854
1.33442
1.36269
1.42072
1.45644
1.50583
1.54147
1.63371
