0.345537
0.345537
0.356474
0.356474
0.380972
0.380972
0.407815
0.407815
0.447952
0.447952
0.469847
0.501458
0.501458
0.551353
0.551353
0.578572
0.578572
0.588281
0.588281
0.60249
0.60249
0.613944
0.613944
0.666094
0.666094
0.685209
0.685209
0.68755
0.68755
0.690509
0.690509
0.757305
0.757305
0.805401
0.805401
0.842618
0.859339
0.859339
0.862877
0.864932
0.87561
0.87561
0.881688
0.881688
0.887578
0.887578
0.893398
0.893398
0.925542
0.950805
0.950805
0.965182
0.968846
0.968846
1.02106
1.02804
1.02804
1.03103
1.04205
1.04205
1.05052
1.06029
1.08296
1.08296
1.08649
1.08649
1.09011
1.09011
1.09504
1.10735
1.13934
1.17845
1.19059
1.22707
1.26645
1.30967
1.32263
1.41142
1.44226
1.48716
1.49241
1.50792
1.58336
1.63309
1.65105
1.65105
1.6571
1.66029
1.67398
1.67398
1.6877
1.80019
1.86546
1.92116
2.03841
2.03841
2.07319
2.28361
2.83661
3.03573
