0.154077
0.154077
0.2279
0.2279
0.35654
0.35654
0.367089
0.367089
0.451557
0.451557
0.483479
0.483479
0.497063
0.497063
0.498312
0.498312
0.506011
0.506011
0.525828
0.525828
0.534453
0.539602
0.60961
0.636576
0.636576
0.64034
0.64034
0.662414
0.680874
0.713011
0.713011
0.740195
0.741274
0.741274
0.773806
0.778435
0.841492
0.841492
0.869693
0.877302
0.891629
0.891629
0.910306
0.910306
0.933956
0.933956
0.951585
1.00069
1.00069
1.00074
1.00074
1.00717
1.00717
1.01695
1.07705
1.11819
1.14584
1.14601
1.14601
1.1532
1.20114
1.20384
1.20384
1.21668
1.21668
1.2223
1.30644
1.34121
1.36314
1.36314
1.38915
1.38915
1.39216
1.39216
1.39449
1.39449
1.40379
1.47538
1.55304
1.55304
1.56325
1.56636
1.57362
1.58319
1.60247
1.65832
1.72162
1.73524
1.73524
1.82555
1.86266
1.87647
2.029
2.0335
2.20931
2.20931
2.26333
2.28277
2.45558
2.47552
