0.224203
0.224203
0.298195
0.298195
0.391367
0.408988
0.408988
0.412212
0.412212
0.454195
0.454195
0.459681
0.459681
0.483732
0.483732
0.49661
0.49661
0.522675
0.522675
0.551901
0.551901
0.588574
0.588574
0.617832
0.617832
0.635722
0.672219
0.672219
0.696611
0.696611
0.706368
0.706368
0.708878
0.708878
0.772062
0.772062
0.786155
0.789232
0.789232
0.836044
0.836044
0.869808
0.869808
0.937632
0.937632
0.944843
0.972666
0.975931
0.975931
0.978812
1.0175
1.01808
1.03395
1.03878
1.03878
1.05382
1.05382
1.06045
1.06045
1.07098
1.07415
1.07415
1.11291
1.12208
1.13471
1.13795
1.13795
1.14193
1.14193
1.17426
1.18205
1.18205
1.19331
1.2199
1.26974
1.31959
1.38107
1.38107
1.40568
1.41893
1.47153
1.4752
1.48371
1.48371
1.67444
1.67444
1.676
1.676
1.69878
1.7782
1.81814
1.81814
1.83495
1.83495
1.92782
2.10063
2.13764
2.30223
2.46232
2.86022
