0.328
0.328
0.328
0.328
0.328
0.328
0.329
0.331
0.333
0.334
0.335
0.336
0.338
0.338
0.342
0.342
0.343
0.343
0.346
0.349
0.351
0.352
0.355
0.358
0.36
0.36
0.364
0.371
0.385
0.397
0.412
0.433
0.445
0.455
0.458
0.461
0.478
0.488
0.489
0.497
0.538
0.552
0.595
0.621
0.639
0.674
0.696
0.725
0.726
0.728
0.743
0.761
0.81
0.863
0.865
0.868
0.909
0.909
0.932
0.932
0.939
0.957
0.958
1
1
1
1
1
1
1
1
1
1
1
1.001
1.001
1.001
1.001
1.001
1.001
1.001
1.001
1.001
1.001
1.001
1.001
1.002
1.002
1.003
1.003
1.003
1.003
1.004
1.004
1.005
1.006
1.007
1.009
1.13
1.386
