0.216743
0.216743
0.31879
0.31879
0.376596
0.378602
0.416471
0.421471
0.438549
0.444742
0.462405
0.466889
0.482423
0.488192
0.511099
0.519548
0.535439
0.546944
0.571235
0.585311
0.598032
0.607058
0.618593
0.630978
0.643721
0.655127
0.665258
0.678891
0.695401
0.705208
0.720935
0.730467
0.753228
0.765546
0.786197
0.79927
0.820986
0.838321
0.853872
0.866194
0.873652
0.888144
0.901877
0.917149
0.928304
0.942342
0.95086
0.962696
0.974748
0.984708
0.993121
0.998645
1.00649
1.012
1.01878
1.02665
1.03301
1.04041
1.05242
1.06345
1.07655
1.08725
1.09756
1.11034
1.12506
1.13801
1.15294
1.16933
1.19216
1.20733
1.22587
1.24984
1.27483
1.31159
1.34918
1.37939
1.41055
1.44594
1.46735
1.49475
1.53255
1.56776
1.59721
1.62474
1.64964
1.68653
1.7184
1.73522
1.76151
1.79433
1.82388
1.86099
1.89456
1.9475
1.98305
2.03975
2.15634
2.3292
2.44622
2.73379
