0.328
0.328
0.328
0.328
0.328
0.328
0.328
0.331
0.331
0.332
0.332
0.332
0.333
0.333
0.335
0.337
0.337
0.338
0.339
0.339
0.339
0.339
0.339
0.342
0.343
0.343
0.343
0.343
0.345
0.346
0.347
0.348
0.349
0.35
0.35
0.353
0.358
0.359
0.363
0.367
0.369
0.37
0.371
0.377
0.378
0.381
0.384
0.385
0.388
0.391
0.393
0.396
0.403
0.409
0.416
0.428
0.433
0.435
0.443
0.445
0.449
0.454
0.462
0.466
0.467
0.471
0.472
0.477
0.482
0.483
0.486
0.488
0.489
0.49
0.496
0.502
0.506
0.513
0.52
0.524
0.53
0.539
0.552
0.557
0.565
0.568
0.573
0.58
0.583
0.591
0.6
0.605
0.607
0.61
0.619
0.627
0.634
0.645
0.651
0.661
0.675
0.686
0.693
0.699
0.705
0.71
0.721
0.728
0.735
0.746
0.754
0.768
0.777
0.791
0.8
0.813
0.823
0.83
0.842
0.852
0.863
0.882
0.898
0.91
0.92
0.933
0.949
0.96
0.973
0.984
1
1.013
1.027
1.045
1.058
1.071
1.085
1.098
1.115
1.132
1.145
1.164
1.179
1.197
1.216
1.231
1.256
1.273
1.286
1.309
1.331
1.355
1.376
1.392
1.417
1.435
1.459
1.487
1.508
1.536
1.556
1.585
1.601
1.634
1.661
1.683
1.707
1.736
1.759
1.791
1.827
1.867
1.906
1.936
1.974
2.011
2.062
2.095
2.144
2.194
2.25
2.313
2.383
2.443
2.517
2.585
2.658
2.744
2.796
2.923
3.015
3.106
3.237
3.389
3.563
3.822
4.04
4.421
4.682
5.004
