0.166416
0.166416
0.184377
0.184571
0.20118
0.201746
0.217047
0.218293
0.230503
0.239877
0.249468
0.256044
0.265128
0.273397
0.280613
0.290807
0.295676
0.30619
0.309451
0.319672
0.32352
0.332241
0.336532
0.345153
0.350524
0.356676
0.364233
0.367745
0.373628
0.376948
0.381855
0.385364
0.388824
0.392165
0.39561
0.399598
0.402657
0.406033
0.410456
0.413463
0.416948
0.421564
0.424894
0.428329
0.432178
0.435763
0.438771
0.442154
0.447033
0.449996
0.453504
0.456806
0.462044
0.466139
0.470876
0.474664
0.478577
0.483699
0.488371
0.493187
0.498413
0.503797
0.507188
0.511614
0.516559
0.521919
0.526204
0.531038
0.535441
0.538825
0.542458
0.547515
0.55209
0.556179
0.560324
0.564881
0.5696
0.572552
0.577572
0.580953
0.584628
0.589247
0.592919
0.597009
0.600927
0.605819
0.609926
0.613478
0.617614
0.622151
0.625252
0.629779
0.633717
0.63809
0.642086
0.646274
0.650154
0.655262
0.65888
0.663214
0.666948
0.671236
0.675981
0.682187
0.686961
0.692295
0.697648
0.70275
0.707992
0.715978
0.722172
0.728623
0.733737
0.741916
0.74854
0.75721
0.763855
0.770598
0.777231
0.783866
0.79251
0.798595
0.805871
0.814779
0.821101
0.828093
0.837033
0.844674
0.851915
0.860968
0.868627
0.875615
0.882116
0.890261
0.898268
0.904705
0.911632
0.917392
0.92307
0.927645
0.932324
0.93802
0.943563
0.948841
0.955401
0.960252
0.965712
0.971953
0.976534
0.983013
0.989105
0.99742
1.00315
1.0107
1.01861
1.02571
1.03272
1.04064
1.04908
1.05465
1.06029
1.06524
1.07395
1.08103
1.08886
1.09587
1.10327
1.11032
1.11744
1.1264
1.13524
1.14384
1.1538
1.17116
1.18498
1.19533
1.2077
1.21709
1.23056
1.24559
1.26272
1.28681
1.30843
1.33319
1.36398
1.39126
1.41517
1.43255
1.45523
1.48336
1.50972
1.53303
1.56071
1.58675
1.6187
1.66271
1.73627
1.87
1.94854
2.31162
