0.15394
0.15394
0.163854
0.163854
0.175469
0.175469
0.227439
0.227439
0.244237
0.244237
0.244631
0.244631
0.247141
0.247141
0.252303
0.252303
0.255118
0.255881
0.255881
0.264261
0.264261
0.27227
0.285664
0.285664
0.285991
0.302191
0.302191
0.303201
0.303201
0.326223
0.338127
0.338127
0.338569
0.338569
0.351718
0.351718
0.357017
0.357017
0.359259
0.359259
0.363233
0.366582
0.374513
0.377273
0.377273
0.388034
0.391031
0.391031
0.393247
0.397557
0.397631
0.398431
0.401161
0.401161
0.405322
0.405322
0.406324
0.406324
0.407098
0.407098
0.416865
0.416865
0.424419
0.424419
0.430048
0.437943
0.437943
0.442423
0.442423
0.44408
0.44942
0.44942
0.455767
0.455919
0.479184
0.479184
0.503809
0.503809
0.504007
0.507688
0.507688
0.516109
0.522075
0.522075
0.538673
0.540032
0.565114
0.565114
0.570123
0.570438
0.570438
0.580555
0.585334
0.585334
0.587896
0.606315
0.612343
0.632228
0.632228
0.634286
0.637607
0.638331
0.640443
0.644576
0.644576
0.662674
0.662674
0.663774
0.663774
0.664367
0.664367
0.675294
0.675294
0.694021
0.694021
0.69556
0.695568
0.695568
0.697169
0.697169
0.700229
0.703706
0.704368
0.704368
0.704451
0.714287
0.745876
0.750906
0.752329
0.756226
0.766961
0.770863
0.780415
0.808698
0.813941
0.813941
0.857469
0.857469
0.858725
0.858725
0.880578
0.881098
0.881098
0.886508
0.886508
0.887485
0.887485
0.894212
0.896804
0.896804
0.907621
0.907621
0.935323
0.935323
0.960119
0.960853
0.960853
0.962493
0.98201
0.999861
1.0011
1.01233
1.01459
1.01459
1.01693
1.02405
1.02405
1.02696
1.02696
1.03058
1.03614
1.0567
1.06281
1.13859
1.17665
1.27853
1.29577
1.29577
1.3084
1.32901
1.34994
1.35564
1.38312
1.38615
1.44773
1.47978
1.5012
1.53823
1.60019
1.60089
1.67796
1.68538
1.6925
1.70792
1.94547
1.97617
1.99842
2.10899
2.2032
2.2032
