0.15033
0.15033
0.17346
0.17346
0.205595
0.205595
0.213107
0.213107
0.232189
0.232189
0.291784
0.291784
0.315055
0.315055
0.319011
0.319011
0.331404
0.345177
0.345177
0.368015
0.368015
0.373142
0.373142
0.376885
0.392643
0.392643
0.397419
0.397419
0.404996
0.404996
0.407269
0.407269
0.430379
0.432413
0.432413
0.447315
0.447315
0.456471
0.456903
0.464242
0.464242
0.469638
0.474069
0.474069
0.47642
0.47649
0.477254
0.477254
0.484952
0.484952
0.486458
0.486458
0.489082
0.513071
0.513071
0.515788
0.515788
0.526872
0.526872
0.527144
0.527144
0.530229
0.530229
0.531764
0.531764
0.5477
0.5477
0.547718
0.552818
0.553068
0.553068
0.564331
0.564331
0.576018
0.576018
0.576645
0.576645
0.580095
0.580095
0.587899
0.617718
0.620801
0.620801
0.626919
0.630138
0.630138
0.634019
0.634019
0.651226
0.674573
0.674573
0.675966
0.675966
0.675985
0.678305
0.68334
0.68334
0.701538
0.705039
0.707599
0.707599
0.711485
0.731105
0.731105
0.73603
0.73603
0.736062
0.736062
0.738757
0.745711
0.745711
0.760043
0.762164
0.762164
0.7887
0.7887
0.795794
0.796131
0.798684
0.828116
0.82963
0.82963
0.830672
0.841617
0.853029
0.855496
0.855931
0.861421
0.861421
0.866706
0.878189
0.88496
0.906951
0.917904
0.941165
0.941165
0.96495
0.96495
0.966646
0.970568
0.971873
0.971873
0.978255
0.984476
1.00069
1.01434
1.02322
1.02707
1.04397
1.04431
1.04777
1.05102
1.06415
1.06415
1.06618
1.0695
1.0699
1.08821
1.09158
1.09989
1.10308
1.10308
1.10998
1.12149
1.13015
1.13015
1.13099
1.1315
1.1315
1.15618
1.16253
1.16253
1.17169
1.17169
1.17887
1.17887
1.19676
1.19676
1.19889
1.21308
1.2477
1.25753
1.27145
1.27171
1.291
1.32438
1.41101
1.46271
1.48199
1.4832
1.48616
1.54614
1.56458
1.60204
1.61387
1.6215
1.62378
1.94722
2.01847
2.01847
