0.04
0.12
0.19
0.26
0.34
0.43
0.5
0.66
0.76
0.83
0.89
0.93
0.96
0.97
0.97
0.98
0.98
0.98
0.98
0.98
0.98
0.98
0.98
0.98
0.98
0.98
0.98
0.98
0.98
0.98
0.98
0.98
0.98
0.98
0.98
0.98
0.98
0.98
0.98
0.98
0.98
0.98
0.98
0.98
0.98
0.98
0.98
0.99
1.0
1.0
1.03
1.05
1.08
1.12
1.17
1.23
1.26
1.36
1.46
1.56
1.66
1.74
1.8
1.86
1.9
1.93
1.94
1.94
1.96
1.96
1.96
1.96
1.96
1.96
1.96
1.96
1.96
1.96
1.96
1.96
1.96
1.96
1.96
1.96
1.96
1.96
1.96
1.96
1.96
1.96
1.96
1.96
1.97
1.97
1.98
2.04
2.05
2.09
2.13
2.21
2.27
2.33
2.36
2.4
2.44
2.49
2.57
2.6
2.66
2.71
2.76
2.83
2.86
2.87
2.91
2.92
2.93
2.93
2.94
2.96
2.97
2.97
2.97
3.01
3.04
3.09
3.21
3.25
3.32
3.36
3.41
3.43
3.54
3.59
3.63
3.64
3.66
3.67
3.75
3.79
3.9
4.01
4.13
4.29
4.46
4.58
4.63
4.69
4.79
5.05
5.23
5.42
5.77
6.19
6.66
6.88
7.36
7.97
