0.63
0.8
0.84
0.9
1.0
1.08
1.22
1.33
1.44
1.44
1.47
1.49
1.51
1.54
1.55
1.56
1.58
1.59
1.61
1.61
1.63
1.67
1.68
1.71
1.74
1.74
1.77
1.81
1.82
1.85
1.86
1.89
1.95
2.04
2.1
2.15
2.16
2.2
2.23
2.23
2.24
2.26
2.26
2.29
2.31
2.32
2.33
2.34
2.34
2.37
2.39
2.41
2.41
2.43
2.44
2.45
2.46
2.47
2.48
2.49
2.49
2.49
2.53
2.53
2.53
2.56
2.56
2.59
2.59
2.6
2.6
2.63
2.64
2.68
2.72
2.78
2.81
2.82
2.83
2.86
2.9
2.93
2.98
2.98
3.02
3.07
3.11
3.12
3.13
3.14
3.15
3.16
3.16
3.19
3.22
3.24
3.28
3.3
3.3
3.31
3.33
3.38
3.39
3.4
3.41
3.42
3.42
3.43
3.43
3.47
3.47
3.49
3.49
3.5
3.51
3.53
3.56
3.63
3.67
3.7
3.72
3.79
3.83
3.85
3.87
3.89
3.9
3.91
3.92
3.96
4.0
4.01
4.04
4.06
4.06
4.08
4.08
4.09
4.1
4.16
4.25
4.29
4.3
4.36
4.37
4.39
4.43
4.5
4.56
4.6
4.62
4.68
4.71
4.73
4.74
4.77
4.8
4.85
4.89
4.92
4.92
4.97
5.07
5.13
5.18
5.2
5.26
5.3
5.38
5.46
5.53
5.57
5.64
5.73
5.81
5.89
5.98
6.05
6.13
6.27
6.48
6.61
6.74
6.98
7.13
7.38
7.86
8.97
9.92
10.68
11.38
12.88
13.88
15.31
16.54
17.74
19.64
22.18
24.1
33.32
