0.151605
0.151605
0.157964
0.158168
0.162807
0.163525
0.168928
0.169891
0.175092
0.176485
0.181867
0.184041
0.188643
0.191634
0.19747
0.200964
0.206834
0.209438
0.213601
0.216328
0.220481
0.222514
0.22754
0.229727
0.234784
0.238006
0.242098
0.245006
0.249072
0.251754
0.255176
0.257499
0.262089
0.264956
0.268925
0.272123
0.275799
0.278019
0.281214
0.283824
0.28673
0.289475
0.292616
0.29488
0.298149
0.301013
0.303446
0.306325
0.308151
0.310913
0.313726
0.316219
0.318427
0.321624
0.323654
0.326584
0.328037
0.330496
0.332432
0.335471
0.337683
0.339546
0.340837
0.34312
0.344965
0.347089
0.349203
0.35074
0.352865
0.355044
0.35702
0.358913
0.360689
0.362579
0.364472
0.366788
0.368826
0.371086
0.372491
0.374626
0.376188
0.378218
0.380032
0.382488
0.384508
0.386284
0.388986
0.39083
0.392624
0.39457
0.396625
0.398845
0.400929
0.402504
0.405117
0.406578
0.408401
0.410339
0.412736
0.414615
0.416462
0.418502
0.42064
0.422343
0.424239
0.426313
0.428665
0.430667
0.432887
0.435455
0.438443
0.439955
0.442365
0.444425
0.447173
0.449154
0.451028
0.453001
0.455018
0.457436
0.459722
0.462175
0.464252
0.466637
0.469142
0.470931
0.473089
0.475064
0.477432
0.480014
0.482299
0.4844
0.486854
0.490668
0.492808
0.495046
0.496972
0.499683
0.502167
0.504791
0.506954
0.509842
0.512529
0.514644
0.516842
0.519045
0.521423
0.523773
0.526291
0.528507
0.530944
0.53298
0.534926
0.537066
0.538808
0.541472
0.5439
0.546628
0.548564
0.550676
0.552888
0.555678
0.557932
0.560587
0.563189
0.565687
0.56901
0.571562
0.574475
0.577176
0.58068
0.583012
0.586247
0.588981
0.591929
0.594402
0.597547
0.601036
0.603585
0.607081
0.609922
0.613109
0.616843
0.619925
0.623467
0.626011
0.62883
0.631855
0.635767
0.638969
0.642437
0.646594
0.650536
0.655394
0.65849
0.661705
0.664578
0.668359
0.671986
0.675223
0.678264
0.682022
0.685108
0.688818
0.693209
0.69738
0.700329
0.706939
0.710884
0.716232
0.72143
0.726799
0.732503
0.737906
0.743819
0.748625
0.755557
0.762229
0.768448
0.774577
0.779641
0.785805
0.790485
0.795576
0.799218
0.803593
0.809716
0.814464
0.820143
0.826572
0.83326
0.839119
0.845751
0.852563
0.858449
0.865848
0.872267
0.878575
0.884256
0.890329
0.895425
0.900754
0.906384
0.911524
0.916751
0.922292
0.927042
0.934579
0.941574
0.949315
0.955564
0.963416
0.970868
0.977246
0.983549
0.991485
0.998463
1.00492
1.0113
1.01724
1.02215
1.02846
1.03454
1.03993
1.04579
1.05141
1.05951
1.06623
1.07548
1.08503
1.09346
1.10289
1.11486
1.12553
1.13522
1.14464
1.156
1.16901
1.18636
1.20037
1.21866
1.23919
1.2611
1.28413
1.30283
1.32541
1.36397
1.38817
1.41608
1.45296
1.50286
1.54786
1.5727
1.67421
1.77259
1.87543
1.90489
1.97082
2.01931
2.48528
