0
0
0
0
0
0
0
0
0
0
0
0
0
0
0
0
0
0
0
0
0
0
0
0
0
0
0
0
0
0
0
0
0
0
0
0
0.01
0.01
0.04
0.07
0.13
0.26
0.42
0.53
0.65
0.77
0.86
0.95
0.98
0.98
0.98
0.98
0.98
0.98
0.98
0.98
0.98
0.98
0.98
0.98
0.98
0.98
0.98
0.98
0.98
0.98
0.98
0.98
0.98
0.98
0.98
0.98
0.98
0.98
0.98
0.98
0.98
0.98
0.98
0.98
0.98
0.98
0.98
0.98
0.98
0.98
0.98
0.98
0.98
0.98
0.98
1
1.01
1.04
1.07
1.12
1.15
1.21
1.23
1.27
1.34
1.39
1.45
1.54
1.62
1.64
1.7
1.72
1.74
1.74
1.79
1.82
1.83
1.83
1.89
1.9
1.91
1.92
1.92
1.94
1.96
1.96
1.96
1.96
1.96
1.96
1.96
1.96
1.96
1.96
1.96
1.96
1.96
1.96
1.96
1.96
1.96
1.96
1.96
1.96
1.96
1.96
1.96
1.96
1.96
1.96
1.96
1.96
1.96
1.97
1.97
1.98
2
2.01
2.05
2.11
2.14
2.16
2.25
2.32
2.38
2.42
2.48
2.55
2.58
2.58
2.61
2.64
2.65
2.66
2.69
2.69
2.7
2.72
2.77
2.79
2.8
2.82
2.83
2.83
2.88
2.91
2.92
2.92
2.93
2.94
2.94
2.94
2.94
2.94
2.94
2.94
2.94
2.94
2.94
2.94
2.95
2.95
2.95
2.96
2.98
2.99
3.02
3.03
3.11
3.18
3.26
3.3
3.35
3.39
3.39
3.41
3.44
3.45
3.48
3.49
3.51
3.55
3.56
3.6
3.61
3.63
3.65
3.65
3.66
3.68
3.71
3.71
3.75
3.77
3.81
3.81
3.84
3.87
3.94
4.01
4.05
4.1
4.17
4.24
4.3
4.36
4.4
4.42
4.49
4.5
4.52
4.55
4.55
4.57
4.58
4.59
4.6
4.6
4.61
4.62
4.63
4.67
4.7
4.83
4.89
4.99
5.11
5.15
5.22
5.29
5.38
5.48
5.53
5.54
5.58
5.59
5.59
5.62
5.65
5.73
5.78
5.89
5.99
6.12
6.28
6.37
6.44
6.48
6.51
6.59
6.64
6.71
6.89
7.06
7.23
7.37
7.5
7.71
7.88
8.15
8.42
8.65
8.88
9.83
