0.152208
0.152208
0.156859
0.157026
0.161212
0.161262
0.165753
0.166153
0.171259
0.17264
0.17717
0.179003
0.183983
0.186154
0.191671
0.194558
0.199602
0.202241
0.20638
0.209629
0.214302
0.217806
0.222086
0.224957
0.23054
0.232894
0.237341
0.239973
0.244782
0.247287
0.251303
0.25345
0.257333
0.260931
0.264539
0.267808
0.270813
0.273936
0.277346
0.280828
0.284291
0.28755
0.291091
0.293833
0.297319
0.30029
0.303136
0.305689
0.309326
0.311549
0.314494
0.317016
0.319632
0.322068
0.324448
0.326821
0.329304
0.33125
0.333592
0.335716
0.337627
0.339635
0.341926
0.345059
0.347215
0.349098
0.351232
0.353133
0.354628
0.35652
0.35831
0.360243
0.361658
0.363415
0.365373
0.367527
0.369128
0.371787
0.373794
0.375838
0.377902
0.379793
0.381933
0.383621
0.386401
0.388366
0.390423
0.392229
0.39424
0.396703
0.398688
0.400624
0.402658
0.404609
0.406696
0.408194
0.410272
0.412143
0.414421
0.416068
0.418344
0.420598
0.422888
0.42516
0.426843
0.429149
0.43124
0.434074
0.436242
0.439077
0.441525
0.443835
0.445877
0.448261
0.450203
0.452766
0.454595
0.456047
0.458021
0.460069
0.461838
0.463371
0.465215
0.466908
0.468434
0.470146
0.471702
0.473468
0.475341
0.477962
0.480066
0.482498
0.484986
0.487136
0.489555
0.491679
0.493791
0.496276
0.498631
0.500259
0.502701
0.505862
0.508554
0.510856
0.512791
0.515056
0.5174
0.51954
0.521761
0.523842
0.526093
0.527861
0.529972
0.532392
0.534664
0.53646
0.538097
0.540243
0.542744
0.545133
0.54772
0.550261
0.553343
0.555383
0.557864
0.560141
0.562498
0.565458
0.568003
0.570727
0.573063
0.575299
0.578488
0.581288
0.584028
0.586917
0.589344
0.592674
0.594914
0.598535
0.601687
0.604266
0.607116
0.610178
0.614218
0.617218
0.620582
0.623841
0.626447
0.630125
0.633531
0.637336
0.640586
0.643413
0.646793
0.650117
0.653693
0.657179
0.660985
0.664192
0.66712
0.670593
0.674372
0.678308
0.682517
0.685873
0.689227
0.694709
0.699181
0.702869
0.707764
0.712825
0.717994
0.722209
0.727134
0.732401
0.73884
0.742965
0.748228
0.75334
0.757912
0.762734
0.76768
0.77345
0.778427
0.783561
0.788708
0.795756
0.803486
0.809675
0.817128
0.824386
0.831803
0.838981
0.844375
0.852658
0.860064
0.8664
0.873877
0.880005
0.88875
0.894948
0.901173
0.90934
0.914745
0.921466
0.927363
0.933921
0.940342
0.945213
0.951422
0.958494
0.966151
0.973765
0.979851
0.987014
0.994495
1.00097
1.00725
1.01234
1.0183
1.02547
1.02992
1.036
1.04328
1.05047
1.05878
1.06646
1.07736
1.08723
1.09799
1.10819
1.1187
1.1291
1.13989
1.15248
1.1646
1.17745
1.19099
1.21056
1.23259
1.26756
1.29718
1.32835
1.35444
1.37477
1.39678
1.42336
1.44983
1.4773
1.50638
1.52676
1.55882
1.62172
1.68552
1.74742
1.8288
1.88748
1.98163
2.37751
