0.59
0.74
0.8
0.82
0.85
0.89
0.91
0.93
0.99
1.01
1.06
1.1
1.13
1.19
1.2
1.2
1.22
1.24
1.3
1.39
1.44
1.44
1.45
1.5
1.5
1.52
1.56
1.62
1.64
1.65
1.65
1.66
1.67
1.69
1.74
1.75
1.77
1.8
1.8
1.82
1.86
1.88
1.92
1.94
1.94
1.95
1.98
2.01
2.04
2.06
2.1
2.13
2.15
2.18
2.21
2.23
2.25
2.26
2.26
2.26
2.28
2.29
2.31
2.32
2.35
2.36
2.38
2.4
2.41
2.43
2.43
2.44
2.45
2.45
2.47
2.49
2.51
2.52
2.54
2.55
2.56
2.58
2.58
2.58
2.58
2.6
2.6
2.6
2.6
2.61
2.61
2.61
2.63
2.65
2.65
2.66
2.68
2.7
2.74
2.75
2.78
2.81
2.82
2.84
2.86
2.88
2.93
2.96
2.99
3.04
3.1
3.13
3.14
3.14
3.15
3.15
3.16
3.17
3.19
3.2
3.23
3.23
3.25
3.25
3.25
3.25
3.26
3.26
3.29
3.3
3.31
3.31
3.31
3.31
3.34
3.34
3.35
3.35
3.36
3.37
3.41
3.45
3.46
3.48
3.48
3.49
3.49
3.49
3.5
3.52
3.53
3.53
3.53
3.53
3.54
3.54
3.56
3.57
3.59
3.61
3.63
3.65
3.68
3.73
3.79
3.8
3.82
3.85
3.86
3.89
3.93
3.95
3.95
3.98
4.01
4.04
4.08
4.09
4.1
4.13
4.14
4.14
4.16
4.17
4.19
4.19
4.2
4.21
4.23
4.26
4.26
4.26
4.27
4.27
4.27
4.27
4.29
4.29
4.3
4.31
4.31
4.32
4.35
4.4
4.42
4.44
4.48
4.49
4.49
4.5
4.53
4.55
4.61
4.64
4.67
4.72
4.76
4.8
4.89
4.91
4.91
4.96
4.99
4.99
5.01
5.02
5.03
5.06
5.1
5.13
5.16
5.17
5.18
5.22
5.23
5.23
5.25
5.29
5.33
5.37
5.4
5.46
5.47
5.5
5.5
5.55
5.59
5.62
5.68
5.74
5.79
5.85
5.89
5.96
6
6.02
6.03
6.09
6.11
6.2
6.26
6.34
6.39
6.42
6.46
6.48
6.56
6.63
6.7
6.8
6.82
6.89
6.99
7.09
7.19
7.26
7.33
7.4
7.49
7.59
7.75
7.83
8.07
8.26
8.5
8.74
8.95
9.4
10.67
11.83
12.71
13.46
14.29
15.71
16.87
18.33
20.16
22.33
25.91
31.17
