0.328
0.328
0.328
0.328
0.328
0.328
0.328
0.328
0.328
0.328
0.33
0.33
0.33
0.33
0.33
0.332
0.332
0.332
0.332
0.332
0.332
0.332
0.332
0.332
0.332
0.332
0.333
0.333
0.334
0.335
0.335
0.335
0.335
0.335
0.335
0.335
0.336
0.338
0.339
0.339
0.339
0.339
0.339
0.339
0.339
0.341
0.341
0.341
0.342
0.344
0.345
0.345
0.345
0.345
0.345
0.345
0.346
0.346
0.346
0.347
0.347
0.348
0.349
0.349
0.349
0.35
0.351
0.352
0.352
0.353
0.355
0.355
0.355
0.355
0.357
0.357
0.357
0.357
0.358
0.358
0.36
0.361
0.362
0.363
0.363
0.364
0.364
0.365
0.365
0.365
0.366
0.368
0.369
0.369
0.37
0.372
0.372
0.374
0.374
0.375
0.375
0.376
0.377
0.379
0.38
0.381
0.382
0.384
0.385
0.385
0.385
0.386
0.386
0.386
0.388
0.39
0.391
0.393
0.396
0.396
0.4
0.402
0.402
0.404
0.405
0.407
0.407
0.408
0.411
0.414
0.416
0.417
0.417
0.418
0.421
0.422
0.423
0.428
0.431
0.432
0.432
0.433
0.436
0.437
0.438
0.439
0.445
0.448
0.45
0.456
0.462
0.465
0.466
0.469
0.471
0.475
0.478
0.481
0.486
0.488
0.489
0.493
0.494
0.494
0.497
0.501
0.504
0.507
0.513
0.519
0.521
0.526
0.527
0.532
0.533
0.536
0.543
0.545
0.546
0.551
0.556
0.563
0.568
0.573
0.579
0.584
0.587
0.594
0.598
0.601
0.609
0.61
0.611
0.613
0.619
0.623
0.628
0.63
0.637
0.647
0.657
0.664
0.667
0.668
0.673
0.679
0.69
0.692
0.7
0.704
0.713
0.719
0.726
0.733
0.74
0.747
0.75
0.759
0.763
0.773
0.778
0.785
0.794
0.802
0.815
0.817
0.821
0.827
0.833
0.835
0.842
0.852
0.858
0.87
0.88
0.884
0.891
0.897
0.905
0.913
0.923
0.927
0.933
0.942
0.947
0.952
0.965
0.973
0.981
0.986
0.997
1.007
1.012
1.015
1.017
1.018
1.02
1.023
1.025
1.03
1.038
1.043
1.045
1.046
1.048
1.055
1.056
1.057
1.059
1.063
1.068
1.076
1.077
1.084
1.09
1.096
1.109
1.117
1.134
1.144
1.16
1.18
1.201
1.212
1.23
1.252
1.27
1.302
1.332
1.365
1.395
1.431
1.478
1.515
1.565
1.622
1.671
1.743
1.828
2.162
