0
0
0
0
0
0
0
0
0
0
0
0
0
0
0
0
0
0
0
0
0
0
0
0
0
0
0
0
0
0
0
0
0
0
0
0
0
0.01
0.01
0.01
0.01
0.01
0.03
0.03
0.03
0.04
0.04
0.04
0.04
0.04
0.05
0.05
0.05
0.05
0.05
0.06
0.06
0.06
0.06
0.06
0.06
0.06
0.06
0.07
0.07
0.07
0.08
0.08
0.08
0.09
0.09
0.09
0.09
0.09
0.1
0.1
0.1
0.1
0.1
0.11
0.11
0.11
0.11
0.12
0.12
0.12
0.12
0.12
0.14
0.14
0.14
0.14
0.14
0.14
0.14
0.14
0.14
0.14
0.15
0.15
0.17
0.17
0.17
0.18
0.18
0.19
0.19
0.19
0.19
0.2
0.21
0.22
0.22
0.22
0.24
0.25
0.25
0.25
0.26
0.26
0.28
0.29
0.3
0.3
0.31
0.31
0.31
0.33
0.33
0.33
0.33
0.34
0.35
0.37
0.37
0.38
0.39
0.39
0.39
0.39
0.41
0.42
0.44
0.46
0.47
0.48
0.48
0.5
0.5
0.51
0.51
0.51
0.53
0.53
0.53
0.57
0.58
0.58
0.61
0.62
0.64
0.68
0.68
0.69
0.7
0.7
0.71
0.71
0.72
0.73
0.76
0.79
0.8
0.81
0.82
0.83
0.84
0.85
0.89
0.9
0.92
0.94
1.01
1.03
1.04
1.05
1.07
1.1
1.12
1.15
1.19
1.21
1.25
1.27
1.29
1.31
1.34
1.36
1.37
1.42
1.44
1.46
1.47
1.47
1.5
1.51
1.53
1.54
1.55
1.58
1.6
1.62
1.65
1.68
1.69
1.69
1.72
1.74
1.75
1.77
1.77
1.79
1.83
1.87
1.92
1.96
1.98
2
2.02
2.06
2.11
2.16
2.19
2.23
2.33
2.38
2.43
2.5
2.56
2.6
2.62
2.65
2.69
2.75
2.76
2.82
2.94
3
3.07
3.15
3.22
3.35
3.46
3.53
3.56
3.61
3.64
3.75
3.87
3.91
4.03
4.1
4.26
4.35
4.46
4.54
4.59
4.7
4.85
4.96
5.04
5.22
5.33
5.51
5.66
5.76
5.88
6.06
6.22
6.44
6.63
6.86
7
7.13
7.34
7.51
7.73
7.97
8.24
8.58
8.86
9.09
9.39
9.59
9.96
10.39
10.9
11.31
12.18
14.6
