0.215563
0.215563
0.250081
0.250081
0.290685
0.290685
0.327008
0.327229
0.347862
0.35217
0.365386
0.368698
0.382564
0.388397
0.400557
0.411241
0.423135
0.442907
0.45021
0.465195
0.480362
0.5022
0.509195
0.529843
0.537867
0.556401
0.568605
0.586391
0.601189
0.62484
0.653909
0.670946
0.709895
0.720542
0.737966
0.749343
0.762255
0.780185
0.791703
0.803583
0.820658
0.835608
0.850666
0.862035
0.874074
0.884196
0.895623
0.907671
0.920092
0.935933
0.950084
0.96379
0.983146
0.994024
1.00617
1.01629
1.02974
1.04306
1.05457
1.0745
1.09517
1.11152
1.1366
1.15202
1.16611
1.1857
1.21457
1.23839
1.2793
1.31243
1.34515
1.36329
1.38431
1.40098
1.41887
1.4359
1.47174
1.49353
1.51853
1.5412
1.5617
1.58138
1.6082
1.63896
1.67448
1.71388
1.73448
1.7398
1.75552
1.7747
1.81497
1.83972
1.85794
1.8864
1.9659
2.0173
2.07321
2.62215
3.06511
4.14062
