0.152795
0.152795
0.208945
0.208945
0.226587
0.226587
0.243948
0.243948
0.279616
0.279616
0.295738
0.295738
0.392646
0.392646
0.437081
0.437081
0.455141
0.455141
0.479617
0.479617
0.526841
0.526841
0.545499
0.57294
0.57294
0.587198
0.600701
0.600701
0.600978
0.600978
0.646318
0.670649
0.670649
0.675922
0.675922
0.691549
0.693667
0.693667
0.710297
0.71069
0.867091
0.867091
0.873753
0.873753
0.879685
0.879685
0.915619
0.930083
0.976899
0.976899
1.01368
1.01368
1.01524
1.01524
1.02825
1.03271
1.05373
1.05856
1.05856
1.08023
1.08452
1.09097
1.09097
1.12879
1.1518
1.18204
1.22213
1.23143
1.24356
1.24356
1.30346
1.34985
1.34985
1.37717
1.39086
1.40291
1.43317
1.44735
1.46157
1.50305
1.55639
1.55702
1.55819
1.67892
1.68777
1.69575
1.69575
1.69627
1.75986
1.78482
1.78482
1.78675
1.81848
1.83396
2.02737
2.21915
2.37132
2.53782
3.11206
3.80088
