0.328
0.328
0.328
0.328
0.328
0.328
0.329
0.331
0.332
0.334
0.335
0.336
0.338
0.339
0.34
0.343
0.345
0.347
0.351
0.354
0.358
0.364
0.374
0.383
0.391
0.4
0.407
0.425
0.443
0.451
0.454
0.461
0.47
0.479
0.49
0.506
0.517
0.531
0.546
0.566
0.581
0.596
0.61
0.624
0.644
0.667
0.681
0.699
0.721
0.743
0.76
0.784
0.809
0.825
0.855
0.877
0.895
0.923
0.943
0.964
0.992
1.019
1.05
1.076
1.107
1.149
1.19
1.231
1.272
1.316
1.353
1.398
1.449
1.504
1.557
1.611
1.708
1.805
1.878
1.966
2.028
2.097
2.175
2.246
2.327
2.403
2.518
2.615
2.704
2.874
2.98
3.172
3.459
3.838
4.101
4.385
4.52
4.618
4.785
5.082
