0.176144
0.176144
0.205968
0.205968
0.229662
0.229662
0.253233
0.253233
0.282008
0.282008
0.303901
0.303901
0.333073
0.334158
0.355802
0.3572
0.401973
0.410105
0.428479
0.438164
0.457947
0.464175
0.485688
0.490079
0.510073
0.516494
0.537309
0.54157
0.56298
0.570061
0.596649
0.625524
0.65737
0.676775
0.703263
0.718649
0.7364
0.752647
0.764998
0.784497
0.810312
0.830409
0.841842
0.85258
0.866106
0.880688
0.900902
0.915383
0.928635
0.939313
0.952236
0.971149
0.987202
0.999341
1.01408
1.02674
1.03762
1.04927
1.06263
1.07688
1.08931
1.10205
1.1194
1.13984
1.15564
1.17934
1.21205
1.23751
1.25962
1.29264
1.32865
1.35529
1.38764
1.41219
1.43667
1.45304
1.46977
1.48675
1.51926
1.55438
1.58732
1.61762
1.65173
1.68526
1.7055
1.72102
1.73856
1.74806
1.75984
1.77744
1.80133
1.82859
1.85676
1.89268
1.9932
2.03565
2.19134
2.6129
3.06981
3.94018
