0.328
0.328
0.328
0.328
0.328
0.328
0.328
0.329
0.33
0.334
0.335
0.335
0.335
0.336
0.336
0.339
0.339
0.341
0.341
0.342
0.344
0.347
0.348
0.35
0.351
0.351
0.353
0.355
0.359
0.363
0.367
0.373
0.379
0.389
0.406
0.421
0.445
0.475
0.495
0.509
0.541
0.565
0.602
0.628
0.648
0.708
0.718
0.756
0.761
0.82
0.821
0.829
0.835
0.846
0.855
0.855
0.931
0.931
1
1
1
1
1
1
1
1
1
1
1
1
1
1
1
1
1
1
1
1
1
1
1
1
1.001
1.001
1.001
1.001
1.001
1.001
1.001
1.001
1.001
1.002
1.003
1.004
1.005
1.005
1.005
1.008
1.01
1.092
