0.171405
0.171405
0.184539
0.184539
0.197904
0.197904
0.212026
0.212744
0.227409
0.229178
0.241335
0.246032
0.255372
0.258189
0.265051
0.267792
0.27466
0.279236
0.283402
0.288043
0.291809
0.297331
0.301896
0.307593
0.310872
0.314473
0.318055
0.322971
0.326993
0.332206
0.336233
0.340384
0.343896
0.347827
0.351467
0.35583
0.358881
0.364253
0.366072
0.370253
0.373414
0.377493
0.381143
0.384591
0.387976
0.391967
0.396787
0.401497
0.406651
0.412088
0.417235
0.423772
0.428342
0.433792
0.437669
0.442312
0.446346
0.4505
0.454826
0.458709
0.461804
0.465463
0.469863
0.474037
0.479315
0.48333
0.487161
0.491701
0.495658
0.499143
0.504225
0.50828
0.513146
0.516928
0.521034
0.524993
0.529289
0.532268
0.536647
0.540478
0.544337
0.548477
0.552981
0.557447
0.561296
0.565554
0.570115
0.574292
0.578056
0.581981
0.587098
0.592082
0.597701
0.602232
0.607058
0.61245
0.617203
0.622138
0.626626
0.633066
0.638178
0.643275
0.649726
0.657963
0.66305
0.671778
0.679379
0.686095
0.693931
0.699668
0.706294
0.713929
0.720532
0.727625
0.732891
0.741311
0.74638
0.752501
0.757047
0.762581
0.768464
0.774528
0.779626
0.787141
0.794937
0.800469
0.807146
0.812761
0.818684
0.824778
0.8313
0.838967
0.843898
0.850631
0.85568
0.862342
0.868249
0.87716
0.884629
0.890711
0.896836
0.904248
0.913757
0.920692
0.929524
0.936921
0.943044
0.950521
0.957934
0.965629
0.974003
0.982084
0.98913
0.996656
1.00464
1.01175
1.0188
1.02677
1.033
1.0386
1.04476
1.05053
1.05826
1.0652
1.07152
1.07791
1.08523
1.09116
1.09731
1.10315
1.10939
1.11778
1.12438
1.13228
1.14329
1.15206
1.16437
1.17567
1.19152
1.20621
1.22515
1.24026
1.25781
1.27941
1.30187
1.32505
1.35507
1.38491
1.41073
1.43409
1.47859
1.50211
1.55438
1.57054
1.66511
1.7533
1.81145
1.89179
2.08327
2.97347
