0.328
0.328
0.328
0.328
0.328
0.328
0.328
0.328
0.328
0.328
0.328
0.328
0.328
0.328
0.328
0.328
0.329
0.329
0.33
0.331
0.332
0.333
0.333
0.334
0.334
0.334
0.334
0.334
0.335
0.335
0.335
0.336
0.338
0.338
0.338
0.338
0.339
0.34
0.341
0.342
0.342
0.342
0.342
0.344
0.344
0.345
0.346
0.346
0.346
0.347
0.347
0.347
0.348
0.348
0.351
0.351
0.352
0.352
0.352
0.353
0.354
0.357
0.358
0.36
0.36
0.36
0.36
0.363
0.364
0.365
0.367
0.367
0.37
0.371
0.371
0.373
0.376
0.377
0.378
0.379
0.38
0.381
0.382
0.384
0.388
0.391
0.391
0.393
0.398
0.399
0.401
0.405
0.406
0.407
0.408
0.41
0.412
0.413
0.416
0.422
0.425
0.43
0.437
0.444
0.455
0.47
0.476
0.483
0.486
0.491
0.496
0.503
0.505
0.509
0.515
0.518
0.522
0.532
0.541
0.55
0.56
0.565
0.572
0.58
0.589
0.598
0.603
0.607
0.61
0.614
0.631
0.636
0.638
0.646
0.649
0.672
0.682
0.686
0.688
0.689
0.691
0.694
0.7
0.704
0.709
0.712
0.717
0.734
0.75
0.753
0.793
0.817
0.826
0.84
0.855
0.858
0.859
0.867
0.87
0.872
0.903
0.941
0.941
0.97
0.974
1.001
1.001
1.001
1.002
1.002
1.003
1.003
1.003
1.004
1.004
1.004
1.005
1.006
1.006
1.006
1.008
1.008
1.009
1.01
1.011
1.012
1.013
1.017
1.022
1.024
1.026
1.032
1.035
1.039
1.041
1.05
1.06
1.067
1.151
1.186
