0
0
0
0
0
0
0
0
0
0
0
0
0
0
0
0
0
0
0
0
0
0
0
0
0
0
0
0
0
0
0
0
0
0
0
0
0
0
0
0
0
0
0
0.01
0.01
0.01
0.01
0.03
0.03
0.03
0.04
0.04
0.04
0.04
0.05
0.05
0.05
0.05
0.05
0.05
0.05
0.05
0.06
0.07
0.07
0.07
0.07
0.07
0.07
0.08
0.08
0.08
0.08
0.08
0.08
0.08
0.08
0.09
0.09
0.09
0.09
0.1
0.1
0.1
0.1
0.1
0.1
0.1
0.1
0.11
0.11
0.11
0.11
0.11
0.11
0.13
0.13
0.14
0.17
0.17
0.17
0.19
0.22
0.22
0.22
0.23
0.23
0.24
0.25
0.25
0.26
0.26
0.27
0.27
0.28
0.29
0.33
0.33
0.36
0.36
0.38
0.39
0.39
0.39
0.4
0.4
0.41
0.42
0.43
0.44
0.44
0.44
0.45
0.45
0.45
0.45
0.46
0.47
0.47
0.48
0.48
0.49
0.5
0.5
0.53
0.55
0.58
0.63
0.65
0.66
0.67
0.71
0.76
0.81
0.85
0.9
0.94
1.01
1.03
1.06
1.1
1.15
1.19
1.23
1.27
1.29
1.32
1.33
1.35
1.36
1.38
1.38
1.38
1.39
1.4
1.41
1.43
1.44
1.45
1.49
1.5
1.54
1.56
1.6
1.65
1.68
1.71
1.72
1.75
1.8
1.82
1.83
1.9
1.94
2.04
2.18
2.33
2.62
2.97
3.64
