0.152386
0.152386
0.153503
0.153503
0.157574
0.157574
0.177979
0.177979
0.20562
0.20562
0.240094
0.240094
0.292996
0.292996
0.299401
0.299401
0.309283
0.309283
0.327401
0.327401
0.336009
0.336009
0.339581
0.339581
0.346995
0.346995
0.347107
0.364773
0.364773
0.367551
0.367551
0.378151
0.378151
0.383473
0.383473
0.390093
0.390093
0.394496
0.394496
0.398078
0.398078
0.400564
0.400564
0.403098
0.403098
0.408554
0.408554
0.410298
0.410298
0.411504
0.418976
0.420442
0.420442
0.447736
0.447736
0.450482
0.454057
0.454057
0.457602
0.457602
0.463528
0.465295
0.469271
0.469271
0.474334
0.474334
0.474558
0.479911
0.479911
0.487396
0.487396
0.495922
0.497976
0.497976
0.514502
0.51538
0.515918
0.525759
0.525759
0.527635
0.530081
0.530081
0.541449
0.542331
0.549404
0.568478
0.568478
0.571641
0.588597
0.588597
0.60462
0.604927
0.604927
0.607888
0.607888
0.609401
0.620424
0.620424
0.620555
0.620555
0.622883
0.642278
0.642278
0.642936
0.659914
0.691742
0.734686
0.734686
0.738264
0.738264
0.739402
0.739402
0.746644
0.750348
0.750348
0.754231
0.758251
0.761474
0.761474
0.76304
0.779853
0.784886
0.788541
0.788541
0.791249
0.791249
0.798623
0.802894
0.809308
0.80943
0.817745
0.858048
0.858509
0.858509
0.899066
0.918277
0.919125
0.91972
0.936989
0.945822
0.945822
0.951291
0.962738
0.963073
0.963073
0.983232
0.983232
1.0151
1.02313
1.02862
1.03418
1.03418
1.05557
1.06594
1.06876
1.07775
1.08417
1.08605
1.08605
1.08737
1.08737
1.0903
1.09097
1.10657
1.11277
1.13601
1.14517
1.15582
1.17571
1.18294
1.18358
1.18358
1.18572
1.18986
1.2084
1.20969
1.21231
1.21231
1.23992
1.29577
1.29577
1.32328
1.32328
1.33903
1.33903
1.4342
1.44029
1.46363
1.47872
1.47912
1.47981
1.50048
1.50048
1.59154
1.59325
1.81886
1.83888
1.93042
2.66986
2.83101
