0.173263
0.173263
0.178949
0.178949
0.198966
0.198966
0.217824
0.217824
0.243355
0.243355
0.249646
0.249646
0.278393
0.278393
0.286011
0.286011
0.290893
0.290893
0.300628
0.300628
0.3087
0.3087
0.317748
0.317748
0.324944
0.324944
0.345183
0.345183
0.364993
0.364993
0.378892
0.378892
0.381869
0.381869
0.382095
0.384033
0.386873
0.386873
0.388531
0.388531
0.394984
0.394984
0.39667
0.39667
0.400993
0.400993
0.402955
0.402955
0.415104
0.415104
0.416126
0.416126
0.424822
0.424822
0.427468
0.444926
0.444926
0.451477
0.451477
0.45589
0.456586
0.456586
0.464988
0.467982
0.471134
0.47311
0.475697
0.475697
0.479132
0.479132
0.484412
0.484658
0.487789
0.487789
0.491692
0.50676
0.50676
0.510469
0.510469
0.52053
0.527976
0.528622
0.529848
0.534044
0.546918
0.548104
0.572048
0.572048
0.579676
0.579676
0.582067
0.584844
0.585443
0.585443
0.59478
0.601324
0.601324
0.605337
0.605337
0.612874
0.62913
0.646246
0.646246
0.660446
0.660871
0.660871
0.67455
0.67455
0.676391
0.676391
0.711871
0.714621
0.714621
0.716474
0.723185
0.731844
0.735071
0.73635
0.740031
0.740031
0.741211
0.757679
0.759918
0.76452
0.76452
0.765438
0.773072
0.786335
0.786335
0.791997
0.791997
0.798285
0.798285
0.809913
0.810875
0.810875
0.820395
0.820395
0.857087
0.865948
0.867425
0.867425
0.890104
0.890104
0.903546
0.90411
0.90411
0.915082
0.923168
0.923168
0.936778
0.937818
0.955628
1.0143
1.01654
1.01654
1.01805
1.0181
1.01909
1.02409
1.0385
1.0385
1.0573
1.0573
1.06235
1.06235
1.07518
1.11246
1.11246
1.12031
1.12218
1.1334
1.14171
1.15805
1.15805
1.16202
1.16869
1.17078
1.18458
1.20965
1.27496
1.32755
1.32993
1.33881
1.35189
1.38194
1.54406
1.54659
1.5788
1.5826
1.66809
1.66809
1.67137
1.68295
1.70614
1.77902
1.8754
1.89979
1.92854
2.67235
