0.161554
0.161554
0.174452
0.174452
0.188276
0.189114
0.201623
0.202737
0.213384
0.215457
0.225425
0.226954
0.23541
0.237463
0.246435
0.248043
0.256355
0.258555
0.267357
0.26909
0.279163
0.282375
0.289607
0.292025
0.299202
0.302947
0.310208
0.313885
0.319652
0.324054
0.329167
0.333518
0.337586
0.341446
0.344385
0.348916
0.351748
0.356749
0.359489
0.364995
0.367293
0.371378
0.37407
0.378723
0.38253
0.389158
0.392928
0.396656
0.400098
0.404239
0.410302
0.415128
0.41947
0.425646
0.429075
0.435298
0.440095
0.444369
0.448581
0.453175
0.457182
0.461052
0.465789
0.471154
0.476504
0.480622
0.485859
0.490085
0.494578
0.497678
0.50089
0.504782
0.509545
0.512976
0.51664
0.520649
0.524035
0.527637
0.530934
0.53505
0.53803
0.541767
0.546362
0.550198
0.553047
0.557835
0.562462
0.566372
0.571322
0.576622
0.58262
0.587226
0.592861
0.59743
0.604318
0.609538
0.615653
0.623204
0.629319
0.636909
0.642908
0.651272
0.656035
0.660858
0.667023
0.672088
0.67922
0.684901
0.691698
0.69763
0.703915
0.71003
0.715184
0.719786
0.728036
0.73305
0.736964
0.742687
0.748139
0.753765
0.759362
0.765089
0.77048
0.775203
0.781142
0.784706
0.789819
0.794504
0.798849
0.804255
0.810716
0.815715
0.821477
0.827455
0.832495
0.837393
0.844831
0.849927
0.858349
0.865474
0.873966
0.88115
0.887616
0.894303
0.902236
0.910834
0.919256
0.926232
0.932115
0.93965
0.947892
0.957387
0.965954
0.975359
0.984429
0.991361
0.99936
1.00798
1.01566
1.02406
1.03098
1.03992
1.04837
1.05657
1.06497
1.0728
1.07901
1.08563
1.09296
1.10124
1.11041
1.12075
1.12928
1.13931
1.14922
1.15912
1.17012
1.18365
1.19714
1.20963
1.22903
1.24924
1.27004
1.29041
1.32381
1.36283
1.408
1.4418
1.46756
1.50178
1.52796
1.55174
1.57995
1.61201
1.65269
1.70099
1.76043
1.84345
1.91124
2.98843
