0.65
0.82
0.92
1.01
1.07
1.1
1.17
1.2
1.27
1.38
1.45
1.47
1.54
1.61
1.64
1.67
1.68
1.69
1.69
1.7
1.7
1.72
1.73
1.73
1.74
1.78
1.81
1.83
1.86
1.89
1.92
1.96
1.97
2
2.04
2.06
2.08
2.1
2.11
2.12
2.17
2.2
2.27
2.32
2.36
2.38
2.39
2.42
2.42
2.42
2.42
2.44
2.44
2.46
2.46
2.48
2.51
2.52
2.53
2.55
2.56
2.58
2.59
2.6
2.61
2.64
2.66
2.68
2.71
2.76
2.79
2.83
2.88
2.88
2.9
2.94
2.94
2.99
3.03
3.03
3.03
3.05
3.05
3.1
3.11
3.12
3.12
3.13
3.15
3.17
3.17
3.21
3.22
3.23
3.25
3.27
3.28
3.3
3.31
3.32
3.33
3.36
3.36
3.37
3.37
3.37
3.41
3.41
3.42
3.44
3.46
3.53
3.57
3.62
3.65
3.68
3.71
3.74
3.75
3.76
3.79
3.81
3.82
3.83
3.86
3.87
3.88
3.89
3.89
3.91
3.93
3.96
4
4.01
4.01
4.02
4.04
4.06
4.07
4.09
4.12
4.14
4.16
4.2
4.22
4.23
4.27
4.3
4.33
4.37
4.44
4.47
4.48
4.51
4.54
4.57
4.61
4.64
4.69
4.71
4.73
4.77
4.8
4.84
4.89
4.93
4.97
5.04
5.07
5.11
5.16
5.2
5.24
5.35
5.44
5.54
5.62
5.66
5.79
5.93
6.11
6.34
6.52
6.94
7.17
7.7
8.83
9.45
9.8
10.44
11.07
11.67
12.16
13.18
14.42
15.6
17.06
18.67
21.57
27.16
