0.11
0.25
0.35
0.47
0.53
0.63
0.66
0.67
0.68
0.75
0.79
0.8
0.82
0.84
0.86
0.88
0.94
0.97
1.01
1.04
1.1
1.11
1.11
1.14
1.18
1.19
1.19
1.2
1.21
1.3
1.32
1.36
1.37
1.41
1.43
1.46
1.49
1.52
1.53
1.58
1.61
1.63
1.64
1.67
1.69
1.69
1.72
1.79
1.8
1.85
1.86
1.88
1.92
1.94
1.98
1.99
2.0
2.02
2.04
2.04
2.05
2.07
2.08
2.09
2.1
2.14
2.17
2.2
2.23
2.23
2.25
2.27
2.27
2.28
2.28
2.33
2.34
2.35
2.39
2.4
2.44
2.47
2.53
2.57
2.59
2.6
2.62
2.65
2.7
2.71
2.71
2.73
2.76
2.77
2.78
2.83
2.85
2.87
2.87
2.88
2.93
2.99
3.04
3.1
3.11
3.13
3.16
3.2
3.2
3.21
3.24
3.25
3.29
3.32
3.36
3.38
3.41
3.45
3.49
3.5
3.55
3.59
3.62
3.63
3.66
3.68
3.7
3.72
3.72
3.76
3.78
3.83
3.85
3.88
3.89
3.94
4.0
4.01
4.04
4.05
4.08
4.19
4.27
4.3
4.33
4.36
4.38
4.43
4.46
4.52
4.56
4.61
4.65
4.68
4.78
4.86
4.94
5.01
5.06
5.11
5.14
5.22
5.3
5.38
5.45
5.56
5.64
5.76
5.86
5.94
6.0
6.08
6.18
6.35
6.47
6.62
6.74
6.88
6.98
7.21
7.33
7.51
7.71
7.96
8.18
8.48
8.97
9.4
9.94
10.46
10.98
11.45
11.97
12.84
13.85
15.61
16.46
18.37
24.45
31.48
