0.15268
0.15268
0.157901
0.158253
0.162418
0.162684
0.169547
0.17022
0.177728
0.178826
0.185194
0.186585
0.192021
0.193845
0.199336
0.200757
0.205182
0.207615
0.211959
0.213935
0.218758
0.22107
0.224788
0.228652
0.231767
0.235629
0.238703
0.242605
0.244798
0.248708
0.251925
0.25468
0.257746
0.261488
0.263738
0.267661
0.269624
0.27278
0.274975
0.27791
0.279731
0.282751
0.28492
0.287434
0.28889
0.291167
0.29331
0.295682
0.297373
0.300252
0.301785
0.304312
0.306219
0.308831
0.310481
0.312787
0.3152
0.316558
0.318639
0.320671
0.322741
0.325087
0.327026
0.328988
0.330951
0.333246
0.334928
0.337434
0.338743
0.341198
0.342946
0.344885
0.346969
0.349578
0.351608
0.353644
0.356397
0.358488
0.360362
0.362602
0.364928
0.367156
0.36915
0.371511
0.373321
0.375722
0.377764
0.379768
0.381734
0.383609
0.386189
0.388171
0.390251
0.392592
0.395165
0.39754
0.400047
0.401692
0.404442
0.406464
0.408751
0.411129
0.413347
0.41595
0.418318
0.420552
0.422235
0.424229
0.426335
0.428723
0.431491
0.434277
0.436251
0.438351
0.440065
0.442089
0.443686
0.445596
0.447325
0.449569
0.45163
0.45413
0.456385
0.458298
0.460201
0.462327
0.464003
0.466887
0.469831
0.472188
0.474483
0.476789
0.479478
0.481669
0.483881
0.486207
0.488991
0.491312
0.492965
0.495623
0.498246
0.499898
0.502507
0.504622
0.507013
0.509333
0.512144
0.515142
0.51752
0.519911
0.522755
0.525158
0.527491
0.529927
0.532032
0.534558
0.537113
0.539575
0.542381
0.54509
0.54771
0.549595
0.551739
0.55378
0.557399
0.56007
0.563303
0.566157
0.570098
0.572805
0.57587
0.579143
0.582318
0.585624
0.588885
0.5921
0.595226
0.598143
0.601921
0.604622
0.607245
0.610046
0.613264
0.616486
0.620379
0.623292
0.627366
0.630694
0.634075
0.638391
0.641695
0.644499
0.647296
0.65065
0.655016
0.659914
0.663294
0.666166
0.670339
0.673929
0.677766
0.681541
0.684865
0.688709
0.692358
0.696473
0.702695
0.706043
0.710269
0.713669
0.717692
0.720666
0.724423
0.72715
0.730186
0.733286
0.737647
0.741482
0.744769
0.748084
0.752582
0.757
0.761295
0.76537
0.76912
0.773016
0.777213
0.782829
0.787168
0.790558
0.795526
0.799235
0.80295
0.806896
0.811242
0.815078
0.819023
0.82249
0.826631
0.830923
0.83569
0.840128
0.8455
0.850565
0.856645
0.862174
0.86762
0.872572
0.878981
0.884915
0.889751
0.896258
0.900969
0.906913
0.913523
0.919961
0.927252
0.933818
0.942015
0.949403
0.95664
0.963773
0.971229
0.978704
0.98556
0.993653
1.00092
1.00708
1.01456
1.02212
1.03158
1.0379
1.04851
1.0551
1.06551
1.07431
1.0868
1.09796
1.11234
1.12905
1.14837
1.16451
1.1884
1.22289
1.25672
1.28245
1.31239
1.34075
1.37859
1.39742
1.41808
1.43918
1.45443
1.49775
1.53053
1.55205
1.59998
1.66744
1.73027
1.85365
