0.152386
0.152386
0.153469
0.153469
0.155644
0.155644
0.158859
0.158859
0.1646
0.1646
0.185375
0.185375
0.186171
0.186171
0.19295
0.19295
0.210818
0.210818
0.213387
0.213387
0.215398
0.215398
0.219461
0.219461
0.2217
0.2217
0.223412
0.223412
0.226758
0.226758
0.242841
0.242841
0.245574
0.245574
0.252278
0.252278
0.260056
0.264673
0.264673
0.273424
0.273424
0.274878
0.274878
0.279009
0.279009
0.282464
0.296674
0.314128
0.314128
0.321288
0.321288
0.321352
0.321352
0.321792
0.321792
0.328367
0.328367
0.330079
0.330079
0.330576
0.330576
0.342709
0.342709
0.343495
0.343495
0.343758
0.343758
0.34511
0.34511
0.3463
0.3463
0.349241
0.350134
0.350134
0.353791
0.353791
0.35895
0.35895
0.360051
0.365731
0.365731
0.368335
0.368335
0.372533
0.372533
0.388474
0.388474
0.391278
0.391278
0.391485
0.397594
0.397594
0.398402
0.405648
0.406203
0.407258
0.409064
0.409064
0.409289
0.409289
0.410377
0.41041
0.41041
0.414647
0.419336
0.419336
0.421448
0.424078
0.424078
0.426393
0.426393
0.430236
0.430236
0.431468
0.431928
0.431928
0.441
0.444293
0.444293
0.446
0.446
0.44646
0.44646
0.446662
0.454548
0.454548
0.456258
0.458311
0.458311
0.460259
0.460259
0.46068
0.46068
0.465914
0.466871
0.472661
0.476554
0.476554
0.477793
0.478599
0.486002
0.486403
0.486403
0.489219
0.489219
0.491857
0.496234
0.496234
0.502537
0.502537
0.503409
0.505256
0.50629
0.506493
0.506594
0.506594
0.509022
0.519126
0.519126
0.521071
0.521071
0.523039
0.523039
0.523077
0.524073
0.525447
0.539879
0.542232
0.542232
0.549917
0.549917
0.555155
0.555155
0.560183
0.562066
0.568478
0.568478
0.589368
0.593937
0.600881
0.604051
0.606483
0.607123
0.608574
0.625687
0.628467
0.628467
0.631585
0.631585
0.640009
0.640348
0.64216
0.64216
0.644809
0.644809
0.650477
0.650477
0.655096
0.655096
0.658822
0.663125
0.671752
0.671752
0.674153
0.675065
0.679146
0.68887
0.6921
0.708904
0.718767
0.718767
0.719551
0.722337
0.723637
0.723637
0.753152
0.763867
0.778473
0.778473
0.778954
0.778954
0.781694
0.78212
0.783079
0.784866
0.784866
0.785065
0.787841
0.79193
0.801295
0.803865
0.803865
0.809628
0.815739
0.822836
0.822836
0.831917
0.831917
0.835663
0.83687
0.844658
0.844658
0.856487
0.859313
0.861962
0.900206
0.910651
0.920885
0.921205
0.931178
0.947974
0.96341
0.992684
0.999531
1.00156
1.00156
1.00491
1.00491
1.03154
1.03268
1.03458
1.03876
1.05595
1.0624
1.06769
1.08802
1.09761
1.09835
1.09835
1.10438
1.11225
1.11346
1.13418
1.15461
1.17341
1.18358
1.18358
1.18572
1.22141
1.22763
1.23992
1.24693
1.26935
1.27894
1.29577
1.29577
1.32328
1.32328
1.33903
1.33903
1.39614
1.42347
1.46128
1.54787
1.56422
1.59317
1.63548
1.65548
1.78955
1.98425
