0.151676
0.151676
0.153187
0.153187
0.153454
0.153454
0.155566
0.155566
0.165494
0.165494
0.174606
0.174606
0.186865
0.186865
0.21014
0.23549
0.235983
0.235983
0.244292
0.244292
0.268833
0.268833
0.272603
0.272603
0.277159
0.277159
0.280287
0.280287
0.29137
0.29137
0.293802
0.293802
0.307236
0.307236
0.308122
0.308122
0.315775
0.315775
0.31801
0.31801
0.321831
0.321831
0.326178
0.326178
0.329875
0.33172
0.337236
0.340761
0.340761
0.342761
0.342761
0.344131
0.344131
0.344452
0.344452
0.348174
0.348174
0.351215
0.351659
0.351659
0.355755
0.356452
0.356452
0.356823
0.356823
0.366894
0.366894
0.367177
0.368376
0.368376
0.369202
0.369202
0.374575
0.37478
0.37583
0.37583
0.380713
0.380713
0.383839
0.383839
0.389716
0.389716
0.390771
0.390771
0.394101
0.394101
0.396539
0.396539
0.402266
0.402266
0.404783
0.404783
0.407814
0.407814
0.414668
0.414668
0.416197
0.416197
0.420622
0.420622
0.426232
0.426232
0.426609
0.426609
0.427659
0.427659
0.433495
0.433495
0.436288
0.436922
0.440676
0.440676
0.448203
0.448203
0.449534
0.465083
0.466622
0.466622
0.467214
0.467214
0.468488
0.469696
0.469696
0.47652
0.479933
0.479933
0.481883
0.481883
0.489655
0.489655
0.491646
0.491646
0.49183
0.49183
0.494202
0.494202
0.511764
0.511764
0.512688
0.512688
0.51973
0.51973
0.520057
0.533773
0.536231
0.536231
0.536889
0.551578
0.553097
0.554915
0.555596
0.555596
0.556738
0.55719
0.55921
0.55921
0.564945
0.568063
0.57163
0.57163
0.572188
0.573903
0.577021
0.580359
0.590021
0.590596
0.590993
0.600525
0.602046
0.613935
0.614653
0.614653
0.619723
0.620068
0.620068
0.62239
0.624734
0.625173
0.625173
0.627317
0.627317
0.635482
0.635482
0.643516
0.643516
0.643772
0.643772
0.64444
0.64444
0.649425
0.65056
0.651191
0.652341
0.656202
0.657933
0.657933
0.65932
0.665254
0.665254
0.665783
0.68702
0.688755
0.688755
0.690999
0.717857
0.717857
0.733257
0.735596
0.745732
0.745732
0.748434
0.757073
0.757926
0.759923
0.760988
0.760988
0.761222
0.762798
0.774306
0.774306
0.777026
0.785284
0.793389
0.795677
0.795677
0.797979
0.802329
0.809517
0.809525
0.810293
0.816477
0.823682
0.823682
0.82614
0.832658
0.842153
0.842434
0.847901
0.852171
0.855047
0.858816
0.858816
0.862099
0.862099
0.862544
0.866679
0.866679
0.868713
0.875745
0.878392
0.885972
0.888402
0.888402
0.8912
0.904787
0.908665
0.909107
0.918152
0.926379
0.970666
0.970666
0.985237
0.991382
0.99755
0.99755
1.00229
1.02033
1.03328
1.03328
1.03572
1.05444
1.06279
1.0748
1.10245
1.10961
1.15399
1.24828
1.26267
1.2755
1.27608
1.27608
1.28708
1.30914
1.30914
1.31252
1.33903
1.33903
1.34916
1.34916
1.35125
1.41231
1.42662
1.42662
1.43401
1.49712
1.52338
1.62576
1.63548
1.63548
1.85226
