0.196029
0.196029
0.337594
0.337594
0.451728
0.451728
0.509189
0.509189
0.558524
0.559312
0.59287
0.598424
0.611908
0.616835
0.630758
0.63712
0.650059
0.657259
0.670005
0.682358
0.693803
0.713707
0.724178
0.744497
0.760815
0.778673
0.787112
0.802899
0.814983
0.825915
0.835761
0.847288
0.859331
0.872061
0.884454
0.894092
0.905804
0.914227
0.922002
0.931434
0.940502
0.951627
0.963174
0.972535
0.985958
0.998745
1.01408
1.02823
1.04284
1.05322
1.07106
1.08228
1.1053
1.11826
1.13652
1.14766
1.15798
1.16597
1.17321
1.18254
1.19214
1.20149
1.21165
1.22384
1.23376
1.24641
1.26236
1.2778
1.29475
1.30898
1.32715
1.34551
1.3646
1.38422
1.40266
1.43905
1.47013
1.49938
1.53396
1.56014
1.59055
1.62028
1.64197
1.67629
1.7128
1.75128
1.78926
1.81686
1.83979
1.86406
1.89007
1.92289
1.95289
1.97334
1.99761
2.03696
2.13083
2.26877
3.12945
3.2543
