0.296466
0.296466
0.399372
0.399372
0.447598
0.447606
0.485107
0.487462
0.511491
0.517633
0.532143
0.543886
0.554373
0.570798
0.577047
0.610701
0.630669
0.642917
0.658115
0.675546
0.688705
0.711701
0.730765
0.74792
0.771025
0.782845
0.795785
0.804881
0.819032
0.827154
0.837876
0.849166
0.858824
0.86773
0.878101
0.889669
0.89951
0.91017
0.920358
0.93169
0.939182
0.950573
0.962389
0.975952
0.990049
1.00868
1.02241
1.0351
1.04245
1.05312
1.06033
1.07344
1.08768
1.10646
1.11855
1.13312
1.14305
1.15519
1.16669
1.17247
1.18199
1.19175
1.20236
1.2126
1.22553
1.23817
1.25258
1.26688
1.28094
1.29778
1.32556
1.37256
1.4061
1.43452
1.45964
1.48381
1.50671
1.5306
1.57016
1.60534
1.63459
1.64967
1.6705
1.6896
1.71407
1.75216
1.77841
1.8019
1.82413
1.84959
1.90012
1.94019
1.97727
2.02103
2.0568
2.09309
2.14257
2.25809
3.17818
3.3374
