0.334021
0.334021
0.394588
0.394588
0.401415
0.401415
0.423513
0.423513
0.43054
0.43054
0.4636
0.485323
0.485323
0.593623
0.593623
0.638346
0.638346
0.660573
0.677155
0.677155
0.724571
0.724571
0.733071
0.733071
0.743691
0.743691
0.751527
0.751527
0.75522
0.783861
0.797917
0.81813
0.81813
0.834139
0.834139
0.843187
0.843187
0.874769
0.939549
0.939549
0.941459
0.982537
0.999562
0.999562
1.03091
1.03094
1.04835
1.04835
1.05862
1.05862
1.0684
1.0684
1.06846
1.06846
1.08163
1.08163
1.08211
1.08211
1.10612
1.11577
1.11577
1.22789
1.23518
1.24969
1.25374
1.25538
1.28305
1.3143
1.33211
1.33404
1.33404
1.38604
1.38604
1.41726
1.42633
1.42858
1.44266
1.45751
1.54648
1.54648
1.55152
1.62915
1.69238
1.70277
1.71716
1.73463
1.73463
1.74216
1.79316
1.80493
1.81561
1.85187
1.88951
1.97939
2.07038
2.1288
2.2694
2.27388
3.48465
3.50038
