0.37223
0.37223
0.398266
0.398266
0.415655
0.415655
0.466865
0.466865
0.541381
0.541381
0.550378
0.550378
0.561212
0.561212
0.574365
0.574365
0.612848
0.616186
0.628267
0.628453
0.628453
0.647325
0.647325
0.702341
0.702341
0.738359
0.738359
0.754264
0.755217
0.755217
0.774486
0.843432
0.843432
0.870832
0.879445
0.879445
0.892706
0.89483
0.89483
0.90565
0.909998
0.909998
0.914815
0.920995
0.943672
1.0048
1.01291
1.03589
1.03589
1.07124
1.07124
1.0848
1.10351
1.10351
1.10596
1.11044
1.11044
1.12553
1.12553
1.16138
1.16162
1.20301
1.22733
1.22789
1.28205
1.29717
1.33404
1.33404
1.33747
1.38604
1.38604
1.44266
1.45416
1.51942
1.53879
1.54256
1.54648
1.54648
1.55442
1.55442
1.60554
1.60554
1.64824
1.70934
1.73463
1.73463
1.79316
1.79323
1.80711
1.84241
1.8687
1.88951
1.89892
2.0752
2.1288
2.15272
2.18137
2.27388
3.48465
3.52913
