0
0
0
0
0
0
0
0
0
0
0
0
0
0
0
0
0
0
0
0
0
0
0
0
0
0
0
0
0
0
0
0
0.01
0.01
0.02
0.04
0.06
0.06
0.1
0.21
0.3
0.44
0.52
0.58
0.62
0.67
0.71
0.82
0.88
0.92
0.92
0.94
0.97
0.98
0.98
0.98
0.98
0.98
0.98
0.98
0.98
0.98
0.98
0.98
0.98
0.98
0.98
0.98
0.98
0.98
0.98
0.98
0.98
0.98
0.98
0.98
0.98
0.98
0.98
0.98
0.98
0.98
0.98
0.98
0.98
0.98
0.98
1
1.01
1.03
1.05
1.07
1.1
1.11
1.11
1.16
1.17
1.18
1.19
1.22
1.25
1.29
1.29
1.3
1.31
1.35
1.38
1.39
1.4
1.41
1.47
1.5
1.51
1.58
1.68
1.75
1.81
1.87
1.9
1.92
1.94
1.96
1.96
1.96
1.96
1.96
1.96
1.96
1.96
1.96
1.96
1.96
1.96
1.96
1.96
1.96
1.96
1.96
1.96
1.96
1.96
1.96
1.96
1.96
1.96
1.98
1.99
2
2.01
2.03
2.12
2.15
2.22
2.26
2.32
2.33
2.33
2.4
2.4
2.43
2.46
2.49
2.5
2.56
2.57
2.59
2.61
2.63
2.64
2.65
2.66
2.74
2.77
2.87
2.98
3.07
3.16
3.25
3.34
3.38
3.44
3.46
3.49
3.54
3.62
3.63
3.67
3.73
3.86
3.93
4.04
4.1
4.21
4.42
4.56
4.78
4.92
5.21
5.57
6.25
