1
1
1
1
1
1
1
1
1
1
1
1
1
1
1
1
1
1
1
1
1
1
1
1
1
1
1
1
1
1
1
1
1
1
1
1
1
1
1
1
1
1
1
1
1
1
1
1
1
1
1
1
1
1
1
1
1
1
1
1
1
1
1
1
1
1
1
1
1
1
1
1
1
1
1
1
1
1
1
1
1
1
1
1
1
1
1
1
1
1
1
1
1
1
1
1
1
1
1
1
1
1
1
1
1
1
1
1
1
1
1
1
1
1
1
1
1
1
1
1
1
1
1
1
1
1
1
1
1
1
1
1
1
1
1
1
1
1
1
1
1
1
1
1
1
1
1.075
1.076
1.077
1.086
1.167
1.17
1.173
1.256
1.266
1.275
1.28
1.284
1.356
1.359
1.369
1.373
1.448
1.451
1.462
1.466
1.541
1.545
1.557
1.559
1.564
1.565
1.566
1.57
1.633
1.703
1.775
1.844
1.867
1.878
1.945
2.024
2.102
2.272
2.468
2.509
2.534
2.6
2.633
2.811
2.859
2.918
2.969
3.149
3.217
3.373
3.555
4.163
4.752
5.32
