0.328
0.328
0.328
0.328
0.328
0.328
0.328
0.328
0.328
0.329
0.33
0.332
0.333
0.333
0.333
0.334
0.334
0.334
0.334
0.335
0.336
0.336
0.336
0.336
0.336
0.337
0.338
0.338
0.338
0.339
0.34
0.341
0.343
0.345
0.346
0.348
0.349
0.355
0.358
0.36
0.361
0.363
0.364
0.366
0.368
0.371
0.374
0.377
0.382
0.389
0.392
0.396
0.404
0.409
0.412
0.42
0.425
0.43
0.434
0.436
0.441
0.446
0.45
0.455
0.461
0.464
0.467
0.47
0.472
0.478
0.48
0.486
0.491
0.497
0.504
0.506
0.512
0.517
0.522
0.533
0.537
0.546
0.551
0.556
0.564
0.566
0.57
0.576
0.579
0.586
0.594
0.605
0.609
0.617
0.621
0.633
0.643
0.652
0.656
0.665
0.668
0.679
0.688
0.695
0.702
0.708
0.715
0.723
0.731
0.737
0.747
0.761
0.77
0.78
0.788
0.8
0.808
0.822
0.831
0.844
0.851
0.865
0.875
0.884
0.896
0.91
0.92
0.934
0.94
0.956
0.967
0.979
0.989
1.001
1.01
1.023
1.038
1.053
1.062
1.072
1.086
1.098
1.109
1.13
1.142
1.159
1.179
1.194
1.215
1.225
1.249
1.263
1.281
1.297
1.316
1.329
1.349
1.37
1.395
1.421
1.441
1.458
1.488
1.511
1.539
1.576
1.608
1.637
1.671
1.7
1.729
1.768
1.824
1.866
1.915
1.958
2.002
2.043
2.082
2.12
2.161
2.202
2.243
2.298
2.376
2.443
2.541
2.628
2.701
2.784
2.846
2.922
3.046
3.152
3.311
3.596
3.757
4.314
4.851
5.373
