0.205665
0.205665
0.247244
0.247244
0.272448
0.272448
0.274084
0.274084
0.326019
0.326019
0.328275
0.337216
0.337216
0.357004
0.357004
0.361348
0.361348
0.374223
0.374223
0.375105
0.37824
0.37824
0.387947
0.387947
0.38859
0.38859
0.404152
0.404152
0.404376
0.404376
0.411432
0.411432
0.416001
0.416001
0.423513
0.423513
0.430492
0.430492
0.436041
0.446775
0.449472
0.449472
0.450274
0.450274
0.453165
0.453165
0.453724
0.453724
0.456153
0.456819
0.456819
0.457578
0.457578
0.458082
0.4636
0.463655
0.463655
0.465632
0.465632
0.468049
0.468049
0.476531
0.476531
0.488557
0.490362
0.490362
0.514848
0.520598
0.520598
0.543285
0.543285
0.544664
0.544664
0.545657
0.545657
0.554761
0.554761
0.556043
0.556043
0.567881
0.57771
0.581604
0.581604
0.58844
0.58844
0.590658
0.590658
0.594643
0.59746
0.59746
0.59801
0.598883
0.604367
0.618934
0.621664
0.621664
0.62907
0.62907
0.637841
0.637841
0.640009
0.645878
0.648078
0.648078
0.650941
0.652192
0.655617
0.655654
0.664705
0.665484
0.665484
0.669338
0.679302
0.690431
0.700912
0.706215
0.71628
0.71978
0.720425
0.736967
0.737218
0.741031
0.741031
0.74709
0.755625
0.755625
0.769988
0.769988
0.770912
0.770912
0.772849
0.774094
0.781379
0.781379
0.782973
0.782973
0.786489
0.786809
0.80375
0.804117
0.823142
0.823142
0.827836
0.829347
0.829347
0.836696
0.836696
0.83915
0.842528
0.859022
0.86748
0.86748
0.869985
0.87911
0.891788
0.929539
0.958119
0.96033
0.962579
0.962579
0.984672
0.986808
0.986808
1.00342
1.04877
1.06256
1.06256
1.0649
1.06846
1.06846
1.0815
1.08211
1.08211
1.10028
1.10224
1.10224
1.11776
1.11776
1.14023
1.1622
1.20823
1.27276
1.27276
1.27941
1.28212
1.33282
1.35662
1.35791
1.43327
1.44266
1.46873
1.46873
1.46973
1.46973
1.55729
1.65041
1.67009
1.79316
1.79316
2.10347
