0.166584
0.166584
0.187217
0.187217
0.208189
0.208189
0.225231
0.225231
0.245919
0.246057
0.263967
0.264645
0.279562
0.282373
0.293654
0.297928
0.305984
0.309071
0.317112
0.32163
0.326979
0.330472
0.335737
0.339777
0.344895
0.349038
0.354337
0.359441
0.363063
0.366914
0.371297
0.377882
0.381789
0.385856
0.390045
0.394573
0.397884
0.402893
0.406517
0.41053
0.414035
0.41778
0.421364
0.425286
0.427975
0.432118
0.43483
0.437773
0.440611
0.443312
0.447528
0.451224
0.454888
0.458097
0.462584
0.467389
0.470578
0.475376
0.478725
0.484093
0.487966
0.492711
0.496722
0.503096
0.506501
0.510738
0.514285
0.518341
0.522194
0.526478
0.529538
0.532932
0.536437
0.540705
0.543499
0.549112
0.553272
0.555668
0.559751
0.563798
0.56756
0.570966
0.574989
0.57829
0.581913
0.584563
0.58839
0.591875
0.595749
0.599709
0.602493
0.606126
0.609913
0.614371
0.618979
0.624098
0.627872
0.634183
0.63774
0.641655
0.646136
0.64962
0.654597
0.658418
0.663057
0.666887
0.670807
0.675429
0.679865
0.684131
0.690106
0.695952
0.701633
0.707284
0.711875
0.716715
0.720795
0.724789
0.729542
0.735479
0.741293
0.746601
0.75079
0.756356
0.761487
0.76698
0.77262
0.778032
0.78436
0.790241
0.796019
0.804538
0.812148
0.818526
0.823084
0.829892
0.838119
0.846424
0.854601
0.859841
0.865799
0.871295
0.879042
0.88523
0.891183
0.898779
0.906353
0.913248
0.923641
0.932144
0.940927
0.95091
0.960454
0.96878
0.979069
0.988328
0.996189
1.00377
1.0108
1.01957
1.02638
1.036
1.04382
1.05439
1.06419
1.07343
1.07936
1.08586
1.09536
1.10319
1.10959
1.11586
1.12228
1.12949
1.13847
1.1492
1.15844
1.16977
1.17971
1.18936
1.2004
1.21557
1.23123
1.25333
1.27061
1.29699
1.31846
1.34531
1.35908
1.37158
1.38779
1.40962
1.45379
1.49716
1.58303
1.75446
1.8212
1.93132
2.00694
2.14993
