0.76
0.79
0.84
0.86
0.88
0.92
0.99
1.09
1.21
1.28
1.31
1.35
1.42
1.45
1.5
1.54
1.55
1.56
1.56
1.57
1.59
1.61
1.61
1.61
1.64
1.66
1.7
1.72
1.75
1.76
1.79
1.85
1.87
1.9
1.9
1.9
1.91
1.94
1.96
1.99
2.01
2.05
2.06
2.08
2.1
2.11
2.12
2.19
2.23
2.26
2.29
2.33
2.35
2.38
2.4
2.41
2.43
2.44
2.45
2.45
2.46
2.46
2.48
2.49
2.51
2.51
2.53
2.54
2.55
2.56
2.59
2.63
2.65
2.68
2.72
2.76
2.77
2.78
2.78
2.78
2.8
2.81
2.83
2.85
2.85
2.87
2.88
2.89
2.9
2.92
2.94
2.96
2.98
3
3.03
3.03
3.05
3.06
3.06
3.08
3.09
3.09
3.13
3.13
3.14
3.15
3.15
3.18
3.21
3.25
3.25
3.28
3.31
3.32
3.33
3.35
3.36
3.38
3.39
3.4
3.41
3.41
3.42
3.43
3.44
3.45
3.45
3.47
3.5
3.54
3.57
3.67
3.72
3.77
3.78
3.78
3.78
3.8
3.81
3.84
3.86
3.92
3.94
3.96
4
4.02
4.03
4.06
4.07
4.09
4.12
4.14
4.16
4.16
4.16
4.2
4.26
4.27
4.31
4.35
4.43
4.52
4.55
4.6
4.68
4.72
4.8
4.83
4.91
4.98
5.06
5.11
5.17
5.2
5.31
5.4
5.51
5.61
5.75
5.89
5.98
6.06
6.18
6.38
6.61
6.85
7.12
7.26
7.65
8.35
9.06
9.81
10.56
12.35
14
14.87
15.76
17.16
21.37
35.81
