0.151944
0.151944
0.166988
0.166988
0.187164
0.187164
0.214379
0.214379
0.223055
0.223055
0.225484
0.225484
0.246425
0.246425
0.303735
0.303735
0.336217
0.336217
0.336457
0.336457
0.360877
0.360877
0.367107
0.367107
0.391754
0.391754
0.392139
0.392139
0.411868
0.411868
0.414425
0.414425
0.427859
0.427859
0.437989
0.437989
0.444996
0.451663
0.451663
0.453674
0.453674
0.456397
0.456397
0.464099
0.464099
0.474528
0.478604
0.478604
0.4789
0.4789
0.479786
0.479786
0.498334
0.498355
0.498355
0.515372
0.5161
0.517667
0.517667
0.519413
0.519413
0.527209
0.527209
0.544887
0.544887
0.547771
0.547771
0.556819
0.556819
0.564266
0.564266
0.566471
0.573067
0.573067
0.577885
0.579931
0.579931
0.580231
0.580231
0.591852
0.591852
0.595656
0.595656
0.599317
0.618809
0.618809
0.620961
0.620961
0.622344
0.622344
0.630302
0.630843
0.630843
0.637111
0.637533
0.644855
0.644855
0.653977
0.654282
0.654282
0.656691
0.656691
0.665079
0.672521
0.673014
0.673014
0.679466
0.679466
0.681504
0.681504
0.682016
0.683101
0.68683
0.688222
0.688222
0.694832
0.696417
0.705699
0.705699
0.709719
0.710217
0.711882
0.711882
0.730263
0.731536
0.731536
0.736903
0.771767
0.771767
0.774927
0.774927
0.780559
0.780559
0.807766
0.807766
0.82147
0.82147
0.8275
0.8275
0.838254
0.84249
0.848787
0.850061
0.862657
0.873769
0.882032
0.894412
0.897999
0.902179
0.902179
0.902471
0.911505
0.919098
0.919098
0.929009
0.931633
0.934884
0.952978
0.952978
0.958908
0.967549
0.97564
0.986901
0.995611
1.01098
1.01098
1.01363
1.02325
1.03825
1.04822
1.05311
1.05311
1.06341
1.07142
1.12025
1.12923
1.12923
1.13098
1.13098
1.14424
1.14753
1.20461
1.21099
1.224
1.224
1.2478
1.25651
1.28388
1.30631
1.31262
1.31262
1.36832
1.44266
1.45249
1.46679
1.53371
1.53371
1.57063
1.83336
2.0587
