0.328
0.328
0.328
0.328
0.328
0.328
0.328
0.328
0.328
0.328
0.328
0.329
0.33
0.332
0.333
0.333
0.333
0.334
0.334
0.334
0.334
0.336
0.336
0.336
0.336
0.336
0.336
0.337
0.337
0.338
0.338
0.338
0.338
0.338
0.338
0.338
0.339
0.339
0.34
0.34
0.34
0.342
0.342
0.342
0.343
0.344
0.344
0.346
0.347
0.348
0.348
0.348
0.348
0.348
0.348
0.349
0.349
0.349
0.349
0.35
0.353
0.354
0.356
0.357
0.357
0.357
0.358
0.359
0.359
0.36
0.361
0.361
0.362
0.364
0.364
0.366
0.368
0.371
0.373
0.376
0.378
0.382
0.384
0.386
0.39
0.395
0.401
0.402
0.404
0.406
0.411
0.413
0.413
0.415
0.417
0.419
0.42
0.427
0.438
0.447
0.456
0.47
0.48
0.489
0.495
0.502
0.504
0.51
0.518
0.522
0.53
0.534
0.537
0.539
0.549
0.563
0.573
0.584
0.588
0.59
0.606
0.62
0.627
0.638
0.657
0.663
0.666
0.678
0.682
0.69
0.694
0.696
0.7
0.705
0.714
0.724
0.743
0.756
0.769
0.782
0.784
0.789
0.792
0.793
0.799
0.804
0.818
0.828
0.852
0.86
0.868
0.868
0.871
0.877
0.878
0.885
0.89
0.9
0.905
0.908
0.945
0.945
0.95
0.952
0.954
0.958
0.966
0.968
1
1.002
1.003
1.003
1.004
1.004
1.005
1.005
1.006
1.006
1.007
1.008
1.008
1.009
1.01
1.012
1.014
1.017
1.018
1.022
1.025
1.028
1.032
1.035
1.039
1.052
1.072
1.086
1.107
1.126
1.201
1.321
