0.1634
0.1634
0.18652
0.18652
0.205534
0.205692
0.223555
0.223745
0.239363
0.239633
0.255385
0.255957
0.274756
0.276509
0.292738
0.299032
0.313355
0.3166
0.324424
0.327355
0.333344
0.33622
0.343924
0.348835
0.356227
0.359344
0.364525
0.368185
0.37311
0.378683
0.382502
0.387126
0.391861
0.395763
0.400289
0.40536
0.408545
0.412573
0.417121
0.421022
0.425795
0.429183
0.433397
0.438091
0.441997
0.446974
0.451486
0.455935
0.45974
0.463511
0.467077
0.471282
0.475256
0.478979
0.483604
0.487092
0.491789
0.49525
0.500537
0.503455
0.50819
0.511538
0.515034
0.520216
0.524038
0.528305
0.531682
0.536053
0.540346
0.544488
0.548002
0.550771
0.554347
0.558229
0.560998
0.56488
0.567632
0.570516
0.573163
0.576808
0.579662
0.58272
0.585403
0.588717
0.592324
0.595348
0.599081
0.602419
0.606146
0.609384
0.613511
0.616637
0.620217
0.62408
0.627605
0.631159
0.634086
0.638023
0.641265
0.646008
0.650365
0.654287
0.659477
0.664916
0.669258
0.674022
0.678047
0.682638
0.687011
0.69102
0.695177
0.70046
0.705304
0.709583
0.715039
0.71947
0.724005
0.728188
0.731578
0.736521
0.74152
0.745892
0.750725
0.756577
0.761894
0.767685
0.773708
0.78007
0.786457
0.79294
0.798633
0.803281
0.809956
0.815288
0.819819
0.825957
0.830588
0.837289
0.844173
0.850143
0.856264
0.861801
0.87007
0.875832
0.882614
0.889652
0.895881
0.903229
0.910542
0.918566
0.927532
0.939371
0.946719
0.955121
0.963289
0.970425
0.976984
0.983076
0.989834
0.998222
1.0043
1.01218
1.02057
1.02929
1.03749
1.04427
1.05031
1.05801
1.06662
1.0747
1.08286
1.09253
1.10225
1.11352
1.12473
1.13412
1.14486
1.15501
1.16523
1.17682
1.18719
1.2013
1.21547
1.22595
1.24212
1.2562
1.27407
1.29735
1.31883
1.34
1.36302
1.37853
1.44195
1.48299
1.53909
1.71134
1.79759
1.87503
1.97614
2.14655
