0.156886
0.156886
0.163844
0.163964
0.174
0.174146
0.180893
0.181157
0.18779
0.189256
0.197711
0.198199
0.206016
0.207549
0.213744
0.214832
0.219877
0.220874
0.226541
0.228088
0.231886
0.234166
0.238128
0.240005
0.244107
0.246531
0.249201
0.251578
0.255115
0.258452
0.261143
0.264252
0.267937
0.27004
0.273511
0.275493
0.27814
0.280838
0.284452
0.286988
0.289696
0.292891
0.295359
0.298737
0.301012
0.303445
0.305643
0.307669
0.310136
0.312326
0.315023
0.317322
0.320072
0.322504
0.325357
0.328385
0.330463
0.332955
0.335793
0.338435
0.341328
0.344158
0.34638
0.349098
0.351203
0.354636
0.356939
0.359528
0.361684
0.363911
0.36605
0.368073
0.369842
0.372229
0.374328
0.376459
0.378519
0.380517
0.38279
0.384899
0.386772
0.38842
0.391089
0.392876
0.395261
0.397016
0.398941
0.401234
0.403322
0.405769
0.407478
0.409232
0.410648
0.412801
0.414766
0.41643
0.417775
0.42016
0.421762
0.424076
0.426162
0.427891
0.430089
0.43211
0.434436
0.436545
0.438278
0.440603
0.442432
0.444417
0.446779
0.448378
0.451164
0.453383
0.456008
0.458138
0.460625
0.463069
0.465521
0.46749
0.469933
0.472269
0.474488
0.476222
0.478452
0.480889
0.483447
0.486113
0.487946
0.490555
0.492667
0.495229
0.498082
0.49994
0.502445
0.504776
0.506595
0.509703
0.511452
0.513746
0.516085
0.517799
0.520228
0.522541
0.525343
0.527653
0.529913
0.532415
0.534647
0.537036
0.539139
0.541608
0.543824
0.546354
0.548773
0.551295
0.553385
0.555156
0.557375
0.55988
0.5623
0.564221
0.566918
0.569346
0.572196
0.574795
0.577554
0.580023
0.58296
0.585935
0.58869
0.591396
0.594227
0.597564
0.600017
0.60244
0.604904
0.607605
0.609858
0.612753
0.615043
0.618338
0.621512
0.624835
0.627469
0.630606
0.632884
0.635637
0.638951
0.642295
0.645242
0.648427
0.651908
0.655006
0.658105
0.661355
0.664734
0.668762
0.672422
0.675574
0.678765
0.682666
0.68674
0.690638
0.694228
0.697433
0.701175
0.704874
0.708906
0.713248
0.71742
0.722208
0.725519
0.729007
0.733345
0.738565
0.742975
0.746792
0.751299
0.754683
0.759146
0.762771
0.767206
0.770915
0.775175
0.778661
0.781571
0.78513
0.78849
0.791128
0.794406
0.797491
0.80099
0.804559
0.808038
0.811262
0.815173
0.819846
0.82318
0.826438
0.830309
0.834702
0.838364
0.843027
0.847932
0.853666
0.85817
0.863377
0.86871
0.875362
0.880991
0.887945
0.895836
0.902433
0.909152
0.915071
0.92104
0.927535
0.93332
0.93926
0.945531
0.952849
0.959218
0.969265
0.978447
0.989601
1.00013
1.01242
1.02394
1.03437
1.04436
1.05202
1.06081
1.06887
1.07725
1.08538
1.09396
1.10385
1.11278
1.12241
1.13493
1.14523
1.15563
1.16925
1.18515
1.1996
1.21584
1.24079
1.26172
1.28694
1.30782
1.33456
1.36882
1.39934
1.47981
1.56521
1.63035
1.75404
1.94663
2.045
