0.6
0.78
0.82
0.87
0.9
0.92
0.95
0.98
1.03
1.08
1.14
1.18
1.21
1.24
1.26
1.35
1.39
1.47
1.56
1.6
1.63
1.64
1.67
1.69
1.7
1.72
1.73
1.73
1.73
1.73
1.73
1.75
1.78
1.78
1.79
1.8
1.82
1.83
1.85
1.86
1.87
1.88
1.91
1.95
1.96
2.03
2.06
2.11
2.14
2.2
2.21
2.25
2.29
2.34
2.4
2.43
2.43
2.44
2.45
2.45
2.45
2.46
2.46
2.47
2.48
2.48
2.48
2.48
2.49
2.52
2.52
2.56
2.57
2.58
2.58
2.58
2.59
2.59
2.6
2.61
2.61
2.62
2.64
2.66
2.66
2.66
2.68
2.69
2.72
2.74
2.77
2.79
2.8
2.83
2.85
2.86
2.86
2.87
2.88
2.91
2.92
2.94
2.94
2.94
2.97
3
3
3.01
3.01
3.02
3.04
3.05
3.08
3.1
3.11
3.11
3.17
3.18
3.18
3.2
3.21
3.23
3.24
3.24
3.24
3.24
3.26
3.3
3.31
3.31
3.32
3.32
3.33
3.34
3.35
3.36
3.37
3.37
3.37
3.38
3.39
3.4
3.4
3.41
3.41
3.42
3.42
3.43
3.45
3.47
3.47
3.49
3.53
3.53
3.57
3.64
3.66
3.69
3.71
3.74
3.76
3.76
3.77
3.77
3.79
3.8
3.81
3.82
3.85
3.86
3.86
3.88
3.89
3.9
3.92
3.93
3.95
3.96
3.99
4
4.02
4.04
4.07
4.07
4.08
4.11
4.11
4.14
4.16
4.18
4.2
4.21
4.22
4.22
4.23
4.24
4.24
4.24
4.25
4.25
4.27
4.27
4.28
4.31
4.32
4.32
4.33
4.34
4.36
4.38
4.39
4.42
4.45
4.48
4.49
4.52
4.53
4.54
4.57
4.59
4.63
4.64
4.66
4.7
4.71
4.72
4.75
4.76
4.76
4.82
4.87
4.91
4.95
4.96
4.98
5.01
5.03
5.06
5.08
5.09
5.1
5.12
5.13
5.13
5.14
5.16
5.16
5.2
5.2
5.23
5.29
5.31
5.37
5.39
5.4
5.43
5.47
5.52
5.55
5.57
5.59
5.61
5.62
5.66
5.71
5.75
5.77
5.83
5.89
5.96
6.02
6.09
6.19
6.26
6.29
6.32
6.36
6.45
6.54
6.66
6.79
6.9
7.05
7.17
7.29
7.58
8.3
8.78
9.86
10.92
12.59
13.67
14.75
15.96
17.72
20
21.55
23.51
26.4
31.16
