0.154713
0.154713
0.161817
0.161817
0.170036
0.170195
0.17786
0.178439
0.186088
0.186982
0.193664
0.195228
0.200539
0.202403
0.207842
0.20995
0.215297
0.218548
0.222747
0.226463
0.229797
0.233332
0.236465
0.24073
0.243796
0.247311
0.250099
0.252771
0.255184
0.257767
0.259904
0.262774
0.264787
0.267189
0.2702
0.272775
0.275561
0.27815
0.280763
0.283756
0.28622
0.288448
0.290582
0.293497
0.295249
0.298715
0.300919
0.303949
0.305506
0.308154
0.310326
0.31342
0.315945
0.318831
0.320812
0.323862
0.326397
0.328986
0.331489
0.334091
0.3367
0.338941
0.341869
0.344543
0.347615
0.349969
0.352177
0.354691
0.357288
0.359571
0.362278
0.364681
0.366891
0.368875
0.371234
0.373439
0.375629
0.377634
0.379344
0.381323
0.383237
0.384895
0.387188
0.389199
0.390969
0.393065
0.395487
0.397212
0.398976
0.400689
0.402533
0.404621
0.406562
0.408144
0.410284
0.411677
0.413554
0.415316
0.416937
0.418493
0.420366
0.421996
0.424314
0.42565
0.427554
0.429244
0.431424
0.433109
0.435429
0.437521
0.439352
0.440982
0.443263
0.445905
0.448024
0.44981
0.45199
0.453895
0.456436
0.458451
0.460433
0.4622
0.46396
0.466655
0.468629
0.471072
0.472463
0.474734
0.476779
0.479177
0.481239
0.483696
0.486182
0.488926
0.491382
0.49385
0.496279
0.498841
0.501128
0.503577
0.506558
0.509324
0.511792
0.514576
0.516953
0.520534
0.522903
0.525072
0.527294
0.529719
0.532219
0.535451
0.538784
0.540888
0.543532
0.546359
0.549506
0.55277
0.555187
0.55886
0.561392
0.563812
0.566614
0.569795
0.572626
0.57572
0.577946
0.580843
0.584339
0.586695
0.589453
0.592603
0.594658
0.597434
0.600011
0.602548
0.605118
0.607818
0.611023
0.613586
0.615642
0.61881
0.621777
0.62482
0.62792
0.631006
0.63425
0.638214
0.642377
0.64592
0.649723
0.652983
0.657195
0.661981
0.665423
0.669655
0.672697
0.675973
0.680219
0.683142
0.688237
0.692719
0.696473
0.700737
0.705062
0.709463
0.713789
0.71807
0.722718
0.728346
0.731916
0.736559
0.740731
0.745767
0.750925
0.755986
0.759594
0.764039
0.768811
0.773004
0.776681
0.780438
0.784296
0.787913
0.792078
0.796301
0.800927
0.804045
0.808224
0.811764
0.815355
0.818841
0.822034
0.82616
0.829398
0.83311
0.836866
0.8404
0.843867
0.846816
0.85048
0.853806
0.857738
0.862156
0.867141
0.871334
0.876144
0.880629
0.886002
0.891381
0.897517
0.904263
0.911247
0.917471
0.92402
0.929755
0.935872
0.942354
0.948063
0.953605
0.960061
0.966438
0.973079
0.980653
0.9879
0.993903
1.00047
1.00715
1.01432
1.02151
1.02964
1.0362
1.04275
1.04954
1.05811
1.06748
1.07611
1.08281
1.09098
1.10338
1.11173
1.12165
1.12948
1.14236
1.15618
1.16901
1.1816
1.19493
1.21379
1.23361
1.25277
1.27799
1.30879
1.33427
1.37568
1.42659
1.48415
1.61145
1.73922
2.02025
