0.207837
0.207837
0.270597
0.270597
0.301876
0.301922
0.33742
0.338356
0.360266
0.361715
0.377442
0.380146
0.40143
0.410965
0.426012
0.448356
0.462252
0.486981
0.511738
0.518548
0.539387
0.547372
0.57629
0.582443
0.604427
0.612928
0.636372
0.656021
0.673959
0.685741
0.722645
0.727753
0.746966
0.7532
0.776123
0.788495
0.802046
0.811933
0.824336
0.836932
0.848389
0.858596
0.876721
0.8876
0.901767
0.917625
0.932452
0.945931
0.961568
0.97848
1.00408
1.03108
1.04948
1.07352
1.08675
1.10616
1.11842
1.1355
1.14813
1.15905
1.17611
1.1864
1.1997
1.21658
1.22873
1.24126
1.2534
1.269
1.29502
1.30643
1.33916
1.36597
1.3911
1.42413
1.45278
1.47867
1.49866
1.51649
1.54176
1.55757
1.5796
1.60106
1.66842
1.7137
1.74427
1.77816
1.8334
1.86694
2.02046
2.04963
2.09885
2.19349
2.29115
2.63767
2.70469
2.7885
2.91822
3.0178
3.13276
3.26978
