0.172049
0.172049
0.23471
0.23471
0.286515
0.286515
0.317401
0.317617
0.3404
0.343203
0.359088
0.361063
0.376762
0.37914
0.394731
0.402341
0.425447
0.434824
0.458218
0.470827
0.487001
0.50123
0.525856
0.535874
0.558701
0.571958
0.591522
0.605387
0.625064
0.637908
0.665257
0.688043
0.714135
0.730513
0.74643
0.766348
0.786605
0.801149
0.825524
0.841629
0.854357
0.869211
0.892369
0.911083
0.931853
0.937829
0.950354
0.958343
0.971286
0.983501
0.995726
1.01243
1.02857
1.04442
1.06746
1.0954
1.11656
1.14093
1.15769
1.16835
1.18218
1.19097
1.20306
1.21744
1.22841
1.24458
1.25406
1.27094
1.27987
1.301
1.32105
1.34288
1.37367
1.40306
1.42217
1.44803
1.48701
1.53943
1.59137
1.61542
1.64834
1.68997
1.72853
1.79109
1.8017
1.83798
1.93437
1.9632
2.01331
2.07848
2.10067
2.18275
2.2556
2.56785
2.60539
2.81627
2.9066
3.0041
3.10337
3.26424
