0.166089
0.166089
0.239266
0.241552
0.272605
0.275898
0.295867
0.300939
0.320649
0.325625
0.345114
0.357901
0.371017
0.382782
0.400417
0.415613
0.428262
0.457135
0.465173
0.491274
0.498743
0.529041
0.53979
0.560996
0.572201
0.593588
0.603471
0.622354
0.635307
0.65328
0.673861
0.704495
0.725408
0.747612
0.765106
0.783685
0.797471
0.809451
0.828953
0.841455
0.858281
0.879647
0.8896
0.905711
0.917364
0.932048
0.951241
0.96832
0.988413
1.00417
1.01534
1.03303
1.04739
1.06582
1.08156
1.09971
1.11267
1.13454
1.14998
1.16458
1.18192
1.19829
1.21762
1.23821
1.25838
1.28033
1.30546
1.32664
1.34394
1.35797
1.38073
1.39585
1.41702
1.45299
1.48058
1.51386
1.53559
1.55861
1.5846
1.607
1.63815
1.67473
1.72129
1.76423
1.7846
1.82303
1.88766
1.94202
1.98296
2.00972
2.05764
2.17339
2.26558
2.60955
2.73296
2.78765
2.85458
2.94694
3.03132
3.21839
