0.162182
0.162182
0.184695
0.184695
0.185156
0.185156
0.189079
0.189079
0.216564
0.216564
0.265732
0.265732
0.282622
0.282622
0.282876
0.282876
0.328493
0.328493
0.34782
0.423894
0.423894
0.423899
0.423899
0.451715
0.451715
0.530963
0.530963
0.535307
0.535307
0.567471
0.567471
0.66217
0.732119
0.755135
0.821094
0.821094
0.850079
0.850079
0.878057
0.878057
0.880063
0.908936
0.910557
0.974846
0.974846
0.983074
0.992112
0.992112
1.00372
1.00372
1.02589
1.0522
1.06583
1.13543
1.13869
1.13869
1.16152
1.19683
1.21392
1.21392
1.2349
1.27297
1.27723
1.28433
1.28433
1.30676
1.3551
1.36905
1.3709
1.41414
1.41414
1.42491
1.47956
1.47956
1.49249
1.5298
1.5298
1.551
1.57981
1.58753
1.58753
1.61822
1.6904
1.7018
1.79513
1.81838
1.83902
2.0207
2.14461
2.14461
2.14691
2.16269
2.30719
2.33854
2.73681
2.73681
2.85482
2.87146
2.97611
3.09811
