0.161636
0.161636
0.178394
0.179121
0.202625
0.203963
0.221024
0.223044
0.236953
0.238118
0.249584
0.252161
0.264158
0.26586
0.274583
0.277599
0.286895
0.291038
0.300723
0.304505
0.313986
0.316854
0.3218
0.326997
0.333012
0.338099
0.343777
0.348483
0.353815
0.358079
0.364838
0.368762
0.374506
0.378865
0.384665
0.388315
0.393249
0.397018
0.400576
0.404145
0.408034
0.411508
0.414464
0.417579
0.421339
0.424468
0.428825
0.433234
0.437416
0.442159
0.445488
0.449989
0.453771
0.456296
0.459477
0.463736
0.468163
0.471463
0.475178
0.479385
0.48359
0.488329
0.492757
0.49784
0.503979
0.508964
0.513046
0.518484
0.523288
0.527538
0.532759
0.538128
0.543105
0.548228
0.55264
0.557448
0.562
0.566753
0.57174
0.575942
0.581401
0.586871
0.592537
0.598936
0.60463
0.61202
0.618177
0.625479
0.631794
0.639194
0.644942
0.651473
0.658565
0.663714
0.671305
0.676646
0.683514
0.689101
0.695761
0.701408
0.706099
0.712155
0.717667
0.724074
0.72897
0.73564
0.741073
0.745685
0.752176
0.758545
0.764716
0.771923
0.779654
0.784538
0.792472
0.79869
0.805228
0.810581
0.81607
0.82157
0.827496
0.834414
0.840167
0.846709
0.852184
0.860443
0.86706
0.873264
0.878965
0.886399
0.892764
0.899885
0.907395
0.915309
0.92281
0.93081
0.936734
0.944131
0.951305
0.957151
0.96264
0.968129
0.97296
0.978527
0.984283
0.990356
0.997176
1.00314
1.0073
1.01365
1.01835
1.02477
1.03018
1.03612
1.0428
1.04862
1.05545
1.06158
1.06823
1.07616
1.08183
1.08988
1.09652
1.10447
1.11207
1.12051
1.1295
1.13943
1.15022
1.16084
1.16922
1.18008
1.19272
1.20469
1.2176
1.23097
1.24155
1.25378
1.27031
1.29065
1.30816
1.32093
1.34143
1.36022
1.38435
1.40369
1.42615
1.45453
1.47081
1.48862
1.53265
1.5775
1.62523
1.67842
1.71525
1.76472
1.85559
1.94666
2.32701
2.33702
