0.51
0.69
0.78
0.9
1
1.05
1.13
1.15
1.19
1.25
1.28
1.28
1.33
1.34
1.34
1.35
1.35
1.36
1.39
1.41
1.43
1.45
1.48
1.51
1.54
1.56
1.6
1.67
1.69
1.74
1.8
1.83
1.89
1.96
1.97
1.98
2.01
2.04
2.05
2.07
2.08
2.09
2.1
2.12
2.13
2.13
2.14
2.18
2.18
2.2
2.23
2.25
2.26
2.26
2.28
2.28
2.32
2.33
2.34
2.34
2.37
2.38
2.39
2.4
2.41
2.42
2.44
2.45
2.47
2.5
2.5
2.5
2.51
2.53
2.57
2.57
2.6
2.65
2.68
2.71
2.73
2.78
2.81
2.83
2.84
2.86
2.91
2.92
2.94
2.98
3
3.03
3.03
3.05
3.08
3.08
3.1
3.1
3.12
3.14
3.15
3.16
3.17
3.18
3.2
3.2
3.22
3.22
3.22
3.23
3.24
3.25
3.27
3.29
3.29
3.29
3.32
3.35
3.39
3.39
3.4
3.42
3.45
3.46
3.48
3.49
3.5
3.51
3.55
3.59
3.66
3.66
3.69
3.74
3.78
3.79
3.83
3.83
3.84
3.87
3.95
3.99
4.03
4.06
4.11
4.12
4.12
4.12
4.13
4.16
4.16
4.18
4.2
4.23
4.25
4.27
4.28
4.3
4.33
4.34
4.42
4.49
4.61
4.73
4.78
4.8
4.86
4.89
4.92
4.97
5.04
5.09
5.14
5.18
5.3
5.44
5.56
5.67
5.75
5.91
6.05
6.2
6.42
6.6
6.77
6.95
7.21
7.65
7.98
8.87
9.88
10.55
11.32
12.13
12.61
13.27
16.38
19.92
23.41
27.15
