0
0
0
0
0
0
0
0
0
0
0
0
0
0
0
0
0
0
0
0
0
0
0
0
0
0
0
0
0
0
0
0
0
0
0
0
0
0
0
0
0
0
0
0.02
0.03
0.03
0.03
0.03
0.03
0.03
0.04
0.04
0.04
0.04
0.04
0.05
0.05
0.05
0.05
0.05
0.05
0.06
0.06
0.06
0.06
0.06
0.07
0.07
0.08
0.08
0.08
0.08
0.08
0.08
0.08
0.08
0.09
0.09
0.1
0.1
0.1
0.1
0.1
0.1
0.1
0.11
0.11
0.11
0.11
0.12
0.13
0.13
0.14
0.14
0.15
0.16
0.18
0.19
0.19
0.24
0.25
0.26
0.26
0.27
0.28
0.29
0.29
0.29
0.29
0.3
0.3
0.31
0.31
0.34
0.35
0.35
0.37
0.38
0.39
0.41
0.41
0.41
0.45
0.46
0.48
0.48
0.48
0.48
0.51
0.56
0.56
0.56
0.57
0.58
0.6
0.62
0.62
0.63
0.65
0.67
0.67
0.68
0.72
0.73
0.76
0.77
0.81
0.85
0.86
0.88
0.88
0.92
0.92
0.92
0.95
0.99
1
1.01
1.02
1.04
1.06
1.1
1.15
1.2
1.24
1.29
1.31
1.35
1.38
1.4
1.4
1.41
1.43
1.46
1.47
1.5
1.51
1.55
1.59
1.63
1.66
1.77
1.87
1.96
2
2.06
2.17
2.29
2.43
2.6
2.74
2.81
2.95
3.23
3.39
3.69
4.08
4.76
5.82
7.69
