0.328
0.328
0.328
0.328
0.328
0.328
0.328
0.328
0.328
0.328
0.328
0.328
0.329
0.329
0.329
0.329
0.331
0.331
0.331
0.332
0.332
0.332
0.332
0.333
0.333
0.334
0.334
0.334
0.335
0.335
0.335
0.336
0.336
0.337
0.338
0.338
0.338
0.339
0.34
0.34
0.341
0.341
0.342
0.342
0.342
0.343
0.345
0.345
0.345
0.345
0.345
0.345
0.345
0.346
0.346
0.349
0.349
0.351
0.352
0.352
0.352
0.353
0.354
0.355
0.355
0.355
0.356
0.356
0.357
0.358
0.359
0.363
0.366
0.367
0.368
0.371
0.374
0.374
0.378
0.379
0.381
0.382
0.383
0.386
0.388
0.392
0.396
0.398
0.399
0.401
0.406
0.411
0.413
0.417
0.42
0.424
0.425
0.431
0.434
0.438
0.44
0.446
0.447
0.453
0.46
0.467
0.479
0.494
0.504
0.51
0.518
0.522
0.529
0.534
0.54
0.545
0.554
0.567
0.575
0.577
0.581
0.584
0.587
0.6
0.615
0.619
0.625
0.626
0.635
0.638
0.643
0.655
0.676
0.686
0.702
0.707
0.716
0.718
0.72
0.724
0.748
0.76
0.785
0.793
0.796
0.802
0.805
0.822
0.832
0.84
0.849
0.855
0.862
0.868
0.873
0.878
0.881
0.904
0.909
0.917
0.929
0.94
0.944
0.952
0.972
0.975
0.985
0.991
0.995
1.002
1.002
1.003
1.003
1.003
1.005
1.006
1.007
1.007
1.008
1.008
1.01
1.011
1.012
1.012
1.017
1.019
1.024
1.028
1.032
1.035
1.042
1.046
1.059
1.072
1.091
1.115
1.162
1.311
1.424
1.701
