0.151589
0.151589
0.157529
0.157529
0.161619
0.161619
0.169779
0.169779
0.177515
0.177554
0.185879
0.186026
0.193469
0.194057
0.201359
0.20204
0.208697
0.209268
0.217715
0.218716
0.224266
0.225019
0.230322
0.23155
0.23581
0.236579
0.241652
0.24272
0.247357
0.249696
0.25379
0.255349
0.258815
0.260855
0.263804
0.26548
0.269374
0.271689
0.274118
0.276287
0.27958
0.282173
0.284558
0.286601
0.288633
0.290639
0.29254
0.294426
0.297322
0.299594
0.301778
0.30356
0.30583
0.30773
0.309834
0.311653
0.313962
0.315909
0.318513
0.319871
0.322562
0.324438
0.326538
0.327912
0.329734
0.331258
0.333328
0.334426
0.336262
0.337923
0.339664
0.341846
0.343387
0.34509
0.347011
0.348693
0.350514
0.353044
0.354498
0.356636
0.35829
0.360001
0.361347
0.362917
0.364694
0.36691
0.368445
0.37013
0.371768
0.373591
0.374992
0.376966
0.378984
0.381257
0.383125
0.385201
0.387528
0.388902
0.390554
0.392362
0.393759
0.39526
0.397323
0.399165
0.401528
0.403363
0.40514
0.406914
0.408362
0.41128
0.413206
0.415355
0.417323
0.419476
0.421445
0.423975
0.42622
0.428179
0.430721
0.432494
0.434945
0.437264
0.439604
0.441255
0.443563
0.446508
0.448798
0.451095
0.453635
0.456667
0.459121
0.461098
0.463286
0.466043
0.468714
0.4709
0.473271
0.475892
0.478351
0.481389
0.483509
0.486043
0.48872
0.490856
0.493442
0.496269
0.498994
0.501455
0.504182
0.507198
0.510089
0.512603
0.516096
0.518576
0.52161
0.524626
0.52746
0.530575
0.533449
0.536791
0.539911
0.543424
0.546348
0.549801
0.553509
0.557185
0.560663
0.563455
0.56662
0.569824
0.573437
0.576337
0.579944
0.583523
0.587326
0.591479
0.595077
0.598319
0.602864
0.606399
0.610088
0.61382
0.617357
0.620504
0.622981
0.626191
0.62942
0.632947
0.635539
0.638984
0.642114
0.64574
0.648969
0.652545
0.656788
0.660579
0.664617
0.668208
0.672122
0.675996
0.680029
0.683756
0.687231
0.692134
0.695704
0.699032
0.703522
0.708451
0.713249
0.717913
0.723111
0.727121
0.732185
0.737544
0.742859
0.746609
0.752083
0.756258
0.761144
0.764463
0.768664
0.773638
0.778245
0.781452
0.786118
0.790402
0.794417
0.799806
0.805758
0.810318
0.81569
0.821343
0.827284
0.834268
0.840854
0.84711
0.853423
0.861279
0.868373
0.875126
0.881564
0.887697
0.893746
0.89762
0.902758
0.907796
0.912852
0.918943
0.925739
0.933281
0.938441
0.945367
0.95047
0.955128
0.962153
0.967912
0.974601
0.980354
0.988905
0.996387
1.00576
1.01397
1.02169
1.02762
1.03493
1.0428
1.04985
1.05647
1.06381
1.07101
1.07928
1.08884
1.09703
1.10642
1.11481
1.12169
1.1325
1.14168
1.15332
1.16053
1.17098
1.18045
1.19126
1.20617
1.22211
1.24119
1.25597
1.27183
1.2924
1.31495
1.33652
1.35912
1.38495
1.41066
1.43799
1.47103
1.51304
1.57401
1.62282
1.77769
