0.65
0.79
0.85
0.88
0.9
1.05
1.19
1.21
1.24
1.25
1.28
1.31
1.33
1.33
1.34
1.4
1.44
1.45
1.53
1.57
1.61
1.63
1.66
1.66
1.69
1.69
1.69
1.71
1.73
1.73
1.74
1.76
1.77
1.77
1.78
1.78
1.79
1.79
1.84
1.86
1.87
1.9
1.94
1.99
2
2.04
2.06
2.12
2.16
2.17
2.2
2.2
2.21
2.22
2.22
2.24
2.25
2.27
2.3
2.31
2.31
2.31
2.32
2.33
2.37
2.38
2.4
2.43
2.45
2.46
2.48
2.49
2.5
2.52
2.52
2.52
2.53
2.53
2.54
2.54
2.56
2.56
2.6
2.61
2.61
2.62
2.66
2.66
2.66
2.68
2.68
2.69
2.7
2.71
2.71
2.72
2.74
2.74
2.75
2.75
2.75
2.75
2.75
2.76
2.79
2.81
2.83
2.85
2.85
2.86
2.88
2.91
2.96
2.98
2.98
2.99
3.02
3.03
3.04
3.06
3.08
3.1
3.13
3.14
3.16
3.17
3.18
3.21
3.22
3.23
3.24
3.25
3.25
3.29
3.3
3.32
3.34
3.36
3.38
3.38
3.38
3.38
3.38
3.38
3.38
3.4
3.4
3.42
3.44
3.48
3.49
3.51
3.52
3.52
3.55
3.58
3.61
3.61
3.65
3.65
3.65
3.65
3.68
3.68
3.69
3.69
3.72
3.73
3.74
3.77
3.79
3.83
3.85
3.86
3.88
3.89
3.94
3.97
3.98
3.98
3.98
4.03
4.04
4.06
4.06
4.08
4.12
4.14
4.14
4.15
4.16
4.18
4.18
4.19
4.2
4.2
4.23
4.24
4.24
4.26
4.27
4.29
4.3
4.3
4.32
4.33
4.36
4.37
4.38
4.39
4.42
4.42
4.43
4.43
4.45
4.45
4.48
4.49
4.54
4.61
4.65
4.72
4.73
4.78
4.84
4.92
4.96
4.98
5.01
5.02
5.04
5.06
5.07
5.07
5.07
5.09
5.12
5.15
5.15
5.17
5.18
5.18
5.2
5.23
5.24
5.25
5.29
5.32
5.33
5.35
5.43
5.48
5.57
5.66
5.73
5.79
5.86
5.89
5.94
5.95
5.98
6.04
6.08
6.16
6.22
6.31
6.49
6.55
6.65
6.71
6.81
6.86
7
7.08
7.18
7.25
7.34
7.5
7.66
7.85
8.1
8.33
8.76
9.36
9.68
10.19
10.5
11.04
11.53
12.01
12.54
13.21
13.65
14.16
14.86
16.07
17.87
19.42
22.32
33.56
