0.151977
0.151977
0.153356
0.153356
0.15507
0.15507
0.157818
0.157818
0.159594
0.159594
0.170329
0.170329
0.18192
0.18192
0.188123
0.188123
0.206373
0.206373
0.209198
0.209198
0.21326
0.21326
0.228687
0.231277
0.231277
0.237229
0.237229
0.250572
0.250572
0.251273
0.256011
0.259706
0.259706
0.264656
0.264656
0.273886
0.273886
0.283531
0.283531
0.30011
0.30011
0.300515
0.300515
0.304686
0.304686
0.308988
0.308988
0.30966
0.30966
0.309932
0.313173
0.315105
0.315105
0.32187
0.32187
0.326945
0.328638
0.328638
0.331571
0.331571
0.335043
0.335043
0.336576
0.336576
0.336577
0.336577
0.337869
0.337869
0.343527
0.343527
0.343596
0.343596
0.350284
0.350284
0.352449
0.352449
0.356429
0.362674
0.362674
0.365754
0.365754
0.368775
0.368775
0.370317
0.370317
0.376662
0.376662
0.392114
0.392114
0.396566
0.396566
0.399519
0.399717
0.401975
0.401975
0.403246
0.403246
0.403273
0.405157
0.405157
0.405261
0.405261
0.406017
0.41649
0.41649
0.42055
0.42055
0.421154
0.423197
0.423265
0.423265
0.427458
0.427458
0.432152
0.432152
0.433084
0.433084
0.441912
0.442412
0.443468
0.443468
0.454446
0.454446
0.455726
0.455726
0.456022
0.456022
0.458101
0.459224
0.459224
0.463075
0.468003
0.472929
0.475451
0.475451
0.478458
0.480869
0.485579
0.496136
0.496442
0.497301
0.497301
0.49734
0.49734
0.501149
0.502845
0.502845
0.503548
0.503548
0.506975
0.509192
0.509192
0.509232
0.519588
0.522509
0.524283
0.524283
0.527861
0.528534
0.530327
0.530327
0.532777
0.532777
0.54289
0.548119
0.548119
0.54921
0.553345
0.553345
0.555154
0.565249
0.565249
0.575853
0.579598
0.581753
0.581753
0.593618
0.593618
0.599308
0.599308
0.600078
0.607378
0.609364
0.621744
0.622679
0.622679
0.62419
0.630643
0.635154
0.645543
0.645543
0.649354
0.649354
0.651319
0.652201
0.65493
0.657132
0.657132
0.65881
0.673526
0.673526
0.678464
0.678464
0.678633
0.678633
0.678662
0.688988
0.690235
0.696176
0.696176
0.696638
0.696638
0.697955
0.698815
0.705132
0.706571
0.707217
0.707217
0.709858
0.718384
0.726399
0.726399
0.731683
0.738841
0.741339
0.741339
0.742933
0.743432
0.754002
0.755339
0.761935
0.764914
0.771496
0.776785
0.776785
0.7784
0.7784
0.794514
0.811011
0.811011
0.811147
0.81656
0.839168
0.839564
0.841666
0.861774
0.864006
0.866368
0.866368
0.869113
0.879269
0.881633
0.891745
0.891745
0.892408
0.896318
0.904712
0.908829
0.914644
0.959842
0.988911
1.00557
1.02908
1.05196
1.06336
1.06355
1.07632
1.09505
1.10366
1.14515
1.14989
1.15188
1.15837
1.1616
1.1616
1.18034
1.18544
1.18544
1.20843
1.20843
1.21385
1.21385
1.22723
1.23144
1.25003
1.25321
1.26304
1.26686
1.29136
1.30881
1.3368
1.33838
1.37174
1.41142
1.46151
1.50631
1.54246
1.69215
1.72301
1.98863
