0.153105
0.153105
0.153178
0.153178
0.158812
0.158812
0.185789
0.185789
0.194016
0.194016
0.199938
0.199938
0.224315
0.224315
0.224898
0.224898
0.242706
0.242706
0.245902
0.245902
0.2482
0.251383
0.251383
0.252872
0.252872
0.260625
0.260625
0.265715
0.265715
0.273052
0.273052
0.274888
0.274888
0.27725
0.27725
0.281121
0.281121
0.289664
0.289664
0.292825
0.292871
0.295508
0.295508
0.296957
0.296957
0.306057
0.315838
0.315838
0.317635
0.325074
0.325074
0.328275
0.328275
0.332381
0.332381
0.332793
0.332793
0.339884
0.34269
0.344075
0.344075
0.344786
0.344786
0.345486
0.345486
0.354886
0.354886
0.357762
0.359428
0.359428
0.36114
0.36114
0.364921
0.364921
0.368346
0.368346
0.371872
0.371872
0.372776
0.372776
0.380458
0.380458
0.380941
0.380941
0.384481
0.384481
0.385149
0.386455
0.386455
0.399492
0.399492
0.401914
0.401914
0.403132
0.405411
0.405411
0.40913
0.409638
0.409638
0.411425
0.411425
0.412707
0.413814
0.423919
0.425373
0.428264
0.43273
0.43273
0.433758
0.433758
0.436009
0.437468
0.44403
0.44403
0.449925
0.450103
0.450103
0.451194
0.451194
0.451994
0.451994
0.455228
0.455228
0.457744
0.457744
0.462313
0.463042
0.470473
0.470473
0.471203
0.471203
0.472131
0.472131
0.476916
0.476916
0.477163
0.482489
0.482489
0.483022
0.483022
0.483687
0.483687
0.486774
0.486774
0.488296
0.488296
0.491971
0.492573
0.492573
0.494955
0.496824
0.496824
0.504634
0.509177
0.512456
0.512456
0.514089
0.515543
0.516325
0.516325
0.523755
0.529002
0.536594
0.537611
0.538464
0.538464
0.541349
0.541794
0.541794
0.546839
0.546839
0.547235
0.547235
0.549844
0.550124
0.565265
0.565265
0.570225
0.570225
0.570252
0.59126
0.591655
0.600744
0.60625
0.609325
0.621807
0.622293
0.622293
0.626344
0.628006
0.628245
0.640403
0.647044
0.649107
0.651443
0.656343
0.656343
0.66004
0.661805
0.666955
0.666955
0.668508
0.670111
0.670259
0.670259
0.670856
0.670856
0.67518
0.67518
0.67999
0.681716
0.689485
0.710746
0.71331
0.71331
0.717042
0.72721
0.728172
0.728172
0.72901
0.736417
0.743506
0.757209
0.760727
0.760727
0.760939
0.767787
0.770168
0.784265
0.79365
0.808067
0.808067
0.825087
0.830431
0.838992
0.838992
0.858221
0.858221
0.85917
0.85917
0.867801
0.873711
0.88552
0.885693
0.892266
0.892266
0.893997
0.895263
0.89623
0.89848
0.89848
0.901497
0.901497
0.916457
0.920265
0.932845
0.93373
0.94108
0.945726
0.959938
0.959997
0.992507
0.992507
0.998688
1.00139
1.01146
1.02793
1.05641
1.066
1.06845
1.06845
1.08139
1.11382
1.14487
1.1738
1.1738
1.17444
1.1968
1.21087
1.21627
1.22449
1.22536
1.22891
1.23514
1.23514
1.25876
1.27448
1.28616
1.36151
1.37503
1.38183
1.40624
1.43052
1.46886
1.46886
1.48542
1.52661
1.56188
1.63248
1.85403
