0.15286
0.15286
0.164862
0.164862
0.175284
0.175284
0.186356
0.186356
0.193939
0.194305
0.202814
0.203243
0.21022
0.211243
0.217278
0.219311
0.224076
0.225788
0.231608
0.233561
0.238656
0.240573
0.245336
0.247914
0.250815
0.253148
0.256462
0.258442
0.262062
0.264937
0.268682
0.270936
0.274254
0.276815
0.279917
0.281941
0.285192
0.287317
0.289386
0.291701
0.293612
0.29601
0.298068
0.300743
0.302762
0.305222
0.306692
0.308829
0.310401
0.312739
0.314438
0.316767
0.319064
0.321615
0.32327
0.32611
0.327465
0.329617
0.331863
0.333776
0.33598
0.337723
0.339676
0.341614
0.343501
0.345249
0.346825
0.348342
0.350197
0.3521
0.354076
0.355746
0.357562
0.359708
0.362036
0.363792
0.365303
0.367331
0.368953
0.370538
0.372867
0.374263
0.376354
0.378613
0.380658
0.382402
0.384157
0.386531
0.388382
0.389892
0.391761
0.39332
0.395491
0.397344
0.39946
0.401312
0.402827
0.404935
0.406627
0.408638
0.411467
0.412877
0.415081
0.417298
0.419154
0.420851
0.422896
0.424999
0.426653
0.42921
0.43147
0.434106
0.435954
0.438359
0.440414
0.442643
0.444833
0.447585
0.449616
0.451953
0.454033
0.455971
0.458338
0.460671
0.463402
0.465401
0.467499
0.469655
0.471978
0.474566
0.476673
0.479967
0.482351
0.48509
0.488001
0.490851
0.493507
0.495393
0.497935
0.500798
0.503371
0.505631
0.508244
0.511268
0.513704
0.516367
0.51864
0.52106
0.52396
0.526763
0.530083
0.53288
0.535536
0.538576
0.541356
0.544185
0.546816
0.549857
0.552816
0.555114
0.55781
0.562336
0.565616
0.567914
0.57141
0.574661
0.57725
0.580727
0.584391
0.587365
0.590788
0.593705
0.597365
0.600249
0.602805
0.606512
0.609621
0.6132
0.617235
0.621246
0.624283
0.627611
0.630588
0.633954
0.637702
0.640981
0.644314
0.648267
0.651848
0.656045
0.659343
0.663139
0.667414
0.671019
0.675285
0.679478
0.682875
0.68698
0.690542
0.693998
0.697517
0.701486
0.704605
0.707643
0.71072
0.713924
0.71668
0.720022
0.722375
0.725937
0.729718
0.733837
0.73715
0.740543
0.744365
0.747933
0.751939
0.75604
0.760145
0.765384
0.769072
0.773902
0.778517
0.783389
0.787269
0.792213
0.797761
0.802622
0.807519
0.812621
0.819044
0.824369
0.828652
0.832891
0.838601
0.843675
0.850092
0.856908
0.86331
0.869336
0.874628
0.879197
0.885089
0.890466
0.896927
0.903488
0.909379
0.915725
0.923816
0.929864
0.935968
0.942959
0.948285
0.954582
0.960361
0.965964
0.971721
0.976585
0.982576
0.987703
0.993177
0.998012
1.00412
1.0103
1.0156
1.02228
1.02848
1.03478
1.04387
1.05369
1.06393
1.07564
1.08812
1.09844
1.11046
1.11973
1.12792
1.13789
1.14784
1.15699
1.16755
1.1792
1.19572
1.20842
1.22544
1.25258
1.26837
1.28743
1.30811
1.33072
1.35336
1.37319
1.39051
1.41027
1.43706
1.45915
1.50083
1.53266
1.62579
1.99532
