0.205356
0.205356
0.247605
0.247605
0.302773
0.302773
0.347016
0.347016
0.376781
0.376914
0.414368
0.415615
0.447985
0.452572
0.473223
0.481951
0.497554
0.512858
0.523481
0.546553
0.558186
0.573866
0.584244
0.599203
0.608538
0.628659
0.637895
0.650063
0.661189
0.672244
0.682623
0.69291
0.705508
0.715765
0.728318
0.740162
0.757108
0.771436
0.792633
0.80841
0.829365
0.85256
0.876276
0.89087
0.905383
0.927416
0.951188
0.966477
0.98784
1.00596
1.02058
1.03638
1.04646
1.06232
1.07503
1.08939
1.10029
1.1182
1.13115
1.14653
1.15952
1.17169
1.18365
1.19725
1.20788
1.2342
1.25728
1.28006
1.30342
1.32411
1.3522
1.37271
1.38515
1.40126
1.42265
1.4478
1.46848
1.48966
1.51832
1.53743
1.56511
1.58533
1.6065
1.63298
1.67379
1.70499
1.72861
1.78092
1.81993
1.86922
1.9121
2.00932
2.11005
2.19953
2.25704
2.31328
2.50146
2.69746
2.85455
3.07576
