0.304663
0.304663
0.308095
0.308095
0.36341
0.36341
0.364696
0.364696
0.377093
0.377093
0.38389
0.38389
0.434493
0.434493
0.503855
0.503855
0.539991
0.554354
0.557607
0.557607
0.601323
0.601323
0.615586
0.615586
0.65833
0.65833
0.67631
0.67631
0.677881
0.679287
0.679287
0.694819
0.69982
0.69982
0.761991
0.761991
0.763652
0.774063
0.817185
0.817185
0.880224
0.916127
0.916127
0.932878
0.954698
0.954698
0.955569
0.955569
1.00346
1.01593
1.01642
1.01865
1.01865
1.04104
1.06213
1.14981
1.17468
1.18217
1.19513
1.2042
1.20444
1.21775
1.23642
1.23939
1.24091
1.26168
1.30115
1.30115
1.32922
1.33784
1.34678
1.34678
1.37304
1.38139
1.4666
1.47218
1.52286
1.52286
1.52306
1.55016
1.57935
1.58896
1.61174
1.63685
1.63685
1.67401
1.67401
1.81234
1.87297
1.91738
1.97355
2.10157
2.14062
2.20859
2.32598
2.34815
2.34815
2.36255
2.50925
2.63045
