0.227789
0.227789
0.265967
0.265967
0.294792
0.294792
0.320127
0.320466
0.346546
0.346572
0.36837
0.369825
0.390229
0.396372
0.418009
0.433782
0.44535
0.478967
0.485646
0.509856
0.522045
0.545685
0.552758
0.589804
0.605805
0.63198
0.655248
0.672798
0.680087
0.692734
0.704944
0.716
0.730503
0.741827
0.758106
0.772488
0.787339
0.804169
0.816125
0.829197
0.843351
0.856966
0.874234
0.887654
0.899554
0.90812
0.918206
0.925052
0.937522
0.95568
0.97198
0.986442
1.00056
1.0101
1.01879
1.03151
1.04376
1.06129
1.07413
1.08756
1.10219
1.11459
1.13407
1.14908
1.15946
1.17636
1.19746
1.21383
1.23055
1.25022
1.26946
1.2887
1.30695
1.32864
1.35383
1.37692
1.40382
1.43646
1.48629
1.54761
1.57023
1.59026
1.62395
1.67237
1.7149
1.74497
1.76973
1.80661
1.84959
1.90791
1.99621
2.08015
2.15669
2.20447
2.26018
2.32464
2.44518
2.5632
2.74122
2.95633
