0.156165
0.156165
0.205192
0.205192
0.210584
0.210584
0.233281
0.237618
0.237618
0.245498
0.245498
0.247353
0.247353
0.266181
0.266181
0.273429
0.273429
0.274801
0.274801
0.274916
0.274916
0.296363
0.296363
0.298582
0.298582
0.302553
0.302553
0.32381
0.32381
0.343472
0.343472
0.347925
0.347925
0.355395
0.355395
0.357131
0.363724
0.363982
0.363982
0.389196
0.389196
0.390415
0.390415
0.395495
0.395495
0.395966
0.395966
0.401631
0.401631
0.406141
0.406141
0.41264
0.41264
0.423119
0.423119
0.426223
0.426223
0.444064
0.444064
0.447242
0.450556
0.450556
0.454408
0.458774
0.458774
0.470324
0.470324
0.478493
0.478493
0.479972
0.479972
0.480076
0.480076
0.486133
0.486133
0.493814
0.493814
0.495504
0.498988
0.498988
0.50199
0.50199
0.50324
0.508562
0.508634
0.508634
0.511771
0.51773
0.51773
0.525557
0.532326
0.532326
0.539697
0.543501
0.57176
0.582132
0.582132
0.586671
0.586671
0.596985
0.59953
0.603478
0.616902
0.618673
0.618673
0.619777
0.621517
0.622842
0.629582
0.629582
0.635325
0.635325
0.655054
0.655054
0.665314
0.665314
0.669734
0.675778
0.681732
0.682282
0.682282
0.683222
0.688594
0.691004
0.695402
0.695402
0.716518
0.720528
0.72475
0.728328
0.728328
0.730196
0.731659
0.743855
0.746738
0.762106
0.762106
0.766647
0.769048
0.781617
0.79324
0.79324
0.795996
0.866131
0.868219
0.876027
0.876027
0.884233
0.913018
0.913018
0.91828
0.91828
0.928481
0.928481
0.932498
0.932498
0.934546
0.939873
0.939873
0.940706
0.941291
0.964433
0.981011
0.981011
0.983325
0.983325
0.994111
1.0055
1.01912
1.02761
1.038
1.038
1.04938
1.05773
1.05845
1.07198
1.18411
1.18411
1.19935
1.22983
1.25591
1.26532
1.30377
1.3233
1.37553
1.37553
1.5212
1.52409
1.53475
1.61464
1.67287
1.70704
1.7601
1.81624
1.81812
1.85155
1.85155
1.98889
2.03261
2.39477
