0.164986
0.164986
0.191213
0.191213
0.292815
0.292815
0.328616
0.328616
0.328631
0.328631
0.332318
0.336553
0.336553
0.344167
0.344167
0.34728
0.34728
0.349796
0.354873
0.354873
0.378768
0.378768
0.382957
0.382957
0.385943
0.385943
0.400955
0.400955
0.402964
0.402964
0.408462
0.408462
0.413565
0.413565
0.414719
0.414719
0.416616
0.416616
0.422189
0.422189
0.433343
0.433343
0.433792
0.433792
0.440853
0.440853
0.456166
0.456166
0.461298
0.461298
0.463456
0.463456
0.477008
0.477008
0.478049
0.478049
0.484371
0.492834
0.492834
0.493618
0.493618
0.495148
0.507212
0.507212
0.507915
0.519372
0.519372
0.519776
0.519776
0.521547
0.53474
0.53474
0.539395
0.539395
0.539441
0.539441
0.541402
0.545427
0.549334
0.549334
0.550883
0.550883
0.551762
0.551762
0.555009
0.557374
0.559565
0.566722
0.566722
0.572864
0.572864
0.585269
0.594445
0.594445
0.594482
0.599382
0.601441
0.607065
0.623362
0.623362
0.627983
0.627983
0.643233
0.646282
0.646282
0.656895
0.656895
0.659659
0.659659
0.668813
0.668813
0.683038
0.685679
0.685679
0.690894
0.698253
0.714058
0.714973
0.715728
0.715966
0.71777
0.722498
0.743747
0.756135
0.758728
0.758728
0.761006
0.761006
0.775834
0.778899
0.778899
0.784002
0.789111
0.80111
0.80111
0.804027
0.804027
0.824514
0.837508
0.838919
0.84616
0.860611
0.864919
0.868721
0.868721
0.871551
0.88191
0.891441
0.900442
0.913669
0.930786
0.94227
0.95314
0.95314
0.956864
0.967923
0.971719
0.971719
0.97418
0.998113
1.00351
1.00351
1.0043
1.01335
1.01618
1.01623
1.01623
1.02729
1.03336
1.04828
1.04907
1.04907
1.07061
1.07638
1.10128
1.12215
1.15698
1.16053
1.16995
1.19963
1.27135
1.27458
1.27458
1.39039
1.40064
1.43049
1.44221
1.47419
1.48472
1.49798
1.67675
1.67675
1.67725
1.71097
1.71097
1.81403
1.81433
2.21719
2.25116
2.35244
