1
1
1
1
1
1
1
1
1
1
1
1
1
1
1
1
1
1
1
1
1
1
1
1
1
1
1
1
1
1
1
1
1
1
1
1
1
1
1
1
1
1
1
1
1
1
1
1
1
1
1
1
1
1
1
1
1
1
1
1
1
1
1
1
1
1
1
1
1
1
1
1
1
1
1
1
1
1
1
1
1
1
1
1
1
1
1
1
1
1
1
1
1
1
1
1
1
1
1
1
1
1
1
1
1
1
1
1
1
1
1
1
1
1
1
1
1
1
1
1
1
1
1
1
1
1
1
1
1
1
1
1
1
1
1
1
1
1
1
1
1
1
1
1
1
1
1
1
1
1
1
1
1
1
1
1
1
1.078
1.083
1.085
1.236
1.255
1.271
1.279
1.281
1.284
1.287
1.288
1.358
1.372
1.577
1.613
1.674
1.688
1.71
1.711
1.715
1.718
1.773
1.789
1.852
1.92
2.039
2.121
2.235
2.344
2.42
2.475
2.533
2.66
2.808
3.032
3.394
3.724
4.081
4.332
4.524
4.704
4.952
5.31
