0.69
0.73
0.79
0.83
0.86
0.91
0.99
1.07
1.16
1.22
1.23
1.29
1.31
1.38
1.4
1.42
1.44
1.47
1.5
1.55
1.59
1.59
1.6
1.62
1.64
1.69
1.71
1.75
1.77
1.79
1.8
1.85
1.89
1.95
1.99
2
2.05
2.07
2.13
2.13
2.16
2.18
2.2
2.21
2.22
2.23
2.23
2.26
2.26
2.27
2.29
2.3
2.3
2.32
2.34
2.35
2.37
2.37
2.38
2.38
2.38
2.41
2.42
2.44
2.44
2.46
2.48
2.48
2.5
2.52
2.55
2.59
2.6
2.6
2.63
2.66
2.67
2.68
2.71
2.72
2.73
2.74
2.76
2.79
2.81
2.83
2.86
2.92
2.94
2.95
2.97
3
3.04
3.05
3.06
3.09
3.09
3.14
3.14
3.15
3.16
3.18
3.18
3.19
3.24
3.26
3.28
3.28
3.29
3.3
3.31
3.32
3.35
3.39
3.39
3.39
3.42
3.43
3.43
3.45
3.47
3.51
3.52
3.54
3.55
3.56
3.57
3.59
3.61
3.61
3.62
3.63
3.66
3.68
3.69
3.7
3.71
3.77
3.82
3.85
3.91
3.92
3.97
4.03
4.03
4.05
4.08
4.11
4.11
4.12
4.12
4.14
4.15
4.17
4.21
4.26
4.3
4.33
4.38
4.44
4.46
4.51
4.53
4.57
4.6
4.63
4.67
4.71
4.74
4.82
4.85
4.92
5
5.02
5.06
5.08
5.1
5.12
5.18
5.26
5.45
5.56
5.74
5.85
5.93
6.41
7.43
8.12
8.58
9.13
10.33
11.26
11.77
12.37
13.39
15.26
16.46
19.82
23.2
26.15
