0.155184
0.155184
0.161323
0.161638
0.167786
0.168341
0.17617
0.177357
0.184608
0.186087
0.193111
0.19527
0.200719
0.204283
0.209101
0.212953
0.215839
0.219882
0.222829
0.226385
0.22915
0.232291
0.235269
0.239722
0.241756
0.246325
0.248089
0.25254
0.254718
0.258776
0.260785
0.265143
0.26844
0.271216
0.274744
0.278823
0.281858
0.285181
0.288134
0.290825
0.293247
0.296064
0.299218
0.302124
0.304962
0.307416
0.310317
0.313294
0.315439
0.317903
0.319757
0.321552
0.324033
0.326059
0.328123
0.329791
0.332334
0.334606
0.336241
0.338374
0.340129
0.342132
0.343843
0.345489
0.347399
0.349414
0.351137
0.352511
0.354174
0.355604
0.357712
0.359172
0.360743
0.362102
0.364148
0.365976
0.367192
0.369354
0.370896
0.37266
0.374678
0.375925
0.377827
0.379485
0.380823
0.38262
0.384212
0.385864
0.388145
0.389825
0.391406
0.393092
0.395096
0.396535
0.398315
0.400122
0.401989
0.403442
0.405732
0.407427
0.409027
0.410617
0.412394
0.413822
0.415401
0.417537
0.419349
0.420911
0.423297
0.425091
0.426973
0.429097
0.431481
0.433149
0.434958
0.437135
0.438904
0.440374
0.442314
0.444302
0.446017
0.447558
0.450177
0.452111
0.454289
0.456452
0.458403
0.460029
0.461956
0.463653
0.465893
0.467559
0.470063
0.472094
0.473861
0.476576
0.478404
0.480552
0.482911
0.485249
0.487225
0.489753
0.492597
0.494781
0.496949
0.499136
0.501169
0.503566
0.505864
0.507806
0.510355
0.512482
0.514747
0.516978
0.519197
0.521593
0.523931
0.526686
0.528587
0.531087
0.532931
0.535062
0.536724
0.539034
0.54125
0.543455
0.546256
0.548522
0.551877
0.554778
0.557373
0.560695
0.562935
0.565598
0.568331
0.570568
0.572916
0.575111
0.577927
0.580406
0.582813
0.585267
0.588336
0.591021
0.594348
0.597476
0.600624
0.603503
0.60616
0.609033
0.612135
0.614721
0.617866
0.620617
0.623558
0.626461
0.629175
0.63226
0.634442
0.637771
0.64019
0.643103
0.64601
0.648902
0.651623
0.654598
0.657126
0.659913
0.663159
0.665742
0.669069
0.672346
0.676151
0.679378
0.682076
0.685528
0.688598
0.69166
0.695181
0.698558
0.701434
0.704629
0.707826
0.712326
0.716049
0.719295
0.722638
0.726468
0.730602
0.734743
0.738671
0.743095
0.747022
0.7513
0.75569
0.760221
0.765567
0.770158
0.775639
0.781375
0.786416
0.791737
0.796982
0.803486
0.810458
0.816417
0.822287
0.828591
0.834698
0.8426
0.848672
0.855403
0.861366
0.867754
0.873593
0.88048
0.887293
0.893976
0.900875
0.90906
0.916906
0.924047
0.932861
0.940801
0.949362
0.958752
0.966101
0.973926
0.9842
0.99258
0.998651
1.00716
1.01725
1.02656
1.03638
1.04783
1.05756
1.07077
1.08567
1.1027
1.11549
1.13353
1.14832
1.16741
1.19051
1.21334
1.25943
1.28951
1.32332
1.35675
1.38226
1.41375
1.48077
1.54629
1.63229
1.70217
1.77869
1.98539
2.05529
2.1696
