0.01
0.03
0.06
0.16
0.28
0.36
0.47
0.57
0.58
0.63
0.68
0.73
0.82
0.92
0.96
0.97
0.98
0.98
0.98
0.98
0.98
0.98
0.98
0.98
0.98
0.98
0.98
0.98
0.98
0.98
0.98
0.98
0.98
0.98
0.98
0.98
0.98
0.98
0.98
0.98
0.98
0.98
0.98
0.98
0.98
0.98
0.98
0.98
0.98
0.98
0.99
1.0
1.0
1.02
1.08
1.12
1.21
1.33
1.38
1.42
1.44
1.49
1.51
1.56
1.57
1.61
1.63
1.66
1.74
1.8
1.86
1.88
1.96
1.96
1.96
1.96
1.96
1.96
1.96
1.96
1.96
1.96
1.96
1.96
1.96
1.96
1.96
1.96
1.96
1.96
1.96
1.96
1.96
1.96
1.96
1.96
1.96
1.96
1.96
1.96
1.96
1.96
1.96
1.96
1.96
1.96
1.96
1.96
1.96
1.96
1.96
1.96
1.96
1.96
1.96
1.96
1.96
1.96
1.96
1.96
1.96
1.96
1.96
1.96
1.97
2.0
2.02
2.04
2.04
2.06
2.09
2.13
2.14
2.16
2.19
2.25
2.29
2.33
2.34
2.35
2.36
2.38
2.39
2.43
2.5
2.51
2.6
2.64
2.67
2.75
2.78
2.81
2.82
2.85
2.89
2.9
2.93
2.94
2.94
2.94
2.94
2.94
2.94
2.94
2.94
2.94
2.94
2.94
2.94
2.94
2.94
2.94
2.94
2.94
2.94
2.94
2.94
2.94
2.95
2.96
2.96
2.99
3.0
3.01
3.01
3.02
3.02
3.05
3.09
3.11
3.12
3.13
3.18
3.24
3.28
3.3
3.3
3.33
3.35
3.38
3.46
3.51
3.54
3.59
3.65
3.68
3.7
3.72
3.76
3.79
3.8
3.8
3.83
3.89
3.91
3.91
3.92
3.92
3.92
3.92
3.92
3.92
3.92
3.92
3.92
3.92
3.92
3.93
3.94
3.94
3.97
3.98
4.02
4.07
4.1
4.15
4.23
4.23
4.31
4.33
4.36
4.41
4.48
4.51
4.55
4.59
4.64
4.68
4.72
4.74
4.77
4.79
4.81
4.84
4.88
4.89
4.91
4.93
4.95
5.02
5.09
5.15
5.25
5.31
5.43
5.55
5.63
5.75
5.81
5.83
5.85
5.91
6.01
6.13
6.38
6.58
6.96
7.53
