0.153603
0.153603
0.155385
0.155385
0.156434
0.156434
0.162273
0.162273
0.178507
0.178507
0.18201
0.18201
0.199728
0.199728
0.200256
0.200256
0.213687
0.213687
0.21959
0.21959
0.22157
0.22157
0.227248
0.227248
0.230237
0.230237
0.239128
0.239128
0.260531
0.260531
0.272535
0.272535
0.28017
0.293296
0.293296
0.293964
0.301198
0.301198
0.304723
0.304723
0.30565
0.30565
0.306107
0.306107
0.315553
0.315553
0.318313
0.318313
0.319631
0.319631
0.323255
0.323255
0.324349
0.325017
0.325017
0.325505
0.325505
0.325878
0.326967
0.32726
0.32726
0.328093
0.328093
0.328944
0.329292
0.329395
0.329395
0.330975
0.330975
0.33284
0.33284
0.334031
0.334031
0.339314
0.339314
0.340615
0.347845
0.347845
0.349605
0.349605
0.358103
0.358103
0.359811
0.359811
0.362502
0.362502
0.363221
0.363221
0.367802
0.367802
0.36984
0.36984
0.372298
0.372298
0.375062
0.375062
0.375394
0.375394
0.381743
0.381743
0.384136
0.387679
0.390391
0.390391
0.392907
0.392907
0.399197
0.399197
0.399802
0.399802
0.400126
0.400126
0.400209
0.400209
0.401695
0.401826
0.401826
0.406836
0.406836
0.41126
0.411497
0.411497
0.416494
0.419617
0.421264
0.423396
0.423734
0.424051
0.429723
0.432508
0.432877
0.43295
0.434792
0.437198
0.437198
0.438462
0.441468
0.443753
0.449152
0.450817
0.452017
0.452017
0.452185
0.452185
0.452405
0.459863
0.459863
0.462875
0.471884
0.476101
0.480895
0.480967
0.480967
0.481999
0.481999
0.498336
0.498336
0.501747
0.501747
0.50547
0.508521
0.508521
0.508865
0.514151
0.515728
0.520431
0.520672
0.521997
0.521997
0.524103
0.528459
0.528459
0.536911
0.53802
0.551354
0.552214
0.558336
0.558336
0.559216
0.563809
0.563809
0.564422
0.573974
0.575437
0.575437
0.576431
0.577422
0.579222
0.58333
0.585085
0.585085
0.587425
0.592737
0.592964
0.597547
0.59774
0.599088
0.599088
0.602499
0.602499
0.603253
0.603253
0.603521
0.603521
0.605557
0.620764
0.620764
0.622676
0.624861
0.625938
0.625938
0.630721
0.630721
0.63226
0.636383
0.639674
0.642341
0.644804
0.653913
0.663014
0.680331
0.680331
0.687207
0.693123
0.693123
0.705699
0.720976
0.727983
0.745403
0.745403
0.745704
0.749779
0.749779
0.752081
0.754202
0.75688
0.769945
0.787402
0.787402
0.793419
0.799867
0.802426
0.802426
0.802974
0.805373
0.820483
0.820533
0.820583
0.820964
0.820964
0.826179
0.829707
0.829707
0.839398
0.841984
0.84629
0.857681
0.868263
0.875945
0.877691
0.879856
0.891066
0.908051
0.913155
0.921371
0.933982
0.946694
0.952189
0.952623
0.985025
0.986516
0.991217
1.00925
1.0165
1.02197
1.04918
1.07359
1.07431
1.08852
1.10206
1.1514
1.15477
1.15477
1.16242
1.20471
1.21775
1.25849
1.30667
1.3281
1.45539
1.53308
1.54726
1.56814
1.66002
1.66159
1.73088
1.79688
1.94954
1.9879
2.09994
