0.155336
0.155336
0.161995
0.162123
0.168749
0.169428
0.177148
0.177874
0.18493
0.186372
0.192708
0.194622
0.20188
0.203688
0.208673
0.211617
0.215422
0.218254
0.220824
0.223775
0.226976
0.230441
0.232843
0.236505
0.238519
0.24188
0.244074
0.246721
0.249578
0.253097
0.256355
0.259591
0.262549
0.265711
0.269027
0.27175
0.275308
0.27803
0.280882
0.284039
0.28634
0.288585
0.290698
0.293366
0.295751
0.298345
0.300679
0.303474
0.305337
0.307277
0.309625
0.311329
0.313827
0.315783
0.31753
0.319706
0.322232
0.324414
0.32603
0.327411
0.329263
0.331195
0.332553
0.334117
0.336193
0.338077
0.339397
0.340727
0.342653
0.344462
0.345988
0.347778
0.349275
0.351112
0.352235
0.354261
0.355413
0.357084
0.35948
0.361433
0.36347
0.36526
0.367166
0.368742
0.370787
0.372702
0.374574
0.375709
0.377148
0.378778
0.380119
0.382126
0.383772
0.385443
0.387334
0.389067
0.390771
0.392558
0.394473
0.396282
0.397964
0.399912
0.401733
0.403099
0.405
0.406507
0.408347
0.410618
0.412128
0.413765
0.415343
0.417626
0.419297
0.42132
0.422666
0.424504
0.426242
0.427694
0.429609
0.431449
0.432926
0.43483
0.436602
0.438203
0.440163
0.44198
0.444285
0.44601
0.447922
0.449906
0.452133
0.45365
0.456285
0.457939
0.460208
0.462324
0.464102
0.46617
0.468007
0.469982
0.471736
0.47362
0.475995
0.478344
0.481065
0.48416
0.485702
0.488484
0.491001
0.493609
0.49598
0.498464
0.500271
0.50279
0.505017
0.507908
0.510608
0.51298
0.515483
0.518722
0.521915
0.524811
0.527986
0.530361
0.533344
0.535963
0.539301
0.541819
0.544509
0.547219
0.549586
0.552269
0.554781
0.556755
0.559607
0.562018
0.563967
0.566052
0.567792
0.570332
0.573836
0.57607
0.57861
0.580849
0.583683
0.585948
0.589605
0.592641
0.596079
0.599432
0.601696
0.604696
0.607327
0.610836
0.613694
0.616791
0.62047
0.623232
0.625836
0.628596
0.631479
0.634394
0.637829
0.640377
0.642986
0.645552
0.647855
0.650184
0.653558
0.656764
0.660713
0.66394
0.666981
0.67034
0.674068
0.677269
0.680446
0.683583
0.687256
0.691258
0.694808
0.69888
0.702376
0.706617
0.710861
0.715841
0.720204
0.725749
0.730751
0.735857
0.740974
0.745625
0.750651
0.755608
0.760433
0.766045
0.770037
0.77496
0.780044
0.785231
0.791109
0.796209
0.80142
0.806598
0.812828
0.820068
0.825884
0.833062
0.840502
0.848713
0.856943
0.865175
0.873148
0.879445
0.885474
0.893043
0.900328
0.908226
0.916073
0.922541
0.931124
0.940403
0.949784
0.957857
0.964528
0.973002
0.977433
0.984911
0.992565
1.00034
1.00923
1.01888
1.0294
1.04337
1.05525
1.06987
1.08453
1.0988
1.11376
1.13279
1.15378
1.16941
1.18665
1.2045
1.22127
1.24159
1.28799
1.32856
1.38257
1.42956
1.47545
1.51387
1.57387
1.62059
1.66225
1.7051
1.80088
1.94807
2.00939
2.15181
