0.328
0.328
0.328
0.328
0.328
0.328
0.328
0.328
0.328
0.328
0.328
0.328
0.328
0.329
0.329
0.329
0.33
0.33
0.33
0.331
0.332
0.332
0.332
0.332
0.334
0.334
0.335
0.335
0.336
0.336
0.336
0.338
0.338
0.338
0.338
0.338
0.338
0.338
0.338
0.339
0.34
0.34
0.341
0.341
0.342
0.342
0.343
0.343
0.344
0.344
0.344
0.344
0.345
0.345
0.345
0.345
0.345
0.346
0.346
0.347
0.347
0.349
0.349
0.349
0.349
0.35
0.351
0.351
0.351
0.351
0.351
0.351
0.351
0.353
0.353
0.354
0.354
0.354
0.354
0.355
0.356
0.356
0.357
0.358
0.358
0.358
0.359
0.359
0.36
0.361
0.361
0.362
0.362
0.362
0.363
0.364
0.364
0.364
0.365
0.365
0.366
0.366
0.366
0.367
0.367
0.368
0.37
0.371
0.374
0.374
0.374
0.376
0.377
0.377
0.378
0.378
0.378
0.378
0.38
0.38
0.38
0.381
0.383
0.385
0.385
0.385
0.388
0.39
0.39
0.391
0.393
0.393
0.393
0.394
0.395
0.396
0.398
0.401
0.402
0.404
0.407
0.409
0.41
0.411
0.411
0.411
0.412
0.413
0.414
0.415
0.416
0.419
0.423
0.425
0.428
0.429
0.433
0.437
0.438
0.439
0.439
0.44
0.443
0.443
0.446
0.454
0.455
0.458
0.459
0.46
0.461
0.462
0.464
0.47
0.474
0.481
0.482
0.488
0.496
0.504
0.506
0.511
0.517
0.523
0.531
0.533
0.536
0.539
0.542
0.544
0.547
0.55
0.553
0.558
0.56
0.563
0.568
0.57
0.571
0.572
0.578
0.581
0.584
0.585
0.592
0.595
0.599
0.604
0.608
0.616
0.624
0.629
0.636
0.64
0.644
0.654
0.662
0.665
0.669
0.674
0.678
0.685
0.687
0.695
0.702
0.71
0.714
0.722
0.727
0.729
0.732
0.737
0.748
0.759
0.77
0.774
0.789
0.797
0.798
0.805
0.816
0.825
0.832
0.835
0.842
0.851
0.859
0.87
0.884
0.892
0.901
0.911
0.922
0.942
0.952
0.968
0.987
0.995
1
1.009
1.016
1.025
1.032
1.043
1.044
1.047
1.048
1.05
1.051
1.051
1.055
1.058
1.06
1.065
1.068
1.069
1.076
1.082
1.091
1.107
1.125
1.141
1.161
1.185
1.218
1.254
1.295
1.336
1.387
1.431
1.474
1.517
1.593
1.658
1.789
1.918
2.06
2.155
2.33
2.581
