0.183597
0.183597
0.212312
0.212312
0.25747
0.260266
0.28931
0.291804
0.32301
0.328726
0.363903
0.373067
0.394941
0.405412
0.419071
0.431361
0.445856
0.460303
0.487294
0.504644
0.532079
0.543743
0.563235
0.569565
0.59104
0.598564
0.617021
0.62266
0.635695
0.648384
0.661808
0.669765
0.685319
0.695795
0.712091
0.721311
0.734594
0.744367
0.762987
0.774374
0.792853
0.80945
0.820637
0.833641
0.842991
0.853147
0.86192
0.875373
0.885082
0.900233
0.915112
0.934431
0.946339
0.968748
0.983304
1.00454
1.02531
1.04541
1.06435
1.07978
1.09116
1.10098
1.11599
1.13124
1.14125
1.15679
1.18004
1.19359
1.20425
1.215
1.23294
1.24785
1.26833
1.28525
1.3094
1.33072
1.35216
1.36936
1.40404
1.42643
1.44935
1.4707
1.48847
1.50741
1.54753
1.5633
1.57832
1.60351
1.63158
1.66457
1.74212
1.7816
1.814
1.88653
1.92697
2.01829
2.01851
2.24622
2.66257
2.96047
