0.155421
0.155421
0.157574
0.157574
0.258227
0.258227
0.286535
0.286535
0.288523
0.288523
0.361863
0.363005
0.363005
0.378287
0.444158
0.444158
0.459714
0.459714
0.466472
0.47896
0.47896
0.513497
0.513497
0.546386
0.546386
0.552411
0.552411
0.558785
0.558785
0.569696
0.569696
0.601332
0.601332
0.661659
0.663623
0.678292
0.678292
0.680874
0.684136
0.684136
0.738574
0.741132
0.741132
0.769992
0.769992
0.788168
0.788168
0.812705
0.812705
0.820338
0.83046
0.847831
0.847831
0.881694
0.94969
1.03164
1.05775
1.0978
1.09795
1.09795
1.1038
1.12257
1.12257
1.18779
1.20349
1.20349
1.25013
1.2718
1.28228
1.29151
1.29674
1.33253
1.37247
1.37247
1.37353
1.40078
1.415
1.46074
1.5028
1.5028
1.50321
1.50321
1.50516
1.50581
1.51256
1.51256
1.58687
1.65527
1.65527
1.69118
1.71964
1.71964
1.78081
1.79972
1.8561
1.96516
1.96516
2.25252
2.75473
3.07949
