0.187366
0.187366
0.258705
0.258988
0.314483
0.318523
0.351017
0.376654
0.390661
0.413641
0.420175
0.461718
0.466712
0.504215
0.506728
0.544323
0.550642
0.575484
0.592913
0.608333
0.617212
0.633687
0.642878
0.655976
0.665367
0.677885
0.689267
0.697694
0.707217
0.720358
0.731834
0.741893
0.754171
0.759778
0.777416
0.782639
0.797711
0.801918
0.819111
0.840072
0.846629
0.857146
0.869507
0.878839
0.889901
0.902066
0.913128
0.927761
0.938067
0.95154
0.961572
0.971504
0.980289
0.991854
1.00191
1.01806
1.02613
1.03987
1.04975
1.06283
1.07564
1.0885
1.09976
1.11253
1.12635
1.13681
1.14838
1.16396
1.17718
1.19508
1.21006
1.2207
1.24008
1.2561
1.28371
1.30434
1.32624
1.33554
1.3531
1.3751
1.40453
1.4259
1.44478
1.47333
1.49987
1.51281
1.52571
1.5446
1.5846
1.64178
1.68498
1.72717
1.77573
1.90991
2.01399
2.07915
2.1125
2.29586
2.59512
3.06712
