0.328
0.328
0.328
0.328
0.328
0.328
0.328
0.33
0.33
0.33
0.334
0.334
0.334
0.335
0.337
0.338
0.338
0.339
0.34
0.345
0.349
0.352
0.354
0.359
0.365
0.372
0.379
0.384
0.409
0.427
0.444
0.453
0.459
0.461
0.463
0.471
0.483
0.519
0.543
0.556
0.579
0.618
0.63
0.633
0.637
0.639
0.663
0.669
0.703
0.716
0.721
0.723
0.725
0.727
0.729
0.758
0.797
0.81
0.817
0.82
0.849
0.884
0.902
0.91
0.911
0.913
0.975
0.992
1
1
1
1
1.001
1.001
1.001
1.001
1.001
1.001
1.001
1.001
1.001
1.001
1.001
1.001
1.001
1.001
1.001
1.001
1.002
1.002
1.002
1.002
1.002
1.003
1.004
1.005
1.007
1.013
1.095
1.109
