0.257174
0.257174
0.320098
0.320098
0.367229
0.367229
0.402127
0.402544
0.434248
0.436655
0.467812
0.478753
0.503376
0.528483
0.549354
0.569132
0.583232
0.601137
0.620908
0.631093
0.642593
0.656251
0.666341
0.676577
0.685643
0.696342
0.711955
0.719063
0.736192
0.745028
0.756221
0.763532
0.775237
0.78394
0.793111
0.797905
0.808149
0.813573
0.82156
0.830207
0.837431
0.845192
0.852432
0.860502
0.873947
0.880879
0.892805
0.898949
0.90913
0.914416
0.922855
0.931213
0.939835
0.952991
0.963585
0.978344
0.987314
0.995951
1.0059
1.01543
1.02879
1.0407
1.05093
1.06119
1.08314
1.09923
1.12862
1.1493
1.16258
1.18163
1.20402
1.21954
1.23107
1.24433
1.25827
1.27237
1.28858
1.30602
1.32517
1.35875
1.37913
1.40451
1.43492
1.45953
1.4901
1.50132
1.51293
1.53652
1.57197
1.60334
1.6522
1.66484
1.79509
1.88685
1.97344
2.07037
2.14976
2.28107
2.40405
3.08426
