0.208222
0.208222
0.258896
0.263071
0.315982
0.33151
0.364951
0.383259
0.40138
0.417196
0.429719
0.446227
0.456146
0.471167
0.480464
0.490521
0.498026
0.509807
0.521036
0.533301
0.548694
0.556894
0.57391
0.583753
0.60012
0.606324
0.623213
0.631083
0.643404
0.651309
0.661459
0.667984
0.682404
0.689998
0.712542
0.724613
0.736593
0.74706
0.760073
0.773776
0.782226
0.790069
0.802077
0.80963
0.823457
0.832201
0.846583
0.857849
0.875495
0.892463
0.906547
0.922369
0.935892
0.950574
0.966214
0.990008
1.00445
1.01902
1.03167
1.04383
1.05678
1.07118
1.09114
1.10757
1.12614
1.1472
1.1597
1.17427
1.19292
1.20434
1.22209
1.2328
1.24607
1.26417
1.27877
1.30453
1.32163
1.33926
1.35867
1.38435
1.40236
1.42303
1.44027
1.4795
1.50847
1.52472
1.54329
1.56474
1.58494
1.62446
1.65644
1.68188
1.76487
1.84796
1.89883
1.99483
2.0987
2.27961
2.40405
3.21334
