0.157161
0.157161
0.166817
0.166851
0.179129
0.179282
0.194344
0.19505
0.206747
0.211216
0.224438
0.226664
0.239083
0.248068
0.259973
0.269525
0.280568
0.284165
0.294916
0.299382
0.308585
0.315924
0.32391
0.329259
0.334512
0.338396
0.343432
0.347238
0.350525
0.355426
0.359486
0.363891
0.366782
0.371157
0.374576
0.378817
0.383711
0.388098
0.39326
0.396894
0.401154
0.405838
0.411633
0.416251
0.421129
0.426053
0.43006
0.435145
0.440425
0.44437
0.451497
0.455479
0.4604
0.464817
0.468971
0.474453
0.479959
0.484619
0.490096
0.496104
0.503021
0.508111
0.513535
0.519318
0.524684
0.530851
0.536358
0.542419
0.546902
0.552987
0.557326
0.564238
0.56944
0.574936
0.579592
0.584495
0.589293
0.594002
0.598223
0.603807
0.608108
0.612516
0.616571
0.621103
0.625993
0.630057
0.636118
0.641265
0.647186
0.652852
0.657794
0.662351
0.668344
0.672964
0.678251
0.682889
0.688102
0.691469
0.696468
0.699478
0.704151
0.70812
0.712295
0.717749
0.721793
0.727651
0.731837
0.737487
0.74228
0.747842
0.751674
0.757191
0.761819
0.766331
0.771516
0.776659
0.782175
0.786879
0.791838
0.797166
0.801556
0.805585
0.810207
0.814577
0.819529
0.824219
0.828797
0.833642
0.837102
0.841752
0.846955
0.851667
0.856038
0.861247
0.866695
0.872507
0.877667
0.88296
0.887012
0.892897
0.899375
0.90572
0.912572
0.917131
0.922308
0.929784
0.936602
0.946338
0.955762
0.963942
0.973122
0.982271
0.991049
1.00049
1.00808
1.01623
1.02457
1.03414
1.04216
1.05138
1.0606
1.069
1.07731
1.08469
1.09465
1.10287
1.11135
1.1188
1.12786
1.13782
1.14758
1.15972
1.17295
1.18323
1.19257
1.20448
1.21315
1.22354
1.2339
1.24658
1.259
1.27194
1.28941
1.30599
1.32179
1.33346
1.35617
1.37692
1.39929
1.41638
1.44163
1.47249
1.51587
1.54611
1.60001
1.64682
1.68037
1.80315
1.95576
2.12228
