0.162439
0.162439
0.179812
0.180066
0.193126
0.194954
0.207014
0.209178
0.221195
0.223507
0.234825
0.23778
0.245824
0.248262
0.25687
0.259733
0.267317
0.271389
0.277719
0.285827
0.292655
0.301158
0.306121
0.313751
0.318826
0.325992
0.330295
0.335219
0.340668
0.344972
0.350475
0.354248
0.359303
0.362693
0.367454
0.372212
0.376909
0.380902
0.38504
0.389273
0.393358
0.397687
0.402973
0.407073
0.412795
0.416674
0.421232
0.425583
0.430373
0.434479
0.438524
0.442314
0.446558
0.45135
0.455494
0.460021
0.464291
0.469078
0.475057
0.479127
0.485095
0.488668
0.495256
0.50086
0.506418
0.512408
0.517485
0.523318
0.528185
0.534968
0.539498
0.545575
0.550958
0.557011
0.561657
0.568003
0.573695
0.579106
0.583378
0.589219
0.594496
0.599037
0.604303
0.608286
0.613476
0.617184
0.623108
0.62674
0.634542
0.639016
0.644402
0.649552
0.654944
0.659396
0.663139
0.668064
0.674117
0.678932
0.684477
0.687349
0.692997
0.696574
0.701973
0.705686
0.709396
0.713191
0.71728
0.723471
0.728403
0.733699
0.737389
0.741291
0.746533
0.751234
0.756372
0.760339
0.766005
0.770299
0.775307
0.780662
0.784249
0.787642
0.791068
0.795817
0.799265
0.802694
0.806449
0.812074
0.81718
0.821884
0.828041
0.833562
0.839853
0.845154
0.851446
0.859356
0.86553
0.872454
0.879918
0.885898
0.894051
0.903453
0.912667
0.920221
0.926727
0.932216
0.939106
0.94765
0.955544
0.962718
0.971596
0.980413
0.987959
0.994107
1.00073
1.00656
1.01276
1.01931
1.02519
1.03159
1.03988
1.04647
1.05388
1.06275
1.07346
1.08065
1.0879
1.09768
1.10605
1.11503
1.12512
1.13229
1.14104
1.14728
1.1575
1.1693
1.18177
1.19197
1.20659
1.22232
1.23712
1.25339
1.26751
1.28301
1.29637
1.31426
1.3386
1.35507
1.37232
1.40226
1.43633
1.46915
1.4956
1.52695
1.59734
1.65051
1.7126
1.87185
2.02652
2.11084
