0.150978
0.150978
0.170659
0.173151
0.173151
0.176302
0.176302
0.17861
0.17861
0.216238
0.216238
0.218762
0.218762
0.243038
0.243038
0.246166
0.246166
0.250149
0.250149
0.288663
0.307907
0.324055
0.324055
0.348469
0.348469
0.349215
0.349215
0.360968
0.360968
0.363633
0.363633
0.3676
0.3676
0.372719
0.372719
0.38496
0.38496
0.390211
0.394962
0.395488
0.395488
0.401182
0.421369
0.421369
0.432943
0.432943
0.435246
0.435246
0.448314
0.448314
0.45264
0.45264
0.4562
0.4562
0.456689
0.456689
0.460611
0.460611
0.464012
0.493411
0.493411
0.500442
0.504228
0.504228
0.50832
0.50832
0.509708
0.510074
0.537224
0.537224
0.539024
0.540949
0.540949
0.542957
0.544694
0.544694
0.544753
0.549228
0.549228
0.553809
0.553809
0.578902
0.581296
0.59259
0.592788
0.593697
0.593697
0.605547
0.605547
0.611562
0.6288
0.6288
0.635666
0.635666
0.639027
0.639027
0.646111
0.646111
0.651478
0.651478
0.66476
0.66476
0.668234
0.668234
0.66886
0.683065
0.689174
0.694593
0.705996
0.724619
0.730777
0.730777
0.733844
0.743104
0.743104
0.754841
0.759364
0.759364
0.764982
0.76527
0.769063
0.769063
0.771495
0.772846
0.778407
0.778407
0.798917
0.804114
0.80506
0.807718
0.807718
0.817775
0.817775
0.826874
0.826874
0.8432
0.846477
0.871761
0.871761
0.879411
0.879411
0.892094
0.911568
0.911568
0.914253
0.933778
0.969802
0.98054
0.989276
0.989276
1.00575
1.02013
1.02013
1.0452
1.04611
1.06296
1.07061
1.07328
1.08154
1.09866
1.10309
1.12141
1.12141
1.13075
1.13978
1.1406
1.14149
1.14186
1.14915
1.17034
1.19185
1.20418
1.2307
1.23087
1.23843
1.2747
1.28542
1.34451
1.34451
1.3477
1.35732
1.35732
1.36847
1.36847
1.37337
1.3813
1.40957
1.41384
1.42424
1.4607
1.49931
1.50371
1.51801
1.54599
1.56769
1.65512
1.65512
1.68798
1.74487
1.74487
