1
1
1
1
1
1
1
1
1
1
1
1
1
1
1
1
1
1
1
1
1
1
1
1
1
1
1
1
1
1
1
1
1
1
1
1
1
1
1
1
1
1
1
1
1
1
1
1
1
1
1
1
1
1
1
1
1
1
1
1
1
1
1
1
1
1
1
1
1
1
1
1
1
1
1
1
1
1
1
1
1
1
1
1
1
1
1
1
1
1
1
1
1
1
1
1
1
1
1
1
1
1
1
1
1
1
1
1
1
1
1
1
1
1
1
1
1
1
1
1
1
1
1
1
1
1
1
1
1
1
1
1
1
1
1
1
1
1
1
1
1
1
1
1.018
1.042
1.049
1.057
1.058
1.064
1.065
1.091
1.117
1.141
1.147
1.176
1.2
1.23
1.256
1.294
1.314
1.333
1.375
1.398
1.418
1.448
1.473
1.495
1.533
1.578
1.6
1.631
1.637
1.676
1.728
1.789
1.836
1.888
1.929
1.957
1.966
2.005
2.087
2.163
2.251
2.304
2.376
2.444
2.523
2.673
2.905
2.966
3.104
3.277
3.481
3.59
3.941
4.124
4.322
4.467
4.565
