0.181838
0.181838
0.213121
0.213121
0.269658
0.269658
0.30221
0.30221
0.303
0.303
0.304642
0.304642
0.337969
0.337969
0.338617
0.338617
0.343312
0.343312
0.350918
0.350918
0.359452
0.359452
0.361207
0.361891
0.362323
0.366365
0.366365
0.371171
0.373957
0.373957
0.376522
0.378872
0.378872
0.388323
0.391547
0.391547
0.409705
0.409705
0.412544
0.424569
0.424569
0.428274
0.453794
0.453794
0.459982
0.459982
0.478909
0.48245
0.48245
0.483637
0.483637
0.512161
0.512161
0.517347
0.517347
0.528505
0.528505
0.547368
0.547368
0.547689
0.554491
0.56755
0.56755
0.568507
0.579035
0.579035
0.589664
0.589664
0.601027
0.626022
0.632213
0.632213
0.632521
0.632521
0.641803
0.644084
0.644084
0.647727
0.652212
0.661509
0.663347
0.663347
0.668959
0.690572
0.690572
0.694156
0.71288
0.71288
0.71556
0.71556
0.717411
0.717411
0.719131
0.719131
0.724239
0.724239
0.725431
0.727993
0.731722
0.731722
0.732657
0.732657
0.73358
0.73358
0.740824
0.740824
0.745019
0.746966
0.748498
0.748498
0.749865
0.763643
0.765408
0.765408
0.779274
0.779274
0.780257
0.788018
0.788018
0.791504
0.791751
0.795659
0.795659
0.800207
0.800207
0.804281
0.804281
0.820849
0.824688
0.824688
0.824714
0.824922
0.824922
0.827465
0.833971
0.834242
0.834242
0.837361
0.837361
0.845544
0.84608
0.84608
0.861122
0.88059
0.888079
0.909058
0.921525
0.951732
0.951732
0.956571
0.978248
0.979507
0.979507
0.98992
0.992953
1.00958
1.00958
1.02039
1.03631
1.05825
1.06492
1.06492
1.06841
1.07507
1.07562
1.08957
1.10098
1.13913
1.14793
1.15738
1.18303
1.19719
1.19737
1.21095
1.21621
1.21621
1.24034
1.27547
1.28072
1.29534
1.29534
1.2962
1.2962
1.29766
1.35712
1.35803
1.3583
1.39728
1.41787
1.44262
1.49424
1.51761
1.53536
1.55506
1.58103
1.746
1.81025
1.97961
1.98419
2.02983
