0.185185
0.185185
0.20354
0.20354
0.220984
0.221287
0.231988
0.233292
0.242884
0.243724
0.252525
0.253522
0.263319
0.264394
0.273
0.275374
0.284277
0.285996
0.293742
0.29586
0.303173
0.30586
0.312178
0.314462
0.320588
0.322425
0.328092
0.330812
0.335946
0.339036
0.344451
0.347163
0.351264
0.356338
0.360295
0.363987
0.368157
0.373808
0.378366
0.385039
0.389195
0.395303
0.400099
0.40425
0.410272
0.415816
0.419971
0.425111
0.430247
0.436315
0.440625
0.44818
0.454641
0.459154
0.464365
0.469504
0.474949
0.480015
0.484015
0.490962
0.495906
0.501712
0.506917
0.512777
0.518704
0.524849
0.530864
0.536834
0.544356
0.550579
0.55562
0.562058
0.56939
0.575704
0.583385
0.590197
0.598309
0.604519
0.612873
0.618478
0.624887
0.630758
0.636581
0.643316
0.648971
0.654814
0.660539
0.665967
0.672927
0.677129
0.683228
0.687967
0.692601
0.696516
0.701486
0.70652
0.711717
0.715232
0.71982
0.724028
0.730043
0.733824
0.738501
0.743128
0.748588
0.752134
0.757124
0.760786
0.764484
0.768136
0.772368
0.775954
0.780703
0.785123
0.78965
0.793241
0.798056
0.801358
0.805654
0.80948
0.812769
0.816592
0.820566
0.823926
0.827494
0.829691
0.833105
0.835887
0.838484
0.84198
0.84584
0.850128
0.853579
0.858522
0.862966
0.867406
0.871767
0.876376
0.880912
0.885593
0.890641
0.896266
0.902679
0.907697
0.912625
0.918939
0.924281
0.932333
0.938246
0.946259
0.952906
0.96036
0.968417
0.976407
0.986411
0.995731
1.00416
1.01305
1.02427
1.03026
1.03974
1.04927
1.05694
1.06284
1.07099
1.08034
1.08882
1.09835
1.10962
1.12097
1.13025
1.14059
1.15017
1.16329
1.17136
1.17881
1.18988
1.19761
1.20882
1.22167
1.2326
1.24804
1.27036
1.28928
1.30942
1.33617
1.36749
1.38865
1.40664
1.42567
1.45779
1.48798
1.51622
1.55227
1.6041
1.65167
1.73151
1.84486
2.01863
2.12107
