0.328
0.328
0.328
0.328
0.328
0.328
0.328
0.328
0.328
0.328
0.328
0.329
0.33
0.331
0.331
0.332
0.332
0.334
0.334
0.334
0.334
0.334
0.334
0.334
0.334
0.336
0.337
0.337
0.338
0.339
0.342
0.346
0.347
0.35
0.351
0.353
0.354
0.356
0.36
0.364
0.367
0.368
0.37
0.37
0.371
0.374
0.379
0.38
0.382
0.387
0.391
0.392
0.397
0.403
0.411
0.414
0.421
0.423
0.424
0.426
0.429
0.433
0.442
0.448
0.453
0.458
0.464
0.469
0.474
0.479
0.486
0.495
0.5
0.502
0.509
0.514
0.518
0.526
0.531
0.535
0.537
0.541
0.546
0.549
0.557
0.558
0.563
0.57
0.576
0.582
0.588
0.597
0.601
0.607
0.615
0.623
0.63
0.637
0.642
0.651
0.654
0.659
0.666
0.67
0.675
0.685
0.69
0.695
0.7
0.707
0.712
0.717
0.722
0.725
0.73
0.737
0.747
0.747
0.754
0.761
0.767
0.771
0.782
0.795
0.803
0.809
0.818
0.824
0.833
0.839
0.843
0.85
0.853
0.859
0.862
0.871
0.877
0.883
0.89
0.893
0.897
0.907
0.917
0.927
0.934
0.94
0.95
0.952
0.961
0.968
0.974
0.98
0.992
0.999
1.002
1.005
1.013
1.017
1.026
1.031
1.038
1.043
1.046
1.054
1.064
1.071
1.078
1.083
1.093
1.099
1.107
1.114
1.119
1.125
1.136
1.141
1.147
1.159
1.162
1.175
1.181
1.184
1.189
1.194
1.201
1.214
1.222
1.228
1.237
1.246
1.255
1.261
1.268
1.276
1.281
1.29
1.294
1.303
1.31
1.318
1.329
1.336
1.348
1.352
1.36
1.365
1.377
1.387
1.392
1.398
1.404
1.413
1.426
1.432
1.445
1.459
1.467
1.477
1.486
1.497
1.504
1.511
1.52
1.531
1.542
1.553
1.567
1.571
1.581
1.591
1.601
1.614
1.62
1.63
1.639
1.649
1.663
1.675
1.682
1.689
1.702
1.715
1.724
1.747
1.758
1.765
1.774
1.785
1.793
1.807
1.826
1.839
1.855
1.871
1.881
1.89
1.906
1.921
1.94
1.953
1.965
1.985
2.004
2.025
2.034
2.052
2.072
2.09
2.108
2.126
2.148
2.17
2.19
2.212
2.244
2.268
2.305
2.333
2.355
2.392
2.434
2.477
2.517
2.561
2.623
2.68
2.777
2.835
2.876
2.966
3.023
3.1
3.176
3.302
3.382
3.759
3.945
4.195
4.581
4.823
