0.155342
0.155342
0.162628
0.162628
0.170941
0.170941
0.180336
0.180491
0.189506
0.189688
0.19755
0.198019
0.205407
0.206865
0.213029
0.214227
0.221238
0.222937
0.228902
0.231937
0.236745
0.239991
0.24428
0.246759
0.250008
0.252728
0.25696
0.259642
0.263814
0.266401
0.269835
0.271888
0.274419
0.277258
0.279455
0.282204
0.28443
0.287504
0.289714
0.292928
0.295312
0.298806
0.300924
0.303311
0.304995
0.307036
0.308857
0.311557
0.312984
0.316066
0.318238
0.320748
0.322427
0.324586
0.32632
0.328586
0.330088
0.332159
0.334142
0.336698
0.338449
0.340932
0.34231
0.344443
0.347049
0.349349
0.351422
0.353215
0.355478
0.357119
0.359694
0.3617
0.364182
0.366248
0.36862
0.370986
0.372763
0.374885
0.377051
0.37935
0.382115
0.383918
0.385727
0.38777
0.390491
0.3926
0.394901
0.398054
0.400001
0.402473
0.404539
0.406525
0.408539
0.411469
0.413641
0.416944
0.419592
0.422401
0.424854
0.427386
0.429474
0.431856
0.43429
0.437138
0.439437
0.441561
0.44407
0.446026
0.448626
0.451147
0.453516
0.456481
0.458385
0.460834
0.463425
0.466083
0.468443
0.471299
0.473727
0.476294
0.478982
0.481656
0.484717
0.486973
0.490215
0.493264
0.496099
0.499022
0.501689
0.504302
0.50782
0.510344
0.513436
0.516099
0.519124
0.522568
0.525607
0.528273
0.531302
0.533867
0.537502
0.539386
0.542263
0.544849
0.547497
0.550726
0.553758
0.557068
0.560332
0.564439
0.567276
0.569951
0.57318
0.576546
0.57907
0.58251
0.586206
0.589136
0.592775
0.595921
0.599875
0.60308
0.606926
0.610549
0.613967
0.617193
0.621426
0.624055
0.627278
0.630451
0.633986
0.637757
0.641166
0.644643
0.648286
0.651683
0.65495
0.657555
0.660499
0.663985
0.667225
0.669802
0.673168
0.675792
0.679111
0.682585
0.685371
0.687682
0.690693
0.694162
0.69681
0.699617
0.703053
0.705137
0.70821
0.711777
0.715236
0.718278
0.721722
0.72469
0.727534
0.730151
0.733505
0.736957
0.740605
0.743706
0.747193
0.750748
0.753477
0.756558
0.759632
0.762559
0.765733
0.768813
0.77185
0.774441
0.77776
0.780854
0.783814
0.786875
0.790099
0.793593
0.796894
0.799713
0.802782
0.805664
0.809388
0.813197
0.816967
0.820421
0.823621
0.826862
0.82961
0.832613
0.835071
0.838465
0.841404
0.84443
0.847242
0.850604
0.855159
0.859521
0.864208
0.869623
0.874475
0.880139
0.883992
0.890484
0.895865
0.901762
0.907498
0.913622
0.919557
0.925148
0.930287
0.936052
0.942139
0.948191
0.953443
0.959153
0.963568
0.968873
0.974415
0.979363
0.98391
0.98809
0.99285
0.998306
1.00472
1.01126
1.01755
1.02466
1.03053
1.03807
1.04537
1.05382
1.06328
1.07584
1.0888
1.10421
1.11721
1.13203
1.14438
1.15725
1.16953
1.18582
1.20239
1.21714
1.23023
1.24409
1.26437
1.28126
1.31443
1.34696
1.3933
1.45218
1.50069
1.54364
1.65348
1.73853
