0.03
0.19
0.4
0.51
0.64
0.74
0.76
0.76
0.76
0.79
0.81
0.83
0.84
0.88
0.91
0.93
1
1.06
1.09
1.15
1.19
1.24
1.29
1.3
1.33
1.38
1.41
1.44
1.44
1.45
1.46
1.48
1.49
1.5
1.5
1.52
1.54
1.56
1.62
1.65
1.67
1.69
1.71
1.74
1.75
1.76
1.76
1.78
1.79
1.81
1.82
1.84
1.86
1.87
1.91
1.93
1.98
2.07
2.09
2.12
2.15
2.18
2.21
2.27
2.33
2.35
2.35
2.39
2.4
2.41
2.44
2.45
2.48
2.48
2.5
2.52
2.57
2.58
2.6
2.62
2.64
2.66
2.68
2.76
2.8
2.87
2.9
2.92
2.97
2.98
3.03
3.07
3.11
3.12
3.15
3.16
3.16
3.16
3.2
3.24
3.3
3.31
3.37
3.38
3.4
3.43
3.49
3.51
3.56
3.6
3.63
3.64
3.66
3.72
3.75
3.78
3.81
3.87
3.92
3.93
3.96
3.97
4.01
4.03
4.05
4.07
4.08
4.1
4.16
4.19
4.2
4.22
4.25
4.28
4.31
4.36
4.4
4.45
4.47
4.5
4.51
4.53
4.57
4.59
4.62
4.67
4.72
4.74
4.75
4.76
4.77
4.79
4.82
4.82
4.85
4.92
4.96
5
5.04
5.09
5.13
5.17
5.19
5.23
5.24
5.26
5.32
5.34
5.39
5.41
5.43
5.45
5.49
5.54
5.56
5.6
5.63
5.67
5.69
5.73
5.77
5.82
5.86
5.91
5.94
5.95
5.97
6.01
6.03
6.06
6.07
6.09
6.11
6.17
6.22
6.24
6.29
6.34
6.38
6.41
6.46
6.49
6.56
6.59
6.61
6.65
6.68
6.73
6.75
6.8
6.81
6.85
6.89
6.92
6.98
7.05
7.09
7.14
7.16
7.18
7.25
7.29
7.39
7.41
7.43
7.48
7.55
7.58
7.6
7.64
7.66
7.72
7.8
7.85
7.92
7.98
8.07
8.14
8.24
8.28
8.32
8.33
8.37
8.45
8.5
8.57
8.65
8.71
8.82
8.89
9.04
9.19
9.26
9.3
9.37
9.46
9.6
9.66
9.72
9.84
9.9
10.01
10.1
10.22
10.4
10.48
10.65
10.77
10.93
11.05
11.16
11.29
11.49
11.69
11.84
12.06
12.23
12.32
12.5
12.74
12.95
13.24
13.42
13.65
13.93
14.13
14.34
14.62
14.93
15.14
15.49
15.97
16.6
17.28
18.28
19.85
21.71
24.43
26.1
34.12
