0.328
0.328
0.328
0.328
0.328
0.328
0.328
0.328
0.328
0.328
0.329
0.33
0.33
0.33
0.331
0.331
0.332
0.332
0.333
0.334
0.334
0.334
0.334
0.334
0.334
0.334
0.335
0.335
0.336
0.336
0.336
0.337
0.338
0.338
0.338
0.338
0.338
0.338
0.339
0.339
0.341
0.341
0.341
0.341
0.342
0.342
0.345
0.345
0.345
0.345
0.345
0.345
0.345
0.347
0.347
0.348
0.348
0.348
0.348
0.348
0.35
0.351
0.351
0.351
0.352
0.353
0.354
0.354
0.354
0.354
0.354
0.356
0.356
0.357
0.359
0.361
0.361
0.362
0.363
0.364
0.364
0.364
0.364
0.364
0.364
0.365
0.365
0.366
0.369
0.371
0.373
0.374
0.375
0.375
0.376
0.376
0.378
0.378
0.378
0.379
0.38
0.381
0.381
0.382
0.384
0.385
0.386
0.389
0.389
0.389
0.389
0.389
0.39
0.391
0.392
0.392
0.393
0.393
0.394
0.394
0.397
0.4
0.401
0.402
0.404
0.404
0.405
0.408
0.408
0.409
0.41
0.413
0.413
0.414
0.415
0.418
0.418
0.419
0.42
0.421
0.421
0.421
0.423
0.425
0.427
0.428
0.429
0.43
0.432
0.436
0.437
0.442
0.444
0.446
0.447
0.448
0.45
0.452
0.452
0.456
0.457
0.46
0.463
0.465
0.466
0.467
0.469
0.471
0.472
0.474
0.476
0.478
0.481
0.485
0.486
0.49
0.494
0.496
0.498
0.498
0.501
0.504
0.507
0.51
0.51
0.514
0.516
0.518
0.52
0.526
0.529
0.536
0.541
0.544
0.548
0.551
0.557
0.563
0.566
0.569
0.574
0.578
0.586
0.592
0.596
0.598
0.603
0.607
0.61
0.616
0.618
0.623
0.628
0.631
0.637
0.638
0.644
0.656
0.666
0.673
0.676
0.68
0.683
0.689
0.692
0.7
0.706
0.72
0.725
0.731
0.738
0.744
0.751
0.755
0.763
0.776
0.785
0.794
0.801
0.804
0.81
0.818
0.83
0.84
0.85
0.857
0.863
0.873
0.885
0.893
0.9
0.903
0.907
0.913
0.929
0.94
0.959
0.964
0.968
0.971
0.977
0.984
0.993
0.998
1.006
1.01
1.018
1.024
1.029
1.035
1.041
1.045
1.053
1.056
1.062
1.07
1.075
1.08
1.091
1.1
1.105
1.124
1.134
1.146
1.162
1.186
1.214
1.247
1.275
1.308
1.342
1.385
1.452
1.52
1.58
1.676
1.767
1.859
1.987
2.22
