0.156294
0.156294
0.163589
0.163589
0.17138
0.1714
0.179281
0.179389
0.186271
0.186529
0.193146
0.193336
0.201316
0.202213
0.207967
0.208756
0.215117
0.216315
0.222585
0.224147
0.229065
0.230821
0.236052
0.237164
0.24281
0.244368
0.248538
0.250322
0.254043
0.25612
0.260817
0.263116
0.266119
0.269397
0.271938
0.274787
0.277336
0.280328
0.283269
0.28662
0.289342
0.292609
0.295799
0.298091
0.300474
0.303403
0.305007
0.308059
0.3105
0.313102
0.315613
0.317784
0.319705
0.321989
0.323729
0.325793
0.328398
0.330258
0.332393
0.334652
0.336629
0.339119
0.341255
0.343026
0.344569
0.346589
0.348319
0.350208
0.352529
0.35428
0.355931
0.358465
0.36055
0.362091
0.364148
0.36638
0.367935
0.370044
0.37172
0.373454
0.375111
0.3772
0.379542
0.381949
0.384462
0.38652
0.388668
0.390534
0.392771
0.395155
0.397632
0.399817
0.402356
0.403979
0.405954
0.408476
0.410136
0.412538
0.414301
0.416826
0.418481
0.421144
0.423284
0.426683
0.42918
0.431339
0.433529
0.43622
0.43858
0.441919
0.444679
0.447117
0.450208
0.453146
0.455625
0.458365
0.461066
0.463928
0.466302
0.469706
0.472543
0.475951
0.477918
0.48034
0.482948
0.485487
0.487295
0.489594
0.492109
0.494561
0.496862
0.499922
0.501775
0.503812
0.50586
0.508175
0.510889
0.513361
0.516717
0.519453
0.521909
0.524061
0.526302
0.528994
0.531742
0.534441
0.536677
0.539308
0.542354
0.544545
0.547008
0.549732
0.552483
0.555892
0.558542
0.560904
0.563475
0.566017
0.56819
0.570888
0.573837
0.575598
0.578172
0.580494
0.582854
0.584977
0.588169
0.590644
0.593097
0.596062
0.598644
0.601268
0.60497
0.607848
0.60993
0.612808
0.615614
0.618397
0.620997
0.623544
0.626495
0.629445
0.631867
0.63459
0.637267
0.640081
0.643344
0.647042
0.649434
0.653258
0.656805
0.659182
0.661991
0.664865
0.668161
0.671659
0.675158
0.678647
0.682417
0.686632
0.689544
0.693312
0.696447
0.699581
0.703004
0.705662
0.708828
0.712803
0.716011
0.720084
0.724248
0.727551
0.730492
0.733752
0.737303
0.74162
0.745651
0.748922
0.752129
0.755421
0.759749
0.763144
0.766096
0.770567
0.774417
0.777813
0.781963
0.785881
0.789739
0.793699
0.798036
0.801551
0.805867
0.810059
0.814062
0.818191
0.82268
0.826882
0.830396
0.834614
0.837654
0.842024
0.847026
0.85035
0.855319
0.861504
0.866684
0.871806
0.875753
0.880759
0.889028
0.895219
0.900717
0.906433
0.912284
0.918645
0.9251
0.930765
0.93689
0.944442
0.952157
0.961882
0.972849
0.982654
0.991663
0.999081
1.00859
1.01793
1.02504
1.03274
1.04087
1.04917
1.05797
1.06653
1.07537
1.08886
1.0999
1.11292
1.12656
1.13792
1.14745
1.15621
1.16569
1.17734
1.19285
1.20712
1.219
1.23456
1.25268
1.27265
1.28839
1.30776
1.33299
1.37177
1.41456
1.47499
1.5446
1.60288
1.67363
1.82533
