0.152331
0.152331
0.152509
0.152509
0.155672
0.158161
0.158161
0.159874
0.159874
0.160864
0.160864
0.175825
0.175825
0.176782
0.176782
0.180738
0.195164
0.195164
0.202023
0.202023
0.22505
0.24843
0.24843
0.250581
0.253565
0.253565
0.259059
0.259059
0.261612
0.261612
0.263978
0.264909
0.264909
0.265731
0.265731
0.266235
0.266235
0.268392
0.282018
0.282018
0.288213
0.288213
0.289181
0.289181
0.293538
0.293538
0.29943
0.29943
0.303403
0.304482
0.304725
0.304725
0.307129
0.307129
0.31552
0.31552
0.317213
0.317213
0.317664
0.317664
0.318049
0.318049
0.32126
0.32126
0.324252
0.327147
0.327147
0.335147
0.339681
0.339681
0.344273
0.344273
0.355527
0.355527
0.356935
0.356935
0.35987
0.35987
0.36743
0.36743
0.369135
0.369135
0.37071
0.37071
0.374714
0.376272
0.376938
0.376938
0.379015
0.379015
0.38071
0.38071
0.381542
0.381542
0.383341
0.386034
0.391317
0.391317
0.401448
0.402966
0.408304
0.410195
0.410195
0.415094
0.415094
0.415666
0.417901
0.422934
0.422934
0.42532
0.42532
0.427289
0.429007
0.429007
0.431259
0.431259
0.432719
0.435956
0.435956
0.43619
0.43619
0.436219
0.438267
0.43953
0.43953
0.440635
0.440635
0.44122
0.44122
0.44232
0.443525
0.443525
0.444105
0.447353
0.454831
0.454831
0.455587
0.457829
0.460399
0.460399
0.464853
0.464853
0.46609
0.46609
0.478736
0.478736
0.481761
0.481761
0.484113
0.486342
0.486342
0.489161
0.490617
0.490617
0.493334
0.493334
0.506675
0.506675
0.509655
0.509655
0.509898
0.514082
0.514082
0.516341
0.516341
0.518139
0.518513
0.525087
0.525087
0.526338
0.528821
0.528821
0.532859
0.533301
0.533301
0.539603
0.543427
0.543862
0.543862
0.546867
0.546867
0.551551
0.559392
0.562616
0.565008
0.565008
0.5714
0.571502
0.57508
0.576959
0.589597
0.589597
0.594606
0.596243
0.607897
0.608702
0.610319
0.612542
0.612542
0.616041
0.620454
0.627229
0.630115
0.630115
0.649397
0.650109
0.650109
0.652999
0.652999
0.653466
0.653466
0.653843
0.657512
0.666152
0.666152
0.66948
0.66948
0.683636
0.683636
0.686188
0.702201
0.70362
0.705955
0.712149
0.715026
0.722668
0.724704
0.725721
0.725721
0.7567
0.764903
0.764903
0.766205
0.767343
0.77747
0.786334
0.786334
0.794111
0.794201
0.801301
0.802199
0.802199
0.805488
0.809836
0.829435
0.834541
0.848454
0.848454
0.858232
0.884084
0.886024
0.890488
0.893325
0.906565
0.910058
0.912793
0.924204
0.930945
0.930945
0.944113
0.951343
0.955105
0.970088
0.971529
0.975339
0.97597
0.97597
0.988601
0.995753
1.00644
1.02554
1.03467
1.06539
1.09528
1.11271
1.16421
1.19587
1.19587
1.20455
1.21324
1.26599
1.26599
1.28691
1.28866
1.29937
1.30162
1.32378
1.32971
1.33208
1.33374
1.35166
1.3614
1.38198
1.43995
1.48929
1.50774
1.51591
1.57062
1.58246
1.70565
