0.182905
0.182905
0.280635
0.280635
0.394523
0.394523
0.405643
0.405643
0.423486
0.423486
0.443699
0.465523
0.465523
0.482291
0.482291
0.491666
0.498619
0.498619
0.515711
0.562944
0.562944
0.583827
0.640568
0.640568
0.649622
0.67529
0.750997
0.750997
0.797243
0.797243
0.805152
0.805152
0.813198
0.813198
0.822827
0.822827
0.849321
0.849321
0.887368
0.887368
0.948059
0.948059
1.01903
1.01903
1.02792
1.04523
1.04523
1.06161
1.07156
1.07156
1.07382
1.07533
1.07533
1.07937
1.08852
1.08879
1.08879
1.11269
1.15071
1.15258
1.15258
1.16055
1.16055
1.16446
1.17439
1.18068
1.20686
1.21419
1.21419
1.21726
1.22637
1.23544
1.23544
1.26917
1.27356
1.27356
1.27356
1.28429
1.31718
1.35635
1.38352
1.38352
1.434
1.44742
1.45739
1.49985
1.52571
1.5517
1.56984
1.77003
1.77003
1.79585
1.81122
1.89163
1.94023
2.10778
2.27521
2.59506
3.407
4.16934
