0.328
0.328
0.328
0.336
0.336
0.337
0.337
0.337
0.337
0.337
0.339
0.343
0.344
0.345
0.346
0.347
0.35
0.352
0.353
0.355
0.359
0.362
0.364
0.369
0.373
0.377
0.383
0.397
0.412
0.43
0.459
0.469
0.48
0.49
0.505
0.526
0.552
0.584
0.591
0.615
0.633
0.66
0.697
0.709
0.735
0.778
0.798
0.815
0.858
0.877
0.881
0.896
0.931
0.931
0.97
0.972
0.972
0.972
1
1
1
1
1
1
1
1
1
1
1
1
1
1
1
1
1
1
1
1.001
1.001
1.001
1.001
1.001
1.001
1.001
1.001
1.001
1.001
1.001
1.001
1.001
1.001
1.002
1.004
1.004
1.005
1.01
1.015
1.023
1.037
1.063
