0.191382
0.191382
0.260617
0.265114
0.305311
0.3087
0.334604
0.340311
0.381907
0.387693
0.404736
0.413453
0.429569
0.43617
0.446651
0.45605
0.466584
0.48254
0.491075
0.506301
0.515418
0.531423
0.54875
0.562807
0.585987
0.601712
0.620932
0.630392
0.648766
0.662378
0.680055
0.693328
0.710052
0.722887
0.751567
0.759544
0.789997
0.801976
0.82059
0.839639
0.854739
0.895069
0.922814
0.942258
0.966612
0.988502
1.01096
1.03257
1.0546
1.06285
1.07748
1.09147
1.10063
1.11131
1.11942
1.12964
1.13825
1.14903
1.15908
1.16849
1.17809
1.18751
1.19733
1.20405
1.21388
1.2237
1.23263
1.23993
1.24741
1.2565
1.2672
1.27838
1.28666
1.30266
1.31983
1.33469
1.35139
1.38085
1.40404
1.42574
1.44345
1.47596
1.49119
1.51079
1.5346
1.56655
1.62085
1.65542
1.69197
1.73332
1.76226
1.78048
1.81871
1.83453
1.89885
2.06288
2.20169
2.51563
3.49345
3.61334
