0.66
0.66
0.8
0.81
0.96
1.17
1.34
1.41
1.45
1.48
1.51
1.53
1.54
1.54
1.56
1.56
1.63
1.7
1.8
1.87
1.92
1.94
1.98
2.01
2.05
2.07
2.07
2.08
2.11
2.14
2.16
2.19
2.22
2.23
2.27
2.3
2.32
2.34
2.34
2.34
2.36
2.39
2.39
2.4
2.43
2.46
2.51
2.58
2.62
2.67
2.69
2.71
2.73
2.74
2.76
2.79
2.82
2.83
2.84
2.87
2.89
2.9
2.91
2.92
2.98
3.01
3.02
3.03
3.03
3.04
3.06
3.08
3.09
3.11
3.15
3.16
3.18
3.18
3.18
3.21
3.22
3.22
3.26
3.27
3.27
3.28
3.29
3.31
3.33
3.35
3.37
3.41
3.42
3.45
3.48
3.5
3.52
3.57
3.61
3.64
3.68
3.75
3.8
3.82
3.84
3.86
3.87
3.89
3.89
3.91
3.95
3.95
3.97
3.97
4.0
4.01
4.03
4.04
4.06
4.07
4.07
4.08
4.09
4.11
4.11
4.14
4.14
4.14
4.16
4.17
4.17
4.18
4.19
4.22
4.25
4.28
4.33
4.4
4.46
4.5
4.55
4.59
4.63
4.67
4.7
4.73
4.76
4.8
4.84
4.87
4.92
4.92
4.94
4.97
4.99
5.0
5.01
5.03
5.07
5.1
5.15
5.21
5.25
5.31
5.35
5.37
5.45
5.46
5.51
5.57
5.62
5.69
5.74
5.77
5.82
5.9
5.96
6.09
6.26
6.39
6.52
6.78
6.96
7.28
7.61
7.92
8.27
8.66
9.01
9.43
10.16
11.29
12.26
13.3
14.45
15.54
17.63
19.37
21.29
26.41
