0
0
0
0
0
0
0
0
0
0
0
0
0
0
0
0
0
0
0
0
0
0
0
0
0
0
0
0
0
0
0
0
0
0
0
0
0
0
0
0
0
0
0
0
0
0
0
0
0.03
0.04
0.09
0.14
0.18
0.22
0.28
0.31
0.37
0.46
0.66
0.77
0.85
0.9
0.92
0.95
0.96
0.96
0.98
0.98
0.98
0.98
0.98
0.98
0.98
0.98
0.98
0.98
0.98
0.98
0.98
0.98
0.98
0.98
0.98
0.98
0.98
0.98
0.98
0.98
0.98
0.98
0.98
0.99
1.01
1.03
1.07
1.1
1.13
1.19
1.26
1.32
1.4
1.47
1.52
1.57
1.63
1.75
1.83
1.89
1.93
1.95
1.95
1.96
1.96
1.96
1.96
1.96
1.96
1.96
1.96
1.96
1.96
1.96
1.96
1.96
1.96
1.96
1.96
1.96
1.96
1.96
1.97
1.97
1.98
2.01
2.02
2.07
2.14
2.23
2.3
2.37
2.43
2.45
2.48
2.5
2.5
2.56
2.6
2.63
2.72
2.78
2.83
2.89
2.92
2.93
2.94
2.94
2.94
2.94
2.95
2.96
2.96
2.99
3.05
3.06
3.08
3.12
3.2
3.3
3.37
3.47
3.56
3.65
3.68
3.75
3.79
3.84
3.86
3.91
3.95
3.99
4.01
4.04
4.05
4.11
4.2
4.25
4.31
4.35
4.37
4.48
4.55
4.67
4.85
4.95
5.09
5.15
5.22
5.34
5.56
6.2
