0.154522
0.154522
0.169817
0.169817
0.187487
0.187487
0.222144
0.222144
0.227515
0.227515
0.24393
0.24393
0.27828
0.27828
0.278593
0.290233
0.290233
0.305767
0.305767
0.311903
0.311903
0.317847
0.33015
0.33652
0.336653
0.336653
0.344113
0.347537
0.347537
0.352173
0.352173
0.354055
0.354189
0.354189
0.355786
0.355786
0.358441
0.358441
0.37007
0.37007
0.412865
0.412865
0.41625
0.41625
0.418298
0.420161
0.420161
0.422527
0.423114
0.423114
0.423464
0.428438
0.429083
0.441568
0.441568
0.442491
0.446247
0.446247
0.473428
0.478673
0.478673
0.47877
0.479743
0.479743
0.483269
0.483269
0.487572
0.492463
0.492463
0.493223
0.493223
0.499134
0.499134
0.50418
0.510605
0.510605
0.514121
0.514121
0.517344
0.517344
0.523428
0.525851
0.526589
0.526589
0.531837
0.531837
0.54999
0.554124
0.554124
0.558322
0.560551
0.561374
0.571534
0.571534
0.586013
0.587233
0.587703
0.635279
0.638855
0.641305
0.641305
0.641845
0.645986
0.645986
0.646253
0.65812
0.65812
0.673485
0.675918
0.675918
0.676569
0.676569
0.697343
0.701649
0.730231
0.734266
0.737099
0.747183
0.778767
0.785176
0.802418
0.802418
0.809866
0.813583
0.82603
0.82603
0.827205
0.827205
0.844839
0.85702
0.858718
0.860503
0.864809
0.864809
0.89433
0.894448
0.903509
0.903509
0.937455
0.937455
0.941394
0.952221
0.955893
0.956727
0.980636
0.988838
0.991938
0.998347
1.00125
1.03394
1.03394
1.03882
1.05643
1.06856
1.06856
1.10846
1.10846
1.12043
1.12189
1.13505
1.1356
1.15873
1.19451
1.20303
1.20434
1.2457
1.25263
1.25263
1.2808
1.28286
1.29602
1.33819
1.33975
1.33975
1.34084
1.34637
1.37973
1.44225
1.44427
1.47291
1.4874
1.49173
1.5134
1.51958
1.55431
1.56626
1.56713
1.62987
1.64134
1.64682
1.66667
1.71466
1.72078
1.73102
1.7674
1.84004
1.85192
2.4487
2.61569
2.81283
