0
0
0
0
0
0
0
0
0
0
0
0
0
0
0
0
0
0
0
0
0
0
0
0
0
0
0
0
0
0
0
0
0
0
0
0
0
0
0
0
0
0
0
0
0
0
0
0
0
0
0
0
0
0
0.01
0.01
0.03
0.04
0.04
0.04
0.04
0.05
0.05
0.05
0.05
0.06
0.06
0.06
0.06
0.07
0.07
0.07
0.07
0.07
0.08
0.08
0.08
0.08
0.08
0.08
0.08
0.09
0.1
0.1
0.11
0.12
0.12
0.13
0.14
0.14
0.14
0.15
0.15
0.15
0.16
0.16
0.16
0.18
0.18
0.18
0.22
0.23
0.25
0.26
0.26
0.29
0.29
0.3
0.32
0.32
0.36
0.36
0.38
0.39
0.4
0.4
0.42
0.42
0.43
0.44
0.45
0.45
0.45
0.46
0.48
0.49
0.49
0.49
0.5
0.52
0.53
0.53
0.55
0.55
0.56
0.56
0.56
0.56
0.58
0.59
0.6
0.68
0.74
0.81
0.89
0.94
1.01
1.09
1.11
1.19
1.21
1.21
1.27
1.29
1.33
1.33
1.35
1.36
1.37
1.38
1.4
1.41
1.42
1.43
1.46
1.48
1.5
1.51
1.54
1.56
1.6
1.63
1.66
1.69
1.72
1.73
1.73
1.78
1.78
1.8
1.82
1.84
1.86
1.92
1.94
1.99
2.02
2.12
2.22
2.32
2.36
2.48
2.56
2.7
2.92
2.99
3.04
3.19
3.7
4.33
