0.151379
0.151379
0.153707
0.153707
0.165093
0.165093
0.196267
0.196267
0.240598
0.240598
0.244504
0.244504
0.251991
0.251991
0.276442
0.276442
0.277613
0.277613
0.289742
0.289742
0.294102
0.294102
0.304109
0.304109
0.315622
0.31595
0.31595
0.33081
0.33081
0.332687
0.332687
0.339831
0.339831
0.347276
0.347276
0.352588
0.352588
0.353075
0.35609
0.372839
0.372839
0.381203
0.388286
0.388286
0.391404
0.391404
0.391768
0.391768
0.410821
0.410821
0.413258
0.413258
0.416717
0.416717
0.435987
0.441872
0.447786
0.449797
0.449797
0.453995
0.456084
0.456084
0.456886
0.456886
0.463591
0.468792
0.468792
0.473788
0.473788
0.475192
0.486684
0.494229
0.494229
0.50278
0.50278
0.505113
0.505113
0.511464
0.51539
0.51539
0.516237
0.522363
0.531853
0.535913
0.535913
0.544511
0.544511
0.549408
0.557506
0.557506
0.562944
0.562944
0.56479
0.56479
0.575843
0.575843
0.5914
0.599279
0.599279
0.600983
0.619423
0.621913
0.621913
0.625751
0.625751
0.630275
0.630275
0.646272
0.654001
0.656683
0.66545
0.675274
0.675274
0.675472
0.686662
0.686662
0.687603
0.687603
0.694624
0.697247
0.711108
0.712022
0.712022
0.714548
0.772948
0.788753
0.792961
0.813443
0.828337
0.839972
0.839972
0.84025
0.859759
0.864715
0.864715
0.882848
0.9008
0.901604
0.916169
0.957477
0.994255
0.998307
1.01146
1.01146
1.01542
1.02152
1.03849
1.04784
1.05089
1.06763
1.0729
1.08424
1.08467
1.08886
1.08914
1.10162
1.1079
1.11415
1.11729
1.12361
1.12361
1.14994
1.16323
1.17147
1.17438
1.22122
1.22281
1.22464
1.22493
1.25811
1.27356
1.28762
1.28762
1.31437
1.34825
1.34825
1.39888
1.40263
1.40263
1.40999
1.42684
1.46238
1.46612
1.46745
1.4828
1.48458
1.49187
1.53086
1.55629
1.61974
1.71155
1.71155
1.73716
1.74954
1.77512
1.80432
2.36224
2.40496
2.48654
3.01034
