0.206136
0.206136
0.221064
0.221064
0.294618
0.294618
0.29547
0.29547
0.302741
0.302741
0.319212
0.319212
0.321145
0.321145
0.331336
0.331336
0.335847
0.336922
0.336922
0.3385
0.348395
0.348395
0.352013
0.352013
0.353908
0.353908
0.358215
0.364828
0.364828
0.365111
0.365111
0.367611
0.373038
0.373038
0.374781
0.374781
0.376457
0.376457
0.378174
0.378174
0.378208
0.378208
0.384402
0.384402
0.391608
0.391608
0.39318
0.39318
0.40231
0.405587
0.405587
0.406941
0.406941
0.407
0.407
0.418265
0.430989
0.439696
0.439696
0.447903
0.45186
0.456221
0.456221
0.456974
0.458657
0.458657
0.465296
0.465296
0.465892
0.465892
0.469763
0.469763
0.473746
0.473746
0.482091
0.496226
0.496226
0.507306
0.507306
0.514798
0.550753
0.556475
0.564594
0.569037
0.577059
0.577059
0.577441
0.577441
0.579426
0.579426
0.582359
0.582359
0.583646
0.583646
0.592406
0.592406
0.595413
0.606994
0.606994
0.61255
0.61255
0.62687
0.62687
0.638089
0.638089
0.644684
0.647157
0.647157
0.659942
0.670021
0.670021
0.676697
0.685376
0.686615
0.692991
0.692991
0.699927
0.707081
0.707081
0.719938
0.719938
0.725087
0.725087
0.733192
0.750527
0.750527
0.756486
0.773453
0.777566
0.780776
0.788252
0.790969
0.794806
0.796117
0.796117
0.806815
0.806815
0.839655
0.867714
0.875072
0.881799
0.913853
0.927888
0.930042
0.962507
0.96897
0.982382
0.999035
0.999035
1.00072
1.04012
1.05054
1.06948
1.09593
1.11939
1.11939
1.12361
1.1385
1.13964
1.15725
1.16323
1.17356
1.18507
1.20412
1.22028
1.22309
1.22633
1.23467
1.25775
1.26259
1.31437
1.31437
1.32367
1.32367
1.33632
1.33857
1.34825
1.34825
1.34945
1.36432
1.3752
1.37755
1.40546
1.41961
1.50786
1.54292
1.55629
1.61974
1.62752
1.6438
1.6675
1.72353
1.73727
1.77003
1.77512
1.93826
2.40496
2.40496
2.48654
3.35999
