0.161995
0.161995
0.1727
0.172933
0.189588
0.190571
0.205859
0.212384
0.225238
0.235081
0.241002
0.250665
0.255049
0.264269
0.267585
0.278338
0.280787
0.290398
0.293104
0.300065
0.303347
0.310479
0.313142
0.319101
0.321805
0.327882
0.331902
0.338418
0.342852
0.348688
0.351306
0.356462
0.359154
0.363216
0.366349
0.369958
0.374487
0.3772
0.380229
0.383821
0.386361
0.389503
0.393435
0.396354
0.399901
0.40179
0.406497
0.409173
0.41349
0.416337
0.419214
0.422595
0.426351
0.430597
0.435043
0.440759
0.444876
0.449306
0.452361
0.457336
0.462482
0.467823
0.471823
0.4762
0.482002
0.48692
0.492864
0.496159
0.501752
0.506457
0.511113
0.514838
0.520511
0.524899
0.529805
0.534051
0.538826
0.544238
0.550171
0.555841
0.560824
0.565121
0.568659
0.572849
0.577125
0.581609
0.585749
0.590134
0.593864
0.597404
0.600834
0.604971
0.607861
0.613587
0.616945
0.621334
0.624719
0.628663
0.633419
0.638228
0.644256
0.6485
0.653993
0.658644
0.663233
0.66806
0.671772
0.677069
0.681822
0.687236
0.691821
0.698211
0.706203
0.714839
0.722232
0.730231
0.736488
0.744633
0.752665
0.76124
0.767376
0.775989
0.784748
0.793711
0.802986
0.811438
0.821153
0.830567
0.839197
0.846577
0.855551
0.866561
0.876547
0.885243
0.893407
0.902766
0.911405
0.920711
0.93193
0.941473
0.948978
0.960069
0.970008
0.981905
0.99467
1.00606
1.01693
1.03285
1.04234
1.05268
1.06301
1.0765
1.08768
1.10077
1.11298
1.124
1.13538
1.14945
1.15864
1.16973
1.18144
1.18999
1.19891
1.20658
1.21432
1.22619
1.23503
1.24562
1.2524
1.26011
1.27064
1.27909
1.28902
1.29547
1.30618
1.31627
1.32391
1.33255
1.33996
1.35174
1.37094
1.38647
1.40925
1.43118
1.4623
1.4866
1.50748
1.52866
1.55233
1.58372
1.6172
1.67372
1.7123
1.7872
1.87026
2.04297
2.27077
2.29223
2.52644
3.36263
