0.153475
0.153475
0.158007
0.158007
0.163169
0.163223
0.16848
0.16859
0.175838
0.176306
0.182038
0.18339
0.188971
0.19054
0.194508
0.196653
0.200019
0.202865
0.206963
0.210041
0.212793
0.216237
0.219002
0.222109
0.224756
0.228408
0.230383
0.234475
0.236797
0.2401
0.24276
0.246262
0.248845
0.253077
0.255563
0.259047
0.261764
0.265277
0.267399
0.269632
0.271477
0.274228
0.276637
0.27891
0.281237
0.283491
0.286314
0.289304
0.2918
0.29507
0.297999
0.300993
0.303855
0.306852
0.309193
0.311419
0.314056
0.317087
0.320264
0.322739
0.325902
0.32841
0.331537
0.334594
0.33678
0.339463
0.342445
0.345415
0.348974
0.35204
0.3547
0.357057
0.359316
0.362426
0.364891
0.367753
0.370024
0.373207
0.375945
0.377904
0.379917
0.381593
0.38428
0.385778
0.388338
0.390448
0.392119
0.394051
0.396235
0.397987
0.40009
0.401577
0.403563
0.405395
0.407247
0.409403
0.411219
0.413069
0.414889
0.416786
0.418501
0.420482
0.422916
0.424956
0.427117
0.429318
0.431452
0.433662
0.436007
0.438174
0.440057
0.442736
0.444757
0.447134
0.449216
0.451034
0.453799
0.455362
0.457966
0.460835
0.463647
0.465703
0.468583
0.470448
0.473002
0.475164
0.477773
0.479994
0.482614
0.484954
0.487982
0.490207
0.492341
0.494641
0.49667
0.499215
0.502417
0.504509
0.507463
0.510133
0.513204
0.515373
0.519035
0.521546
0.523855
0.526105
0.529303
0.531513
0.534535
0.5372
0.539869
0.542486
0.54551
0.548422
0.551123
0.553292
0.555953
0.558505
0.560876
0.563227
0.565425
0.568002
0.569901
0.572445
0.574417
0.576879
0.579468
0.581369
0.585075
0.587717
0.590746
0.593462
0.596284
0.598656
0.601235
0.603763
0.606151
0.608664
0.611368
0.614059
0.616962
0.619102
0.621489
0.624321
0.626283
0.628664
0.631148
0.634027
0.637467
0.640076
0.642446
0.645345
0.648331
0.6513
0.654214
0.656981
0.660235
0.66328
0.666518
0.670139
0.674337
0.677744
0.681286
0.684874
0.687932
0.691454
0.694451
0.6976
0.701617
0.705823
0.709431
0.712919
0.716668
0.720195
0.72376
0.727231
0.730355
0.734097
0.738241
0.743266
0.747046
0.752358
0.757408
0.7621
0.765832
0.770512
0.773858
0.778541
0.783015
0.788136
0.794094
0.800306
0.806038
0.811964
0.816431
0.821633
0.826827
0.832019
0.836922
0.84192
0.846682
0.853629
0.859827
0.866929
0.873356
0.879834
0.888004
0.892901
0.901668
0.909192
0.916045
0.923509
0.930996
0.937552
0.944843
0.952662
0.961094
0.970072
0.977537
0.985464
0.992955
1.00028
1.00772
1.01721
1.02537
1.03481
1.04538
1.05501
1.06335
1.07404
1.08487
1.09403
1.10153
1.11116
1.12204
1.13321
1.14314
1.16289
1.17492
1.19264
1.20638
1.21963
1.23115
1.24372
1.25569
1.27193
1.2847
1.29696
1.31849
1.33268
1.35032
1.37215
1.41332
1.4448
1.48864
1.5768
1.61186
1.77029
2.06174
2.21182
