0.150498
0.150498
0.154247
0.154247
0.15963
0.15963
0.162675
0.162675
0.164494
0.164494
0.166366
0.166366
0.177352
0.177352
0.179684
0.179684
0.196377
0.196377
0.198943
0.198943
0.199417
0.199417
0.206624
0.206624
0.217999
0.217999
0.218671
0.218671
0.235846
0.235846
0.236405
0.236405
0.237682
0.237682
0.238984
0.238984
0.264069
0.271347
0.271347
0.275945
0.275945
0.288392
0.288392
0.289197
0.289197
0.291656
0.294646
0.304961
0.304961
0.31681
0.31681
0.318311
0.318311
0.318346
0.318346
0.320688
0.320688
0.324724
0.324724
0.325061
0.331336
0.331336
0.333907
0.333907
0.335231
0.335231
0.33794
0.33794
0.346936
0.34717
0.347335
0.347335
0.351369
0.35719
0.35719
0.358451
0.358451
0.361273
0.361273
0.361616
0.365317
0.368731
0.369531
0.369531
0.371532
0.371532
0.37319
0.37319
0.37391
0.37391
0.376648
0.376648
0.380159
0.380159
0.383154
0.391894
0.393375
0.393453
0.394822
0.394822
0.395721
0.396394
0.397183
0.397564
0.40457
0.40457
0.407778
0.422356
0.423991
0.423991
0.425201
0.425201
0.428788
0.43395
0.43395
0.434557
0.434562
0.438721
0.438721
0.442389
0.446097
0.446097
0.450349
0.46788
0.46788
0.470589
0.470589
0.470988
0.471289
0.471289
0.472733
0.472733
0.474574
0.474574
0.481965
0.488875
0.49162
0.496226
0.496226
0.498005
0.507157
0.508418
0.510017
0.511285
0.511285
0.512569
0.512752
0.512752
0.517759
0.517759
0.517759
0.522557
0.522557
0.523756
0.523756
0.525479
0.532899
0.541183
0.543142
0.543142
0.544939
0.544939
0.548486
0.557741
0.557741
0.561379
0.58903
0.590401
0.590401
0.597821
0.599344
0.604656
0.604656
0.606507
0.606932
0.606932
0.609031
0.609175
0.610473
0.612828
0.613121
0.616034
0.623609
0.623609
0.63185
0.63185
0.641179
0.647157
0.647157
0.652158
0.652158
0.659215
0.659215
0.660321
0.660321
0.670778
0.676248
0.676248
0.677914
0.681947
0.682168
0.685376
0.698054
0.702904
0.704299
0.704299
0.707484
0.710883
0.712994
0.71414
0.714782
0.714782
0.718347
0.726733
0.738004
0.738331
0.738331
0.743419
0.754905
0.756884
0.756884
0.757956
0.760328
0.772838
0.77347
0.780803
0.781653
0.786796
0.794528
0.798658
0.798658
0.805733
0.805733
0.818437
0.825805
0.825805
0.830956
0.838492
0.841459
0.842375
0.842822
0.8498
0.865911
0.86934
0.86934
0.873915
0.875072
0.877872
0.898631
0.90205
0.906811
0.914755
0.935171
0.935661
0.947021
0.947021
0.958148
0.958179
0.963166
0.963166
0.964255
1.00767
1.00767
1.01922
1.01922
1.02454
1.04012
1.04071
1.06497
1.0668
1.07774
1.08413
1.10317
1.12518
1.12812
1.13189
1.13964
1.13964
1.17689
1.17785
1.18365
1.19582
1.2382
1.2688
1.30382
1.30699
1.31437
1.31437
1.32367
1.32367
1.33787
1.33787
1.40088
1.52538
1.55629
1.7017
1.72183
1.72183
2.12447
2.48654
