0.144225
0.144225
0.152828
0.152828
0.153679
0.153679
0.155149
0.155149
0.156105
0.156105
0.178267
0.189253
0.189253
0.192126
0.192126
0.194217
0.216537
0.216537
0.229307
0.229307
0.231786
0.231786
0.24389
0.24389
0.244221
0.244221
0.246462
0.246462
0.247435
0.253916
0.253916
0.255598
0.255598
0.25823
0.25823
0.261531
0.261531
0.264471
0.272639
0.272639
0.278491
0.286853
0.286853
0.289176
0.289176
0.292975
0.292975
0.29305
0.29305
0.300193
0.301189
0.301189
0.305156
0.305156
0.322301
0.322301
0.330836
0.330836
0.33932
0.33932
0.342343
0.342343
0.349922
0.349922
0.351116
0.355644
0.355644
0.357453
0.357453
0.358167
0.359653
0.36028
0.36028
0.360999
0.360999
0.365718
0.367782
0.367782
0.370099
0.370099
0.370315
0.370315
0.381493
0.381493
0.382596
0.382596
0.388454
0.388454
0.390088
0.390298
0.390298
0.392982
0.395377
0.395377
0.396742
0.400175
0.402125
0.402125
0.402627
0.402627
0.403027
0.409034
0.414768
0.427473
0.427473
0.43094
0.435538
0.438033
0.438108
0.443156
0.443156
0.443662
0.444028
0.444028
0.444903
0.444903
0.444942
0.444942
0.445145
0.450326
0.450326
0.456926
0.456926
0.459161
0.459161
0.463042
0.463042
0.465454
0.465454
0.472349
0.474794
0.474794
0.48386
0.48386
0.484169
0.484169
0.497588
0.497588
0.497953
0.497953
0.500201
0.500201
0.50074
0.501142
0.503694
0.503694
0.507392
0.507392
0.511077
0.511077
0.512765
0.512765
0.516146
0.521675
0.535574
0.53892
0.542189
0.543343
0.545853
0.546132
0.546132
0.547659
0.550769
0.559017
0.559017
0.559703
0.565496
0.567463
0.567463
0.575019
0.575019
0.578163
0.585006
0.585006
0.589725
0.589783
0.593036
0.594988
0.59499
0.595009
0.595317
0.600335
0.603938
0.611019
0.611019
0.616827
0.621023
0.621171
0.62155
0.62254
0.62254
0.628026
0.628368
0.634743
0.650051
0.65682
0.657292
0.660072
0.660072
0.672032
0.673149
0.674166
0.674166
0.675076
0.679057
0.680369
0.682971
0.686018
0.686018
0.713672
0.720953
0.735023
0.735023
0.736955
0.736955
0.738768
0.738768
0.745456
0.750402
0.750402
0.752243
0.752243
0.756993
0.77108
0.774004
0.776791
0.776791
0.781812
0.785807
0.788237
0.791113
0.801461
0.802079
0.815561
0.815561
0.81704
0.818993
0.820284
0.825629
0.835197
0.83532
0.836932
0.836932
0.858536
0.858536
0.860578
0.860624
0.875527
0.880516
0.880516
0.891375
0.904977
0.908456
0.910128
0.925076
0.925611
0.925611
0.931403
0.935227
0.953456
0.962882
0.962882
0.973331
0.977664
0.978726
0.985656
0.986717
0.99958
0.99958
1.01171
1.02782
1.04197
1.06033
1.06217
1.07173
1.07227
1.07227
1.08323
1.09185
1.09185
1.09272
1.15063
1.1529
1.22899
1.23819
1.24538
1.25359
1.27432
1.28489
1.28489
1.286
1.31325
1.38324
1.38324
1.41012
1.43382
1.74063
1.77186
1.77186
2.50445
