0
0
0
0
0
0
0
0
0
0
0
0
0
0
0
0
0
0
0
0
0
0
0
0
0
0
0
0
0
0
0
0
0
0
0
0
0
0
0
0
0.01
0.01
0.01
0.04
0.04
0.05
0.05
0.05
0.05
0.06
0.06
0.07
0.07
0.07
0.07
0.07
0.08
0.08
0.08
0.09
0.09
0.09
0.1
0.11
0.12
0.12
0.12
0.12
0.13
0.13
0.13
0.13
0.13
0.13
0.13
0.13
0.13
0.13
0.13
0.16
0.16
0.17
0.18
0.18
0.18
0.19
0.22
0.22
0.22
0.22
0.24
0.26
0.26
0.27
0.27
0.27
0.28
0.28
0.31
0.36
0.38
0.39
0.39
0.4
0.41
0.41
0.44
0.45
0.48
0.48
0.49
0.51
0.51
0.52
0.52
0.53
0.55
0.55
0.55
0.55
0.55
0.59
0.6
0.61
0.68
0.73
0.73
0.78
0.81
0.85
0.86
0.88
0.91
0.92
0.93
0.93
0.93
0.93
0.95
0.95
0.97
0.97
0.98
0.98
0.98
1.02
1.03
1.05
1.09
1.12
1.17
1.19
1.21
1.22
1.23
1.25
1.29
1.32
1.33
1.36
1.38
1.41
1.42
1.44
1.44
1.44
1.44
1.46
1.47
1.49
1.51
1.51
1.51
1.51
1.52
1.52
1.52
1.54
1.56
1.57
1.58
1.59
1.59
1.6
1.62
1.64
1.68
1.71
1.77
1.81
1.88
1.91
1.93
1.98
2.02
2.07
2.08
2.12
2.14
2.18
2.22
2.24
2.24
2.29
2.3
2.32
2.35
2.37
2.41
2.44
2.49
2.54
2.6
2.7
2.78
2.82
2.91
2.98
3.01
3.07
3.11
3.21
3.24
3.28
3.38
3.46
3.48
3.54
3.61
3.67
3.73
3.78
3.82
3.97
4.1
4.17
4.21
4.25
4.31
4.39
4.47
4.54
4.6
4.71
4.77
4.85
4.87
4.96
5.08
5.21
5.33
5.44
5.57
5.72
5.9
5.98
6.1
6.23
6.32
6.41
6.52
6.66
6.8
6.88
6.99
7.07
7.2
7.3
7.48
7.64
7.8
7.99
8.17
8.32
8.46
8.64
8.75
8.85
9.05
9.2
9.34
9.53
9.69
9.88
10.11
10.3
10.49
10.72
10.95
11.21
11.48
11.78
12.13
12.61
13.14
13.6
14.1
14.77
15.61
17.66
