0.20535
0.20535
0.265332
0.266703
0.318609
0.339858
0.362341
0.376765
0.396208
0.417573
0.432376
0.451431
0.459514
0.473621
0.482316
0.495905
0.503673
0.518246
0.527862
0.536171
0.545081
0.551511
0.560353
0.568046
0.576307
0.591632
0.600201
0.616331
0.625931
0.644337
0.652415
0.666892
0.681335
0.701631
0.713911
0.730077
0.744356
0.75697
0.769857
0.785552
0.800421
0.809867
0.822451
0.831598
0.842198
0.852331
0.864582
0.872661
0.886328
0.894671
0.904071
0.915913
0.929132
0.941192
0.957897
0.972292
0.982939
1.00258
1.01688
1.03092
1.04544
1.05762
1.07828
1.09281
1.1037
1.12015
1.13384
1.15404
1.16996
1.18496
1.20311
1.21671
1.23504
1.24867
1.26544
1.27816
1.29612
1.31238
1.33361
1.35148
1.3709
1.39811
1.4254
1.45006
1.49414
1.55208
1.60483
1.6329
1.68865
1.72909
1.78369
1.82412
1.92131
2.04987
2.13585
2.2877
2.39138
2.52906
2.77102
3.6915
