0.218471
0.218471
0.270941
0.27123
0.314767
0.31766
0.342797
0.343916
0.37059
0.374956
0.406676
0.414051
0.443326
0.457517
0.475573
0.500374
0.518996
0.53423
0.548496
0.559738
0.572811
0.582644
0.594388
0.607061
0.613672
0.623284
0.631249
0.644141
0.655461
0.664657
0.680214
0.689337
0.702859
0.713178
0.724672
0.734351
0.744537
0.755071
0.764233
0.774438
0.787392
0.794613
0.80873
0.817225
0.829998
0.837565
0.848588
0.85762
0.86824
0.881499
0.896708
0.913627
0.928668
0.946294
0.968152
0.986703
1.00453
1.0215
1.03508
1.04854
1.06282
1.07334
1.08376
1.09946
1.11414
1.12899
1.14174
1.15633
1.17215
1.1883
1.20353
1.21789
1.22902
1.24133
1.25454
1.2719
1.29277
1.30761
1.32001
1.33006
1.34481
1.35981
1.38
1.40661
1.43355
1.4772
1.50925
1.60493
1.64903
1.71594
1.78748
1.87078
1.91387
1.94728
2.00359
2.24336
2.44454
2.60518
2.80804
3.66679
