0.300035
0.300035
0.318383
0.318383
0.319601
0.319601
0.326282
0.326282
0.327606
0.327606
0.328928
0.490766
0.490766
0.494072
0.494072
0.512848
0.512848
0.512982
0.512982
0.528876
0.528876
0.532888
0.566443
0.566443
0.620364
0.620364
0.639536
0.639536
0.676812
0.676812
0.684125
0.684125
0.708589
0.708589
0.730492
0.774338
0.787651
0.793792
0.817462
0.827603
0.827603
0.850654
0.850654
0.857823
0.857823
0.901844
0.915357
0.932033
0.932033
0.964374
0.998343
1.02001
1.06996
1.06996
1.07039
1.08679
1.08679
1.09248
1.10215
1.12991
1.12991
1.14569
1.14742
1.14742
1.20855
1.20855
1.22059
1.22059
1.22213
1.22251
1.23437
1.23437
1.23608
1.26329
1.2783
1.28721
1.28721
1.30151
1.31855
1.33168
1.34028
1.34466
1.46327
1.46327
1.60025
1.68749
1.73618
1.76909
1.80287
1.81687
1.8273
1.94259
1.95728
1.99391
1.99391
2.22165
2.34826
2.63807
2.80326
3.41076
