0.328
0.328
0.328
0.328
0.328
0.328
0.328
0.328
0.328
0.328
0.328
0.329
0.331
0.331
0.331
0.332
0.333
0.333
0.333
0.334
0.335
0.335
0.335
0.335
0.336
0.337
0.339
0.339
0.339
0.339
0.34
0.34
0.341
0.341
0.341
0.343
0.343
0.344
0.346
0.346
0.347
0.347
0.347
0.347
0.347
0.348
0.348
0.35
0.352
0.352
0.352
0.353
0.354
0.354
0.354
0.357
0.358
0.358
0.359
0.36
0.362
0.363
0.363
0.363
0.364
0.364
0.366
0.367
0.368
0.368
0.37
0.373
0.375
0.377
0.377
0.377
0.378
0.379
0.382
0.383
0.385
0.387
0.39
0.391
0.392
0.393
0.394
0.394
0.396
0.398
0.402
0.402
0.404
0.406
0.408
0.415
0.416
0.422
0.425
0.427
0.43
0.434
0.438
0.439
0.442
0.448
0.455
0.462
0.469
0.475
0.478
0.483
0.49
0.493
0.496
0.503
0.507
0.514
0.522
0.528
0.534
0.538
0.544
0.547
0.553
0.564
0.569
0.574
0.581
0.587
0.594
0.602
0.605
0.609
0.614
0.622
0.637
0.648
0.658
0.662
0.675
0.691
0.7
0.707
0.714
0.718
0.725
0.737
0.749
0.762
0.778
0.79
0.811
0.822
0.836
0.856
0.859
0.88
0.898
0.906
0.911
0.932
0.938
0.95
0.962
0.972
0.977
0.981
0.992
1.006
1.009
1.009
1.009
1.01
1.011
1.011
1.011
1.012
1.018
1.021
1.022
1.023
1.026
1.03
1.034
1.035
1.038
1.045
1.051
1.056
1.064
1.069
1.077
1.086
1.102
1.132
1.154
1.187
1.209
1.297
