0.154802
0.154802
0.181528
0.181528
0.192926
0.192926
0.222834
0.222834
0.229781
0.229781
0.236179
0.236179
0.237221
0.237221
0.265847
0.265847
0.285467
0.285467
0.303157
0.303157
0.309454
0.309454
0.318564
0.318564
0.323809
0.335921
0.335921
0.341954
0.341954
0.347878
0.347878
0.35581
0.35581
0.356111
0.363409
0.363409
0.389441
0.403658
0.403658
0.404489
0.40845
0.40845
0.413083
0.424416
0.424416
0.43813
0.43813
0.460016
0.460016
0.461748
0.461954
0.461954
0.468234
0.468234
0.479807
0.479807
0.479939
0.479939
0.483487
0.483487
0.493937
0.493937
0.495374
0.495374
0.496812
0.499333
0.499333
0.499977
0.504012
0.50762
0.510286
0.510286
0.510292
0.520391
0.520391
0.531066
0.531066
0.535101
0.535101
0.546494
0.546494
0.548478
0.554696
0.558218
0.558218
0.57883
0.581432
0.582674
0.582674
0.58452
0.58452
0.599706
0.599706
0.605313
0.605313
0.613243
0.613243
0.617805
0.617805
0.621398
0.621398
0.626248
0.626248
0.63138
0.65619
0.65619
0.664213
0.664525
0.666352
0.666451
0.666451
0.667075
0.674876
0.674876
0.679336
0.681163
0.681163
0.692464
0.695721
0.695721
0.695796
0.710374
0.719583
0.719703
0.722902
0.722902
0.724496
0.724788
0.735507
0.735507
0.75403
0.758693
0.758693
0.759609
0.767845
0.767845
0.772653
0.772653
0.789939
0.800449
0.809763
0.816352
0.817994
0.824967
0.828635
0.834734
0.837422
0.839589
0.839589
0.847316
0.863663
0.873206
0.878716
0.879764
0.883118
0.891016
0.915275
0.915275
0.916434
0.924889
0.939386
0.939528
0.945724
0.945977
0.951359
0.957662
0.989619
0.998815
1.01527
1.06557
1.07007
1.08114
1.09325
1.10111
1.10111
1.10298
1.14725
1.14725
1.15361
1.15361
1.19311
1.19396
1.19814
1.20234
1.2293
1.23309
1.23309
1.24576
1.24741
1.27974
1.29867
1.38095
1.41964
1.47021
1.4883
1.90116
1.93976
1.94036
1.99391
1.99391
