0.151182
0.151182
0.15269
0.15269
0.171181
0.171181
0.2017
0.2017
0.232757
0.232757
0.25376
0.25376
0.274962
0.274962
0.278277
0.278277
0.302655
0.302655
0.30375
0.30375
0.304539
0.304539
0.327446
0.327446
0.327999
0.327999
0.337784
0.337784
0.338697
0.338697
0.342708
0.342708
0.353969
0.353969
0.361919
0.366461
0.370322
0.370322
0.371023
0.371023
0.375829
0.375829
0.37653
0.37653
0.381895
0.386391
0.386391
0.41044
0.41044
0.417139
0.417139
0.417574
0.417574
0.419258
0.419258
0.420927
0.428766
0.43374
0.43374
0.444754
0.444754
0.455987
0.455987
0.464502
0.467231
0.467231
0.473825
0.473825
0.483678
0.489005
0.49005
0.49005
0.498212
0.518346
0.521267
0.521267
0.531271
0.531271
0.552809
0.565607
0.567865
0.570071
0.577082
0.577082
0.591077
0.591077
0.591596
0.603003
0.603003
0.610135
0.610575
0.610575
0.61588
0.618993
0.618993
0.624771
0.624771
0.626255
0.639775
0.644076
0.650993
0.655491
0.661778
0.666168
0.667451
0.669326
0.677001
0.688818
0.688818
0.697475
0.7073
0.719192
0.719476
0.719476
0.73711
0.743082
0.743082
0.748337
0.751461
0.757072
0.774415
0.78983
0.800637
0.802991
0.816
0.817231
0.817231
0.822203
0.824665
0.824665
0.826507
0.826507
0.827506
0.827506
0.833961
0.839119
0.846369
0.84749
0.849573
0.850759
0.850759
0.853244
0.854824
0.854824
0.855829
0.860611
0.860611
0.866642
0.866642
0.868679
0.887035
0.887035
0.891985
0.897919
0.902907
0.907176
0.907176
0.914979
0.917498
0.924518
0.92799
0.954363
0.96624
0.967005
0.968826
0.968826
1.0153
1.02752
1.02752
1.03621
1.04229
1.04229
1.05223
1.07829
1.10174
1.11677
1.11677
1.12331
1.14149
1.15373
1.15755
1.15755
1.15993
1.16057
1.24027
1.25426
1.26066
1.32146
1.32372
1.34626
1.35408
1.35408
1.37874
1.54903
1.58291
1.64433
1.8263
1.87088
1.98676
2.14219
