0.168467
0.168467
0.191931
0.191931
0.215668
0.215668
0.236876
0.237338
0.251924
0.252576
0.266717
0.26787
0.279213
0.280305
0.293195
0.296222
0.305852
0.307737
0.314803
0.318384
0.323642
0.327788
0.332554
0.336352
0.340479
0.344901
0.34802
0.352901
0.35603
0.360148
0.3628
0.366339
0.368588
0.371715
0.375074
0.379323
0.382608
0.386599
0.390235
0.393055
0.396363
0.399976
0.404209
0.408044
0.411777
0.417327
0.420556
0.424229
0.426742
0.430324
0.433192
0.437044
0.4399
0.444402
0.446918
0.451021
0.453812
0.457228
0.461071
0.465358
0.469092
0.472144
0.476884
0.480316
0.485821
0.489026
0.494362
0.497939
0.501673
0.504953
0.509673
0.51296
0.518003
0.521954
0.526548
0.530202
0.534085
0.538367
0.543723
0.548395
0.552395
0.558083
0.563366
0.568835
0.573252
0.578722
0.584061
0.590756
0.595511
0.603395
0.609453
0.614896
0.619546
0.624065
0.62872
0.634432
0.639513
0.64556
0.651252
0.656595
0.66205
0.666438
0.671214
0.677792
0.682593
0.688648
0.693425
0.697837
0.702574
0.70708
0.710941
0.71547
0.719515
0.724442
0.729314
0.732591
0.736475
0.740835
0.744696
0.748556
0.752392
0.756341
0.760716
0.763965
0.768505
0.772817
0.777159
0.781289
0.785388
0.790258
0.79455
0.799447
0.803637
0.807224
0.811465
0.81707
0.822738
0.828208
0.834034
0.839402
0.845839
0.852507
0.858301
0.865391
0.871516
0.877092
0.884476
0.891299
0.89753
0.905892
0.916257
0.923154
0.929865
0.938085
0.947015
0.95709
0.968346
0.980298
0.993604
1.00919
1.02111
1.03391
1.04595
1.05626
1.06684
1.07538
1.08354
1.0924
1.10172
1.10918
1.11683
1.12336
1.13313
1.14128
1.15083
1.1595
1.16744
1.17438
1.18339
1.19159
1.20023
1.20936
1.21917
1.22927
1.24416
1.25988
1.28322
1.30939
1.33486
1.36453
1.38773
1.41082
1.43316
1.45608
1.52973
1.57515
1.6654
1.75138
1.80833
1.93375
