0.01
0.03
0.11
0.2
0.3
0.35
0.42
0.49
0.6
0.67
0.72
0.8
0.84
0.91
0.95
0.98
0.98
0.98
0.98
0.98
0.98
0.98
0.98
0.98
0.98
0.98
0.98
0.98
0.98
0.98
0.98
0.98
0.98
0.98
0.98
0.98
0.98
0.98
0.98
0.98
0.98
0.98
0.98
0.98
0.98
0.98
0.98
0.98
0.98
0.98
1.02
1.03
1.05
1.09
1.21
1.26
1.36
1.4
1.5
1.64
1.7
1.77
1.85
1.91
1.94
1.96
1.96
1.96
1.96
1.96
1.96
1.96
1.96
1.96
1.96
1.96
1.96
1.96
1.96
1.96
1.96
1.96
1.96
1.96
1.96
1.96
1.96
1.96
1.96
1.96
1.96
1.96
1.96
1.96
1.96
1.96
1.96
1.96
1.96
1.96
1.96
1.96
1.96
1.97
2.02
2.03
2.08
2.13
2.17
2.29
2.39
2.54
2.6
2.73
2.81
2.87
2.87
2.88
2.92
2.93
2.94
2.94
2.94
2.94
2.94
2.94
2.94
2.94
2.94
2.94
2.94
2.94
2.94
2.94
2.94
2.94
2.94
2.94
2.94
2.94
2.97
3.0
3.07
3.11
3.18
3.26
3.35
3.43
3.57
3.66
3.78
3.82
3.86
3.89
3.9
3.91
3.92
3.92
3.92
3.97
4.09
4.23
4.39
4.61
4.76
4.89
4.89
4.95
5.26
5.78
