0.67
0.79
0.9
0.96
1.12
1.22
1.33
1.4
1.42
1.47
1.5
1.53
1.56
1.59
1.61
1.64
1.66
1.69
1.71
1.75
1.8
1.81
1.84
1.88
1.92
1.95
2.0
2.05
2.07
2.11
2.12
2.14
2.19
2.21
2.22
2.24
2.26
2.27
2.3
2.31
2.32
2.32
2.34
2.36
2.4
2.42
2.43
2.45
2.47
2.49
2.5
2.5
2.52
2.54
2.57
2.59
2.61
2.64
2.64
2.64
2.65
2.67
2.67
2.67
2.68
2.7
2.73
2.77
2.79
2.79
2.8
2.83
2.88
2.91
2.92
2.94
2.96
2.98
2.99
3.03
3.04
3.09
3.13
3.14
3.18
3.22
3.23
3.23
3.23
3.25
3.27
3.29
3.3
3.33
3.33
3.35
3.36
3.37
3.39
3.42
3.43
3.44
3.44
3.45
3.46
3.46
3.47
3.49
3.49
3.51
3.52
3.52
3.54
3.57
3.58
3.62
3.65
3.67
3.7
3.75
3.79
3.81
3.84
3.86
3.87
3.89
3.92
3.95
3.99
4.01
4.05
4.05
4.1
4.13
4.14
4.16
4.18
4.19
4.21
4.24
4.25
4.25
4.27
4.27
4.3
4.32
4.33
4.35
4.36
4.39
4.42
4.42
4.43
4.44
4.46
4.54
4.59
4.68
4.7
4.73
4.75
4.8
4.86
4.88
4.9
4.97
5.01
5.07
5.12
5.15
5.19
5.19
5.21
5.23
5.26
5.28
5.38
5.5
5.6
5.79
5.87
5.91
6.06
6.35
6.51
6.75
7.14
7.58
8.14
8.82
9.4
10.21
11.76
13.96
15.29
17.55
19.94
22.83
25.13
28.03
