0.01
0.03
0.03
0.06
0.12
0.16
0.28
0.41
0.54
0.66
0.74
0.79
0.84
0.87
0.88
0.89
0.91
0.92
0.93
0.94
0.95
0.95
0.95
0.95
0.95
0.95
0.95
0.95
0.95
0.96
0.96
0.96
0.96
0.96
0.97
0.97
0.98
0.98
0.98
0.98
0.98
0.98
0.98
0.98
0.98
0.98
0.98
0.99
1
1.02
1.03
1.06
1.11
1.16
1.23
1.26
1.29
1.33
1.38
1.42
1.46
1.54
1.59
1.61
1.66
1.69
1.73
1.74
1.74
1.75
1.76
1.81
1.82
1.83
1.83
1.86
1.86
1.87
1.89
1.89
1.89
1.89
1.91
1.92
1.92
1.92
1.92
1.92
1.92
1.92
1.92
1.93
1.93
1.93
1.93
1.93
1.93
1.93
1.95
1.96
1.98
1.99
2.02
2.04
2.07
2.1
2.16
2.2
2.22
2.24
2.27
2.31
2.34
2.36
2.36
2.38
2.4
2.46
2.47
2.52
2.54
2.57
2.58
2.6
2.65
2.67
2.7
2.73
2.74
2.75
2.76
2.76
2.78
2.8
2.82
2.82
2.82
2.84
2.86
2.88
2.91
2.94
2.98
3
3.07
3.09
3.1
3.13
3.13
3.15
3.19
3.2
3.25
3.32
3.33
3.36
3.38
3.38
3.38
3.41
3.44
3.47
3.5
3.52
3.54
3.56
3.61
3.65
3.66
3.69
3.71
3.73
3.74
3.78
3.82
3.85
3.89
3.92
3.99
4.01
4.07
4.11
4.17
4.21
4.22
4.26
4.3
4.33
4.34
4.34
4.38
4.4
4.45
4.49
4.55
4.57
4.58
4.61
4.62
4.64
4.7
4.71
4.76
4.79
4.83
4.89
4.95
5
5.04
5.08
5.12
5.15
5.18
5.22
5.26
5.28
5.33
5.36
5.4
5.43
5.49
5.55
5.61
5.66
5.7
5.77
5.84
5.89
5.95
6
6.01
6.07
6.09
6.15
6.22
6.32
6.39
6.46
6.55
6.61
6.67
6.76
6.79
6.83
6.87
6.94
7.02
7.11
7.22
7.28
7.36
7.42
7.47
7.48
7.54
7.67
7.74
7.8
7.88
7.97
8.05
8.15
8.23
8.33
8.43
8.5
8.59
8.69
8.79
8.88
9.02
9.1
9.2
9.3
9.39
9.49
9.62
9.77
9.96
10.16
10.26
10.38
10.62
10.81
11.02
11.36
11.64
11.97
12.24
12.69
13.1
13.62
14.14
14.63
15.33
17.31
18.62
21.53
23.75
33.5
