0
0
0
0
0
0
0
0
0
0
0
0
0
0
0
0
0
0
0
0
0
0
0
0
0
0
0
0
0
0
0
0
0
0.01
0.02
0.02
0.05
0.05
0.05
0.05
0.05
0.05
0.05
0.06
0.06
0.06
0.06
0.06
0.07
0.09
0.09
0.09
0.09
0.09
0.09
0.09
0.1
0.1
0.11
0.11
0.11
0.12
0.13
0.13
0.13
0.13
0.13
0.13
0.13
0.13
0.13
0.13
0.13
0.13
0.14
0.15
0.15
0.16
0.16
0.16
0.16
0.16
0.16
0.16
0.16
0.17
0.17
0.17
0.18
0.18
0.18
0.18
0.19
0.19
0.19
0.19
0.19
0.19
0.21
0.21
0.23
0.24
0.24
0.24
0.25
0.25
0.25
0.27
0.27
0.29
0.31
0.31
0.31
0.31
0.31
0.33
0.36
0.36
0.38
0.38
0.39
0.39
0.39
0.39
0.39
0.41
0.41
0.41
0.42
0.42
0.43
0.44
0.45
0.45
0.45
0.47
0.48
0.49
0.5
0.52
0.53
0.54
0.54
0.55
0.57
0.61
0.62
0.63
0.64
0.64
0.66
0.66
0.66
0.66
0.69
0.7
0.7
0.71
0.73
0.75
0.78
0.79
0.79
0.79
0.79
0.8
0.81
0.82
0.83
0.85
0.85
0.86
0.9
0.92
0.93
0.95
0.96
0.99
0.99
1
1.01
1.02
1.04
1.05
1.05
1.06
1.07
1.09
1.13
1.14
1.16
1.2
1.24
1.24
1.27
1.28
1.31
1.34
1.38
1.45
1.47
1.49
1.5
1.54
1.55
1.56
1.58
1.6
1.63
1.66
1.67
1.68
1.69
1.7
1.73
1.73
1.74
1.75
1.77
1.81
1.83
1.85
1.87
1.91
1.92
1.93
1.95
1.95
1.98
2
2.02
2.04
2.05
2.06
2.11
2.13
2.15
2.2
2.25
2.29
2.32
2.33
2.37
2.41
2.45
2.48
2.51
2.54
2.6
2.66
2.7
2.73
2.75
2.8
2.85
2.91
2.97
3
3.1
3.15
3.21
3.26
3.28
3.29
3.35
3.48
3.58
3.7
3.79
3.92
4.01
4.12
4.32
4.46
4.56
4.63
4.8
4.89
4.99
5.14
5.28
5.42
5.54
5.71
5.85
6.01
6.15
6.35
6.55
6.72
6.96
7.2
7.59
8.02
8.51
9.18
9.79
11.01
12.38
15.22
