0.154906
0.154906
0.161062
0.161184
0.167157
0.167467
0.175357
0.176115
0.183541
0.185437
0.19118
0.193972
0.201191
0.203356
0.207849
0.211236
0.216673
0.219839
0.224851
0.228203
0.23208
0.235731
0.240622
0.244827
0.248431
0.253761
0.25746
0.263355
0.266124
0.27116
0.27453
0.277493
0.280674
0.284986
0.288169
0.292355
0.294986
0.297845
0.300758
0.303619
0.306062
0.308521
0.311294
0.314409
0.316444
0.319382
0.32135
0.324006
0.326134
0.327893
0.330186
0.331728
0.333947
0.336183
0.339105
0.34162
0.34432
0.346887
0.348689
0.350542
0.353155
0.355759
0.357876
0.360094
0.361987
0.364124
0.366
0.367915
0.369334
0.371833
0.374176
0.376297
0.378807
0.380993
0.383208
0.384949
0.387221
0.38894
0.391594
0.393721
0.395957
0.398516
0.400821
0.403364
0.40523
0.407371
0.409046
0.410705
0.412486
0.41474
0.416747
0.418348
0.4204
0.422241
0.42423
0.426234
0.42845
0.430121
0.431938
0.434032
0.436327
0.438661
0.441132
0.442985
0.445114
0.447103
0.449078
0.451564
0.453428
0.45612
0.458773
0.461293
0.463975
0.466363
0.46862
0.471638
0.474072
0.47602
0.477859
0.479764
0.481427
0.483923
0.486275
0.488956
0.491036
0.494244
0.497051
0.499846
0.502238
0.504585
0.506775
0.509053
0.511925
0.514453
0.516493
0.519756
0.522287
0.524857
0.527189
0.52999
0.532722
0.535246
0.538775
0.540852
0.544141
0.546653
0.549346
0.551965
0.554278
0.556535
0.559175
0.562307
0.564529
0.567033
0.569713
0.571883
0.574377
0.576355
0.578887
0.581991
0.584781
0.58733
0.589556
0.592731
0.595486
0.598397
0.601435
0.604337
0.606738
0.609817
0.612681
0.615932
0.619254
0.621815
0.624759
0.627247
0.62992
0.63244
0.635437
0.637991
0.640606
0.643557
0.646333
0.648437
0.651476
0.654297
0.65784
0.66038
0.663437
0.666578
0.669127
0.672172
0.674953
0.678049
0.68079
0.683817
0.686316
0.689663
0.692629
0.695149
0.698452
0.70107
0.704053
0.707669
0.711164
0.714292
0.717479
0.72127
0.724539
0.72736
0.731344
0.734407
0.737334
0.740239
0.743861
0.746664
0.750081
0.752364
0.755216
0.758627
0.761493
0.76453
0.767543
0.771006
0.774645
0.778635
0.782026
0.785871
0.788933
0.792174
0.795724
0.800898
0.805717
0.809745
0.813837
0.817975
0.822608
0.826376
0.830099
0.834024
0.839576
0.844273
0.848993
0.85346
0.860102
0.864784
0.872161
0.878459
0.88518
0.890574
0.896807
0.901856
0.909322
0.914392
0.919216
0.923784
0.930425
0.936688
0.942102
0.947079
0.952104
0.957727
0.963026
0.968624
0.974295
0.978948
0.985409
0.990952
0.997306
1.00573
1.01381
1.02161
1.03016
1.04008
1.04873
1.05663
1.06613
1.07552
1.08549
1.09565
1.10423
1.11469
1.1288
1.13956
1.15013
1.16262
1.17462
1.18841
1.20783
1.23305
1.26036
1.27981
1.30066
1.32673
1.35506
1.39709
1.47917
1.59623
1.67937
2.27721
