0.328
0.328
0.328
0.328
0.328
0.328
0.331
0.331
0.331
0.333
0.336
0.338
0.339
0.34
0.34
0.342
0.344
0.344
0.347
0.351
0.352
0.354
0.358
0.359
0.36
0.364
0.375
0.385
0.408
0.421
0.445
0.46
0.482
0.498
0.507
0.517
0.551
0.605
0.62
0.684
0.711
0.75
0.792
0.803
0.813
0.825
0.849
0.86
0.861
0.897
0.903
0.903
0.918
0.939
0.95
0.95
0.983
0.997
0.998
1
1
1
1
1
1
1
1
1
1
1
1
1
1
1
1
1
1
1
1.001
1.001
1.001
1.001
1.001
1.001
1.001
1.001
1.001
1.001
1.001
1.002
1.002
1.002
1.002
1.003
1.003
1.006
1.009
1.012
1.087
1.131
