0.218827
0.218827
0.240878
0.240878
0.257282
0.257282
0.268239
0.268239
0.307715
0.307715
0.316476
0.316476
0.318586
0.318586
0.319397
0.319397
0.32661
0.32661
0.329598
0.329598
0.335748
0.335748
0.345562
0.345562
0.351368
0.351368
0.355175
0.360377
0.360377
0.372081
0.372081
0.394105
0.394105
0.398858
0.398858
0.404619
0.42767
0.42767
0.428346
0.430604
0.433318
0.433318
0.435859
0.435859
0.44224
0.44224
0.446595
0.446595
0.469669
0.469669
0.476821
0.476821
0.478984
0.478984
0.4814
0.4814
0.488471
0.489945
0.489945
0.492076
0.492076
0.503151
0.519211
0.519211
0.519937
0.519937
0.525234
0.525234
0.529766
0.529766
0.534557
0.534557
0.539405
0.539405
0.54189
0.550999
0.551505
0.551505
0.563391
0.563391
0.565007
0.573868
0.574984
0.574984
0.583094
0.586872
0.586872
0.587813
0.593504
0.595325
0.597199
0.597199
0.598568
0.602348
0.613629
0.618398
0.63084
0.636653
0.642759
0.644619
0.644619
0.646488
0.646488
0.653889
0.664598
0.664598
0.667354
0.667354
0.676875
0.678587
0.68047
0.68047
0.681857
0.681857
0.682477
0.682618
0.683089
0.68927
0.70567
0.716565
0.721599
0.721599
0.733334
0.742851
0.742851
0.744585
0.74592
0.74592
0.75515
0.756905
0.756905
0.765317
0.768481
0.769938
0.769938
0.777836
0.782895
0.807428
0.807428
0.81377
0.81377
0.814388
0.824796
0.830401
0.830401
0.836319
0.836319
0.849535
0.849535
0.855473
0.855473
0.86536
0.871137
0.882033
0.90577
0.90577
0.906236
0.906236
0.914256
0.941891
0.956421
0.962804
0.983415
0.990614
0.990614
1.01453
1.01766
1.04299
1.04299
1.0475
1.08467
1.08609
1.10452
1.10452
1.10525
1.12173
1.13903
1.14247
1.14247
1.15622
1.16812
1.19319
1.20287
1.27322
1.27322
1.37685
1.38984
1.39977
1.40495
1.42567
1.45175
1.49008
1.49008
1.52489
1.72902
1.84477
1.94073
1.99664
2.17905
2.92281
