0.168687
0.168687
0.196354
0.196354
0.205281
0.205281
0.270795
0.270795
0.288293
0.288293
0.297916
0.297916
0.333299
0.333299
0.337292
0.337292
0.337409
0.337409
0.343523
0.343523
0.345561
0.345561
0.349916
0.349916
0.352927
0.352927
0.354833
0.354833
0.362654
0.362654
0.373639
0.37681
0.37681
0.394177
0.394177
0.413839
0.413839
0.427618
0.439678
0.439678
0.440685
0.440685
0.441064
0.441064
0.441835
0.441835
0.461778
0.461778
0.466017
0.468366
0.468366
0.470739
0.470739
0.471193
0.479077
0.490767
0.495513
0.495513
0.497801
0.503867
0.503867
0.505267
0.505267
0.524232
0.524232
0.524238
0.524238
0.528858
0.528858
0.536553
0.536553
0.54251
0.542945
0.544143
0.555097
0.558121
0.558121
0.569498
0.572505
0.573535
0.580331
0.583064
0.588232
0.588232
0.596342
0.596628
0.596628
0.60364
0.60364
0.608392
0.613626
0.613626
0.61897
0.61897
0.621136
0.621136
0.621583
0.621583
0.62816
0.62816
0.628225
0.628225
0.631204
0.638784
0.641972
0.641972
0.644847
0.659442
0.659442
0.660911
0.681388
0.683072
0.691627
0.691627
0.708926
0.708926
0.715481
0.722883
0.743613
0.746415
0.756224
0.756325
0.756325
0.757922
0.758326
0.758326
0.76091
0.764632
0.766253
0.767807
0.769493
0.769493
0.77785
0.779189
0.807988
0.807988
0.809467
0.809467
0.827169
0.829603
0.83802
0.83802
0.839897
0.844767
0.844767
0.852221
0.852221
0.86692
0.869394
0.89318
0.91011
0.911055
0.987099
0.987099
0.99201
0.996473
0.999272
1.01035
1.0114
1.0114
1.01578
1.02788
1.03577
1.05143
1.05451
1.08206
1.08454
1.0901
1.10144
1.10452
1.10452
1.15036
1.15524
1.15646
1.16119
1.16482
1.16482
1.25111
1.27322
1.27322
1.27762
1.29229
1.29229
1.29636
1.32228
1.34527
1.3796
1.41035
1.45371
1.46587
1.49008
1.49008
1.49834
1.5058
1.51811
1.54993
1.55708
2.55536
2.6942
3.07517
