0.169477
0.169477
0.188418
0.188418
0.214825
0.214825
0.2343
0.2343
0.252797
0.252797
0.272411
0.273233
0.290443
0.290926
0.302605
0.303654
0.315864
0.317268
0.326323
0.328857
0.335606
0.339812
0.343737
0.349025
0.353502
0.358284
0.36172
0.367205
0.37045
0.37497
0.379509
0.383015
0.387252
0.390834
0.394281
0.397423
0.402223
0.405844
0.411353
0.414025
0.417912
0.421505
0.426394
0.430304
0.435274
0.438439
0.443638
0.448558
0.453144
0.457447
0.464076
0.467851
0.472562
0.47557
0.479332
0.48284
0.486501
0.489343
0.493222
0.49703
0.500243
0.504082
0.507935
0.511306
0.515371
0.519363
0.522929
0.526842
0.530763
0.534916
0.539365
0.543391
0.546727
0.551158
0.555123
0.559554
0.56472
0.567701
0.572938
0.575959
0.580316
0.584869
0.589252
0.592443
0.596139
0.599769
0.603685
0.606934
0.611411
0.615817
0.619248
0.624959
0.629553
0.633574
0.638698
0.644044
0.648537
0.653176
0.657488
0.661719
0.665404
0.669811
0.672867
0.676851
0.681872
0.685979
0.69116
0.694569
0.698673
0.703063
0.706635
0.711509
0.714701
0.718456
0.721854
0.725404
0.73011
0.733837
0.737838
0.742239
0.744756
0.750087
0.753886
0.758798
0.763402
0.767348
0.772101
0.776565
0.780715
0.783822
0.787827
0.792218
0.796214
0.800822
0.805422
0.810057
0.814738
0.820977
0.827175
0.832952
0.837629
0.844066
0.848472
0.853245
0.858404
0.863262
0.868223
0.873921
0.880157
0.886046
0.892046
0.898507
0.90498
0.911266
0.917219
0.923777
0.930236
0.939196
0.946827
0.954584
0.964039
0.971461
0.977966
0.985347
0.992413
1.00073
1.0089
1.01755
1.02685
1.03449
1.04232
1.05066
1.06121
1.07195
1.0837
1.09488
1.10435
1.11852
1.13753
1.15759
1.17959
1.19868
1.2196
1.24091
1.2707
1.3055
1.33437
1.35865
1.37931
1.41376
1.45424
1.47631
1.49687
1.52369
1.56131
1.62143
1.75992
2.29779
2.60894
2.91543
