0.02
0.02
0.04
0.04
0.04
0.04
0.04
0.05
0.05
0.05
0.06
0.06
0.06
0.06
0.06
0.06
0.07
0.07
0.07
0.08
0.09
0.09
0.09
0.09
0.1
0.1
0.1
0.1
0.1
0.11
0.11
0.12
0.13
0.13
0.13
0.15
0.15
0.15
0.15
0.16
0.18
0.19
0.19
0.19
0.19
0.19
0.19
0.2
0.21
0.22
0.22
0.22
0.22
0.23
0.24
0.25
0.25
0.25
0.25
0.29
0.3
0.3
0.31
0.33
0.34
0.34
0.35
0.39
0.4
0.41
0.42
0.43
0.44
0.46
0.47
0.52
0.53
0.54
0.54
0.55
0.55
0.55
0.56
0.56
0.59
0.59
0.59
0.59
0.6
0.62
0.65
0.69
0.69
0.71
0.73
0.74
0.78
0.8
0.82
0.84
0.88
0.91
0.93
0.94
0.98
1.02
1.07
1.1
1.1
1.18
1.2
1.23
1.25
1.26
1.27
1.3
1.31
1.31
1.31
1.32
1.32
1.32
1.35
1.37
1.38
1.38
1.39
1.39
1.4
1.41
1.42
1.44
1.5
1.52
1.58
1.6
1.63
1.68
1.73
1.77
1.79
1.81
1.84
1.88
1.89
1.92
1.94
2.0
2.11
2.16
2.22
2.28
2.38
2.42
2.47
2.6
2.71
2.87
3.05
3.19
3.4
3.66
4.07
4.9
5.53
6.94
