0.02
0.05
0.07
0.07
0.17
0.27
0.44
0.6
0.76
0.9
0.94
0.98
0.98
0.98
0.98
0.98
0.98
0.98
0.98
0.98
0.98
0.98
0.98
0.98
0.98
0.98
0.98
0.98
0.98
0.98
0.98
0.98
0.98
0.98
0.98
0.98
0.98
0.98
0.98
0.98
0.98
0.98
0.98
0.98
0.98
0.98
0.98
0.98
0.98
0.98
0.98
0.98
0.98
0.98
0.98
0.98
0.98
0.99
0.99
1.01
1.03
1.05
1.1
1.22
1.36
1.45
1.51
1.62
1.69
1.8
1.88
1.91
1.92
1.92
1.93
1.96
1.96
1.96
1.96
1.96
1.96
1.96
1.96
1.96
1.96
1.96
1.96
1.96
1.96
1.96
1.96
1.96
1.96
1.96
1.96
1.96
1.96
1.96
1.96
1.96
1.96
1.96
1.96
1.96
1.96
1.96
1.97
1.97
1.97
1.97
1.98
2.01
2.06
2.07
2.13
2.21
2.31
2.38
2.5
2.62
2.68
2.82
2.87
2.88
2.89
2.92
2.94
2.94
2.94
2.94
2.94
2.94
2.94
2.94
2.94
2.94
2.94
2.94
2.94
2.94
2.94
2.94
2.95
2.99
3.03
3.08
3.13
3.24
3.36
3.5
3.67
3.79
3.87
3.88
3.91
3.92
3.92
3.92
3.92
3.92
3.92
3.92
3.94
3.98
4.04
4.11
4.29
4.5
4.74
4.84
5.0
5.24
