0.15241
0.15241
0.18746
0.18746
0.223188
0.223188
0.243991
0.246702
0.246702
0.272646
0.272646
0.299333
0.299333
0.300594
0.300594
0.31676
0.31676
0.318848
0.318848
0.325276
0.325276
0.332924
0.332924
0.347878
0.347878
0.355416
0.355416
0.35653
0.374206
0.374206
0.37663
0.37663
0.379849
0.379849
0.403149
0.403149
0.404297
0.404297
0.406943
0.424711
0.429757
0.429757
0.438899
0.438899
0.445004
0.44686
0.450731
0.450731
0.452927
0.452927
0.45306
0.45306
0.472466
0.472466
0.475528
0.475528
0.484975
0.484975
0.489385
0.489385
0.490391
0.499642
0.505993
0.505993
0.508781
0.519415
0.519415
0.534099
0.534099
0.536328
0.543804
0.544815
0.544815
0.552919
0.552919
0.560332
0.573886
0.573886
0.577257
0.577257
0.587342
0.587342
0.588847
0.601528
0.601528
0.602041
0.60228
0.60228
0.612039
0.61653
0.619253
0.619253
0.622753
0.622753
0.642809
0.642809
0.644204
0.646311
0.646311
0.648688
0.648688
0.65726
0.658026
0.665557
0.678656
0.680123
0.680123
0.697298
0.697298
0.699436
0.700265
0.707784
0.713849
0.715394
0.715394
0.720628
0.72077
0.72077
0.722546
0.733482
0.733482
0.733829
0.733829
0.736899
0.737166
0.737385
0.747212
0.764401
0.764401
0.770362
0.781372
0.781372
0.783876
0.783876
0.788486
0.79093
0.805216
0.805216
0.81352
0.837674
0.840193
0.841965
0.875604
0.875604
0.880991
0.881774
0.881774
0.887117
0.895462
0.895462
0.901736
0.906393
0.92108
0.934239
0.938719
0.939366
0.939366
0.958879
0.962809
0.972799
0.983564
0.983564
0.984338
1.01201
1.01484
1.0223
1.02266
1.02685
1.02982
1.03826
1.05096
1.07568
1.09293
1.11336
1.17798
1.18212
1.19472
1.19472
1.19782
1.21162
1.21312
1.21312
1.22131
1.2231
1.22756
1.23142
1.29591
1.29591
1.31862
1.31862
1.35779
1.42092
1.54845
1.54845
1.55666
1.58433
1.81011
2.37699
2.95496
3.15467
