0.52
0.58
0.72
0.82
0.9
1.02
1.19
1.31
1.44
1.48
1.5
1.51
1.52
1.53
1.56
1.58
1.6
1.61
1.61
1.61
1.62
1.63
1.64
1.64
1.66
1.66
1.67
1.69
1.75
1.82
1.91
1.93
1.96
2.02
2.09
2.17
2.2
2.26
2.28
2.29
2.31
2.31
2.34
2.36
2.36
2.36
2.37
2.38
2.39
2.39
2.4
2.4
2.41
2.41
2.42
2.42
2.45
2.47
2.47
2.47
2.47
2.47
2.47
2.48
2.5
2.51
2.51
2.51
2.52
2.54
2.55
2.56
2.57
2.6
2.62
2.67
2.69
2.71
2.72
2.74
2.74
2.79
2.84
2.91
2.96
3.0
3.02
3.05
3.07
3.14
3.16
3.18
3.22
3.22
3.22
3.24
3.25
3.28
3.28
3.29
3.29
3.29
3.29
3.29
3.31
3.32
3.34
3.35
3.36
3.37
3.4
3.43
3.45
3.47
3.49
3.53
3.58
3.61
3.65
3.66
3.69
3.73
3.8
3.82
3.84
3.87
3.88
3.89
3.9
3.93
3.93
3.96
4.0
4.02
4.05
4.07
4.09
4.09
4.13
4.15
4.17
4.2
4.22
4.24
4.25
4.3
4.32
4.39
4.46
4.52
4.6
4.64
4.69
4.73
4.76
4.78
4.81
4.85
4.89
4.92
4.96
5.0
5.0
5.02
5.03
5.06
5.09
5.11
5.15
5.21
5.26
5.33
5.45
5.54
5.64
5.71
5.81
5.87
5.97
6.15
6.29
6.5
6.72
7.04
7.35
7.84
8.32
9.13
10.05
10.77
11.5
12.14
13.0
14.09
15.14
16.48
17.94
19.76
21.26
23.7
