0.169321
0.169321
0.195854
0.195854
0.221151
0.221151
0.246792
0.246874
0.26068
0.26153
0.274306
0.276472
0.286725
0.288389
0.29766
0.299529
0.308338
0.310014
0.31864
0.320561
0.325493
0.327084
0.333303
0.335344
0.339864
0.342364
0.347856
0.350172
0.355428
0.358164
0.364653
0.367821
0.37365
0.378966
0.3846
0.388539
0.393705
0.398379
0.403877
0.407002
0.411755
0.415165
0.421164
0.423816
0.427562
0.430857
0.435641
0.438749
0.443474
0.446372
0.450798
0.454731
0.458609
0.463945
0.467647
0.472223
0.476367
0.480992
0.483804
0.488076
0.490984
0.495672
0.49935
0.503803
0.50778
0.511395
0.516264
0.519943
0.52369
0.528886
0.534347
0.53833
0.541703
0.546927
0.552031
0.556457
0.560735
0.565111
0.569979
0.574141
0.578251
0.582749
0.586518
0.590893
0.595681
0.601059
0.605817
0.60993
0.614099
0.618506
0.62283
0.627727
0.631932
0.636632
0.639718
0.643692
0.647738
0.651595
0.65607
0.659508
0.663447
0.667367
0.671327
0.674593
0.677933
0.682722
0.687599
0.692959
0.698299
0.702766
0.708008
0.711667
0.716681
0.720372
0.726682
0.731406
0.736651
0.74171
0.746725
0.751926
0.756899
0.762684
0.768588
0.775235
0.780842
0.785408
0.791438
0.798866
0.806564
0.812609
0.819084
0.825395
0.831215
0.837259
0.843684
0.849648
0.856233
0.86232
0.869563
0.875184
0.879755
0.885817
0.89137
0.898385
0.905657
0.912125
0.917538
0.924784
0.930303
0.936413
0.943462
0.950056
0.958637
0.967527
0.974867
0.980379
0.987203
0.995608
1.00221
1.01047
1.01778
1.02477
1.03251
1.04114
1.04847
1.0573
1.06489
1.06936
1.07593
1.08391
1.09199
1.10355
1.11085
1.12152
1.13226
1.14286
1.15292
1.16465
1.17404
1.18623
1.20083
1.21268
1.22678
1.24556
1.26392
1.28343
1.31005
1.33988
1.36367
1.39323
1.43973
1.48039
1.49935
1.52717
1.55379
1.59188
1.67058
2.56552
2.68869
2.94037
