0.328
0.328
0.328
0.328
0.328
0.328
0.328
0.328
0.328
0.328
0.328
0.328
0.328
0.328
0.328
0.328
0.328
0.328
0.328
0.328
0.329
0.33
0.33
0.331
0.331
0.331
0.332
0.333
0.333
0.333
0.334
0.334
0.334
0.334
0.334
0.334
0.334
0.335
0.338
0.338
0.338
0.338
0.338
0.338
0.338
0.338
0.338
0.338
0.338
0.339
0.339
0.34
0.342
0.343
0.344
0.344
0.345
0.345
0.345
0.346
0.346
0.346
0.347
0.347
0.348
0.348
0.348
0.348
0.349
0.35
0.351
0.351
0.353
0.353
0.355
0.356
0.356
0.356
0.356
0.358
0.359
0.359
0.359
0.359
0.359
0.36
0.36
0.362
0.363
0.364
0.364
0.364
0.364
0.367
0.367
0.368
0.37
0.37
0.37
0.37
0.37
0.372
0.373
0.373
0.375
0.376
0.378
0.378
0.38
0.38
0.381
0.382
0.382
0.384
0.386
0.386
0.389
0.39
0.391
0.393
0.394
0.394
0.395
0.395
0.395
0.396
0.397
0.397
0.399
0.4
0.402
0.402
0.404
0.405
0.406
0.406
0.408
0.409
0.412
0.414
0.415
0.415
0.417
0.419
0.419
0.42
0.421
0.424
0.426
0.427
0.427
0.431
0.432
0.433
0.434
0.434
0.438
0.439
0.44
0.44
0.44
0.443
0.444
0.447
0.447
0.451
0.454
0.458
0.459
0.459
0.461
0.464
0.465
0.466
0.468
0.472
0.473
0.474
0.477
0.479
0.48
0.483
0.483
0.487
0.491
0.492
0.497
0.502
0.504
0.508
0.513
0.518
0.523
0.527
0.534
0.539
0.545
0.549
0.555
0.557
0.561
0.568
0.57
0.577
0.58
0.581
0.585
0.588
0.59
0.594
0.599
0.603
0.607
0.61
0.613
0.618
0.621
0.629
0.634
0.636
0.643
0.65
0.66
0.668
0.672
0.674
0.676
0.681
0.684
0.698
0.706
0.715
0.719
0.727
0.735
0.738
0.743
0.748
0.753
0.764
0.777
0.784
0.795
0.8
0.804
0.813
0.819
0.833
0.845
0.85
0.852
0.863
0.87
0.88
0.896
0.907
0.912
0.925
0.935
0.943
0.953
0.966
0.975
0.982
0.991
0.996
1.002
1.009
1.016
1.024
1.039
1.045
1.057
1.059
1.072
1.076
1.08
1.088
1.096
1.1
1.111
1.115
1.123
1.139
1.152
1.171
1.191
1.216
1.242
1.296
1.353
1.393
1.432
1.483
1.534
1.582
1.68
1.799
1.995
2.213
