0.154327
0.154327
0.154518
0.154518
0.162123
0.162123
0.221545
0.221545
0.225558
0.225558
0.23154
0.23154
0.234347
0.234347
0.24999
0.24999
0.270949
0.273115
0.273115
0.273443
0.273443
0.283385
0.283385
0.284663
0.284663
0.289928
0.289928
0.290885
0.290885
0.292159
0.292159
0.29326
0.29326
0.303756
0.303756
0.306296
0.306296
0.307073
0.307073
0.30764
0.309827
0.309827
0.317056
0.317056
0.326674
0.326674
0.327524
0.33201
0.33201
0.334192
0.334192
0.335056
0.335056
0.335878
0.335878
0.337576
0.337576
0.339972
0.339972
0.341131
0.341131
0.344518
0.344518
0.3479
0.3479
0.348449
0.348449
0.352704
0.352704
0.353596
0.353596
0.355498
0.355498
0.357269
0.357269
0.361877
0.361877
0.365912
0.368201
0.368201
0.368655
0.369459
0.369459
0.370959
0.37434
0.377157
0.381559
0.389274
0.389274
0.392034
0.392034
0.39789
0.39789
0.399231
0.399231
0.400481
0.400481
0.401697
0.401697
0.406426
0.406426
0.406574
0.409638
0.417124
0.417124
0.417822
0.417822
0.419543
0.419543
0.419708
0.420964
0.423872
0.42767
0.42767
0.429929
0.429929
0.431251
0.434766
0.437531
0.437531
0.438482
0.441441
0.447006
0.447006
0.452551
0.452551
0.461817
0.462479
0.462479
0.464455
0.464455
0.46541
0.468985
0.471411
0.471444
0.471444
0.471527
0.471527
0.474908
0.474908
0.477983
0.482231
0.482231
0.483423
0.483652
0.489441
0.48973
0.48973
0.492169
0.494883
0.494883
0.496839
0.496839
0.499533
0.504043
0.507567
0.507567
0.509595
0.520032
0.533982
0.533982
0.538808
0.539067
0.541282
0.547109
0.547109
0.549357
0.549357
0.55573
0.55573
0.560079
0.561867
0.56391
0.570049
0.570049
0.575273
0.576094
0.581993
0.581993
0.582362
0.582362
0.584388
0.584412
0.585256
0.585256
0.585279
0.589614
0.593137
0.596861
0.600872
0.604749
0.605134
0.625938
0.625938
0.627304
0.627304
0.633618
0.635091
0.636809
0.640965
0.644151
0.64936
0.657392
0.657392
0.662682
0.663396
0.665074
0.667113
0.677635
0.680787
0.681054
0.682976
0.687441
0.694908
0.694908
0.695166
0.695166
0.695174
0.699861
0.704561
0.714245
0.716775
0.729539
0.729539
0.741353
0.742662
0.742662
0.750606
0.750606
0.761359
0.761359
0.770315
0.77534
0.777995
0.777995
0.784728
0.784728
0.785009
0.787539
0.79217
0.79217
0.792722
0.803758
0.803758
0.814876
0.824298
0.841156
0.850834
0.857986
0.864042
0.864042
0.897767
0.907614
0.912002
0.913061
0.919153
0.925283
0.925283
0.941064
0.949142
0.969924
0.980836
0.987022
0.987022
0.987693
1.00429
1.00961
1.00961
1.01177
1.03284
1.03284
1.03749
1.04185
1.04576
1.06124
1.06812
1.0879
1.09788
1.09911
1.11618
1.11618
1.1368
1.1414
1.16289
1.21185
1.2215
1.24114
1.24766
1.263
1.31165
1.31165
1.43075
1.4337
1.47782
1.49008
1.60684
1.64075
1.66215
1.67744
1.75874
