0.292011
0.292011
0.328244
0.328244
0.335478
0.335478
0.338151
0.338151
0.363357
0.363357
0.374597
0.374597
0.375608
0.375608
0.460394
0.460394
0.485975
0.485975
0.524634
0.524634
0.55345
0.55345
0.563055
0.587472
0.623272
0.65192
0.65192
0.659847
0.669692
0.679664
0.717924
0.721611
0.721611
0.729705
0.75716
0.768749
0.783734
0.816031
0.818107
0.827158
0.827158
0.828477
0.828603
0.828603
0.875692
0.875692
0.891572
0.891572
0.915918
0.952411
0.98237
1.01354
1.03855
1.04888
1.05615
1.07116
1.07116
1.09621
1.09621
1.12937
1.12937
1.18479
1.18479
1.18817
1.22193
1.22193
1.24839
1.26756
1.26756
1.31279
1.31993
1.32379
1.34324
1.35311
1.35326
1.35326
1.3621
1.3621
1.37502
1.43366
1.43366
1.45292
1.47591
1.47723
1.51577
1.53202
1.63164
1.66031
1.68028
1.87405
1.87405
1.94906
1.97906
2.01011
2.08286
2.31586
2.44516
2.53632
2.7469
3.27673
