0.19282
0.19282
0.265951
0.265951
0.298361
0.298361
0.323415
0.323415
0.346602
0.346602
0.375591
0.375591
0.4209
0.421102
0.471351
0.474989
0.51456
0.518211
0.543507
0.548028
0.563197
0.570018
0.58193
0.590519
0.598233
0.609484
0.618716
0.628749
0.637178
0.645065
0.657683
0.667381
0.682896
0.694487
0.706079
0.716241
0.728732
0.740569
0.752139
0.766551
0.777709
0.784024
0.793286
0.802998
0.810499
0.81956
0.82769
0.835658
0.847832
0.857627
0.87743
0.898314
0.917115
0.946494
0.962819
0.974806
0.99482
1.01045
1.02663
1.04108
1.06062
1.07774
1.08959
1.10605
1.12312
1.14744
1.17852
1.19715
1.22503
1.24619
1.26313
1.28048
1.30462
1.31434
1.34348
1.34869
1.37332
1.38597
1.40723
1.42251
1.45045
1.48266
1.50743
1.53792
1.57143
1.62262
1.66681
1.72799
1.8018
1.86295
1.90542
1.97464
2.01456
2.09253
2.16681
2.31464
2.48863
2.55762
2.68738
3.28388
