1
1
1
1
1
1
1
1
1
1
1
1
1
1
1
1
1
1
1
1
1
1
1
1
1
1
1
1
1
1
1
1
1
1
1
1
1
1
1
1
1
1
1
1
1
1
1
1
1
1
1
1
1
1
1
1
1
1
1
1
1
1
1
1
1
1
1
1
1
1
1
1
1
1
1
1
1
1
1
1
1
1
1
1
1
1
1
1
1
1
1
1
1
1
1
1
1
1
1
1
1
1
1
1
1
1
1
1
1
1
1
1
1
1
1
1
1
1
1
1
1
1
1
1
1
1
1
1
1
1
1
1
1
1
1
1
1
1
1
1
1
1
1
1
1
1
1
1
1
1.086
1.088
1.091
1.133
1.188
1.278
1.283
1.366
1.372
1.377
1.455
1.462
1.463
1.464
1.464
1.471
1.634
1.636
1.637
1.641
1.725
1.728
1.73
1.812
1.818
1.977
2.065
2.116
2.174
2.222
2.234
2.275
2.344
2.379
2.436
2.588
2.675
2.813
2.912
3.024
3.177
3.283
3.329
3.692
3.812
3.896
4.199
4.406
4.532
4.713
5.387
