0.02
0.03
0.03
0.03
0.03
0.03
0.03
0.04
0.04
0.04
0.04
0.04
0.05
0.05
0.06
0.06
0.06
0.09
0.09
0.09
0.09
0.1
0.1
0.11
0.11
0.11
0.11
0.12
0.12
0.12
0.12
0.12
0.14
0.15
0.17
0.19
0.19
0.2
0.21
0.22
0.22
0.22
0.23
0.23
0.24
0.24
0.24
0.24
0.24
0.24
0.24
0.24
0.25
0.26
0.26
0.26
0.26
0.26
0.27
0.29
0.3
0.31
0.34
0.4
0.4
0.4
0.41
0.43
0.46
0.5
0.53
0.59
0.6
0.64
0.67
0.68
0.7
0.72
0.74
0.74
0.74
0.76
0.78
0.82
0.82
0.82
0.84
0.85
0.87
0.88
0.89
0.91
0.91
0.93
0.97
1.01
1.08
1.15
1.17
1.21
1.25
1.28
1.31
1.33
1.37
1.39
1.4
1.42
1.43
1.48
1.5
1.52
1.54
1.55
1.56
1.57
1.59
1.6
1.6
1.62
1.67
1.69
1.83
1.94
1.98
2.01
2.06
2.12
2.18
2.24
2.3
2.4
2.48
2.59
2.73
2.9
3.02
3.19
3.31
3.46
3.6
3.77
3.93
4.13
4.44
4.63
4.87
5.25
5.72
6.38
6.89
7.52
8.11
8.79
10.23
