0.157357
0.157357
0.157624
0.157624
0.170223
0.170223
0.183052
0.183052
0.224496
0.224496
0.240854
0.240854
0.246498
0.252999
0.252999
0.258051
0.258051
0.279274
0.279274
0.287414
0.287414
0.29612
0.29612
0.326373
0.326373
0.329233
0.329233
0.345284
0.345284
0.347733
0.347733
0.349946
0.349946
0.354776
0.354776
0.376084
0.376084
0.382918
0.391057
0.391057
0.397282
0.397282
0.411927
0.411927
0.412194
0.420765
0.420765
0.427711
0.427711
0.435467
0.435467
0.436778
0.436778
0.445224
0.450926
0.45265
0.45265
0.455889
0.455889
0.457936
0.457936
0.458539
0.458539
0.469134
0.469134
0.469334
0.469334
0.469865
0.469865
0.476381
0.476381
0.478026
0.478026
0.481877
0.488506
0.488506
0.491028
0.492531
0.492531
0.507184
0.507184
0.516571
0.516571
0.526016
0.526016
0.528935
0.528935
0.552988
0.552988
0.554518
0.566785
0.566785
0.574019
0.574019
0.574781
0.58143
0.58143
0.597373
0.60453
0.614353
0.619444
0.622372
0.637785
0.637785
0.646003
0.647255
0.647255
0.652101
0.656473
0.666964
0.667444
0.667836
0.667836
0.668879
0.672386
0.675967
0.675967
0.697021
0.697021
0.710892
0.710892
0.713322
0.713322
0.714972
0.714972
0.735458
0.735458
0.738516
0.740994
0.748433
0.757022
0.762961
0.771903
0.771903
0.775423
0.777253
0.777253
0.784268
0.786781
0.787412
0.80002
0.813891
0.819169
0.822827
0.830597
0.830597
0.830935
0.840992
0.845619
0.860354
0.864051
0.865257
0.865257
0.877283
0.879248
0.89503
0.933345
0.970529
0.971682
0.99242
1.03195
1.03493
1.03493
1.06667
1.08045
1.08045
1.08737
1.08737
1.11336
1.11656
1.11656
1.12662
1.13082
1.14352
1.15212
1.17811
1.19175
1.20466
1.20901
1.20901
1.22192
1.31119
1.36582
1.39194
1.39624
1.4026
1.42351
1.44539
1.49609
1.49914
1.50639
1.64561
1.65429
1.65429
1.69554
1.99145
1.99145
2.08414
2.08546
2.6909
