0.163452
0.163452
0.183495
0.183507
0.197315
0.198692
0.214869
0.217845
0.229234
0.233482
0.24172
0.245761
0.252671
0.257741
0.265539
0.271724
0.278127
0.284069
0.289953
0.295241
0.301247
0.305606
0.310793
0.31569
0.321383
0.326662
0.331715
0.335954
0.341745
0.347792
0.353995
0.36058
0.365417
0.369787
0.374549
0.379244
0.383557
0.388721
0.393458
0.399207
0.404023
0.409491
0.414367
0.419309
0.424184
0.427868
0.431701
0.435653
0.439396
0.442512
0.446376
0.449916
0.453427
0.457125
0.461686
0.46539
0.468733
0.472825
0.475446
0.479331
0.482084
0.486082
0.48911
0.492651
0.495465
0.498758
0.501931
0.505282
0.508538
0.511626
0.515164
0.519155
0.523667
0.528312
0.533012
0.537335
0.542066
0.546052
0.551521
0.555246
0.560094
0.565007
0.568125
0.572179
0.575325
0.578702
0.582215
0.588067
0.59198
0.596843
0.601251
0.605255
0.609709
0.613675
0.617972
0.621551
0.62576
0.630807
0.63568
0.640789
0.645007
0.649953
0.65562
0.660592
0.664254
0.66946
0.676359
0.680927
0.68637
0.69157
0.696472
0.702023
0.706934
0.71178
0.716237
0.721504
0.725798
0.730198
0.735608
0.741038
0.746107
0.749835
0.755407
0.759905
0.764655
0.770262
0.773884
0.779383
0.783844
0.788973
0.793793
0.799723
0.805475
0.810407
0.816219
0.822218
0.827029
0.831349
0.836573
0.841554
0.846886
0.851758
0.858356
0.865088
0.871452
0.878761
0.886807
0.893163
0.899355
0.906175
0.914639
0.92317
0.931847
0.941776
0.952369
0.962112
0.974857
0.985135
0.993206
1.00477
1.01555
1.02414
1.03568
1.04752
1.05824
1.06775
1.07517
1.08559
1.09432
1.10684
1.11806
1.12971
1.14262
1.15711
1.17562
1.1962
1.21581
1.23272
1.2508
1.27255
1.30536
1.33059
1.35231
1.3868
1.41112
1.44378
1.49111
1.5079
1.52964
1.56225
1.59028
1.6263
1.68727
1.72877
1.773
1.86378
1.95109
2.01515
2.06559
2.30106
