0
0
0
0
0
0
0
0
0
0
0
0
0
0
0
0
0
0
0
0
0
0
0
0
0
0
0
0
0
0
0
0
0
0
0
0
0
0
0
0
0
0
0
0.02
0.04
0.04
0.04
0.04
0.04
0.05
0.07
0.07
0.07
0.07
0.07
0.07
0.07
0.07
0.08
0.08
0.08
0.09
0.09
0.09
0.1
0.1
0.1
0.11
0.11
0.11
0.11
0.12
0.12
0.13
0.14
0.14
0.14
0.15
0.16
0.16
0.17
0.18
0.18
0.19
0.19
0.2
0.2
0.2
0.22
0.23
0.23
0.23
0.23
0.23
0.23
0.25
0.29
0.3
0.3
0.31
0.31
0.31
0.32
0.32
0.33
0.34
0.34
0.35
0.37
0.38
0.38
0.39
0.4
0.41
0.41
0.42
0.42
0.42
0.43
0.43
0.44
0.46
0.47
0.49
0.5
0.52
0.52
0.52
0.52
0.52
0.52
0.54
0.55
0.55
0.57
0.6
0.62
0.63
0.65
0.66
0.68
0.68
0.69
0.71
0.73
0.75
0.76
0.81
0.84
0.9
0.92
0.94
1.01
1.04
1.07
1.1
1.13
1.13
1.15
1.16
1.16
1.17
1.19
1.19
1.22
1.26
1.28
1.3
1.3
1.33
1.35
1.35
1.36
1.38
1.39
1.39
1.41
1.44
1.45
1.45
1.45
1.47
1.49
1.5
1.51
1.52
1.52
1.54
1.54
1.55
1.55
1.55
1.57
1.58
1.59
1.6
1.61
1.62
1.63
1.66
1.68
1.7
1.73
1.76
1.78
1.79
1.79
1.82
1.9
1.98
2.07
2.14
2.19
2.25
2.29
2.34
2.38
2.43
2.44
2.5
2.53
2.57
2.61
2.74
2.83
2.91
3
3.04
3.09
3.21
3.27
3.33
3.36
3.4
3.5
3.57
3.71
3.8
3.87
3.91
4.03
4.1
4.26
4.35
4.49
4.59
4.8
4.87
5.02
5.18
5.33
5.47
5.62
5.73
5.84
5.98
6.13
6.35
6.57
6.73
6.93
7.24
7.4
7.55
7.79
8.06
8.21
8.45
8.79
9
9.37
9.71
9.95
10.21
10.5
10.77
11
11.27
11.51
11.81
12.15
12.44
12.81
13.07
13.34
13.76
14.1
14.6
15.05
15.46
15.95
16.35
16.98
17.38
18.02
18.58
19.35
20.31
22.17
24.07
