0.154781
0.154781
0.162736
0.162736
0.170788
0.170872
0.178191
0.178544
0.186123
0.18729
0.196566
0.197988
0.20596
0.208225
0.214184
0.216223
0.223686
0.224898
0.231437
0.233484
0.240059
0.242713
0.248495
0.251451
0.257356
0.259844
0.26419
0.267706
0.272996
0.276721
0.281113
0.284992
0.28947
0.291481
0.29471
0.297955
0.301979
0.304671
0.308202
0.310947
0.315122
0.317313
0.321039
0.323331
0.32606
0.328318
0.330847
0.333599
0.337666
0.341085
0.343459
0.346468
0.34939
0.352092
0.354407
0.357352
0.359234
0.362353
0.364859
0.36813
0.370543
0.372829
0.375426
0.377882
0.380347
0.382125
0.384138
0.387201
0.389217
0.391364
0.393398
0.39544
0.397538
0.399899
0.401821
0.403643
0.4057
0.407886
0.410033
0.411501
0.413559
0.415876
0.418101
0.419992
0.421931
0.424166
0.4263
0.428816
0.430724
0.432939
0.435355
0.437318
0.439214
0.441166
0.443468
0.445378
0.447664
0.449724
0.451836
0.453818
0.455436
0.457591
0.459504
0.461411
0.463391
0.465242
0.466706
0.468632
0.470597
0.472306
0.474742
0.476176
0.478324
0.480459
0.482251
0.483966
0.485925
0.48865
0.490202
0.492237
0.494167
0.496064
0.498748
0.501554
0.503717
0.505841
0.508768
0.511046
0.513478
0.515511
0.517742
0.519719
0.52222
0.524501
0.527242
0.529764
0.532051
0.534084
0.536224
0.539125
0.542104
0.5445
0.546448
0.549019
0.551173
0.554136
0.557104
0.559928
0.562425
0.565372
0.567692
0.570305
0.573585
0.576964
0.580442
0.583526
0.586276
0.588941
0.59184
0.594416
0.597761
0.600727
0.60338
0.606055
0.608988
0.612966
0.615889
0.61892
0.621837
0.625338
0.628628
0.632307
0.635154
0.637598
0.639855
0.643159
0.646213
0.649604
0.652411
0.655999
0.659084
0.66229
0.665365
0.668585
0.672605
0.675743
0.679444
0.682492
0.685453
0.688457
0.691138
0.693651
0.695868
0.69855
0.701697
0.704666
0.707173
0.709669
0.712546
0.715456
0.718011
0.720709
0.723674
0.726589
0.729643
0.733055
0.735828
0.738191
0.740763
0.745058
0.74837
0.752821
0.756745
0.760305
0.764993
0.768406
0.772046
0.775982
0.779245
0.782717
0.786788
0.791342
0.795227
0.7993
0.803309
0.80816
0.812769
0.816758
0.820879
0.825194
0.829366
0.833737
0.838652
0.843968
0.847823
0.852394
0.856997
0.86103
0.866036
0.870816
0.874566
0.879142
0.883739
0.887789
0.892842
0.897171
0.902431
0.907352
0.912584
0.918434
0.923379
0.928756
0.933898
0.938592
0.943824
0.950267
0.956232
0.961923
0.967275
0.972664
0.977635
0.982216
0.987847
0.992856
0.998968
1.00449
1.01103
1.0177
1.02424
1.0321
1.03932
1.048
1.05991
1.07014
1.08245
1.09386
1.10606
1.11723
1.12941
1.14098
1.1535
1.16629
1.17756
1.19067
1.20333
1.21492
1.2258
1.23619
1.24931
1.2663
1.28233
1.30675
1.33802
1.36761
1.40005
1.44792
1.54415
1.71501
1.79335
1.87948
