0.155746
0.155746
0.163322
0.163516
0.171949
0.17283
0.183197
0.186629
0.195268
0.199073
0.204907
0.209168
0.217339
0.221919
0.229089
0.231653
0.239074
0.241264
0.24863
0.251217
0.2583
0.26183
0.26631
0.269516
0.274986
0.276888
0.280379
0.28358
0.287313
0.290419
0.293424
0.29554
0.298906
0.300754
0.303723
0.306733
0.30884
0.311097
0.313588
0.316081
0.319604
0.321443
0.324008
0.325841
0.328448
0.330448
0.333716
0.335679
0.338405
0.341044
0.343145
0.345448
0.34813
0.35045
0.352337
0.355473
0.358161
0.359946
0.362083
0.364489
0.366602
0.369058
0.371077
0.373156
0.37507
0.376966
0.379188
0.381323
0.383381
0.385818
0.388165
0.390188
0.392577
0.394618
0.396873
0.399067
0.401175
0.403512
0.406193
0.408157
0.410845
0.413464
0.415408
0.417649
0.420243
0.422267
0.424557
0.426917
0.428733
0.431932
0.43387
0.436597
0.438673
0.441343
0.443189
0.445691
0.447653
0.450348
0.452229
0.454354
0.456039
0.458223
0.460241
0.462511
0.464523
0.466406
0.468626
0.470303
0.472217
0.473845
0.475535
0.477343
0.479709
0.48117
0.483128
0.484967
0.486978
0.489439
0.491782
0.493749
0.495424
0.497286
0.499334
0.502208
0.504875
0.507015
0.509345
0.511899
0.514183
0.516508
0.518761
0.520586
0.523091
0.525337
0.528018
0.530455
0.533045
0.535341
0.537711
0.539975
0.542496
0.54526
0.547315
0.550055
0.552252
0.554342
0.556708
0.559219
0.561804
0.565144
0.567157
0.569771
0.57215
0.574785
0.577796
0.579912
0.582439
0.585295
0.58821
0.591304
0.593597
0.596378
0.599624
0.602634
0.605409
0.60952
0.612194
0.615235
0.618795
0.621706
0.624584
0.627378
0.630016
0.632983
0.635619
0.638793
0.641069
0.643312
0.646794
0.649497
0.652429
0.655698
0.658303
0.661832
0.665428
0.668343
0.671839
0.67474
0.677076
0.679543
0.682363
0.685153
0.687745
0.690862
0.693192
0.696368
0.698605
0.701423
0.704433
0.707084
0.709622
0.711924
0.716207
0.719046
0.721847
0.724087
0.726986
0.72953
0.732685
0.735566
0.738652
0.742889
0.745758
0.749298
0.753382
0.757528
0.761524
0.766134
0.76938
0.773733
0.77785
0.781549
0.786284
0.790258
0.794633
0.798965
0.80307
0.807988
0.812154
0.817076
0.82221
0.827022
0.830745
0.837171
0.8424
0.84796
0.852896
0.858813
0.863584
0.868858
0.874063
0.877686
0.883467
0.888738
0.892911
0.8986
0.903535
0.908915
0.915352
0.921886
0.927843
0.933624
0.93932
0.944661
0.950064
0.95654
0.961785
0.968603
0.973422
0.979917
0.985534
0.992597
0.999079
1.00632
1.01248
1.02034
1.02743
1.03429
1.04191
1.04971
1.0568
1.06417
1.07232
1.079
1.08508
1.09137
1.09734
1.10498
1.11314
1.12127
1.12802
1.13744
1.14877
1.15872
1.17156
1.18593
1.20209
1.21469
1.23128
1.25608
1.27586
1.30218
1.32615
1.35619
1.38724
1.4577
1.55356
1.68569
1.81219
1.87678
