0.146432
0.146432
0.149411
0.149411
0.151712
0.151712
0.156521
0.156521
0.156883
0.156883
0.157385
0.157385
0.160088
0.160088
0.173737
0.173737
0.183272
0.183272
0.187958
0.187958
0.189708
0.189708
0.208991
0.208991
0.219178
0.219178
0.224648
0.224648
0.23656
0.23656
0.237013
0.237013
0.242118
0.242118
0.255781
0.255781
0.260653
0.260849
0.260849
0.270489
0.276209
0.276209
0.292388
0.292388
0.292519
0.292519
0.299792
0.299792
0.300564
0.300564
0.304104
0.304104
0.312415
0.320114
0.320114
0.321018
0.321018
0.323677
0.328933
0.328933
0.329016
0.329016
0.330932
0.330932
0.331351
0.334
0.334
0.349456
0.349456
0.349742
0.351382
0.351382
0.357823
0.357823
0.358857
0.358857
0.360954
0.360954
0.362227
0.362227
0.363971
0.363971
0.368678
0.368678
0.370964
0.384805
0.386171
0.387927
0.394127
0.394127
0.397708
0.401993
0.401993
0.411514
0.411514
0.411879
0.412768
0.412768
0.414476
0.417145
0.419663
0.419663
0.419721
0.425967
0.428345
0.429464
0.429622
0.43056
0.43056
0.430777
0.430777
0.437707
0.437707
0.443
0.44999
0.44999
0.451129
0.451129
0.453744
0.454361
0.454687
0.454687
0.468235
0.468235
0.469574
0.471134
0.471134
0.471531
0.471531
0.472822
0.472822
0.474317
0.474317
0.478493
0.483771
0.483771
0.485216
0.485216
0.493401
0.493401
0.495804
0.495804
0.496262
0.497526
0.498394
0.498394
0.516036
0.516757
0.516757
0.517458
0.527714
0.527714
0.52848
0.52848
0.532362
0.540593
0.540593
0.540689
0.541008
0.545278
0.555323
0.555624
0.555624
0.557773
0.557773
0.561908
0.561908
0.565911
0.565911
0.567658
0.571553
0.571553
0.579756
0.580976
0.582985
0.585099
0.592848
0.593628
0.593628
0.601696
0.601696
0.610678
0.610678
0.616655
0.620919
0.624126
0.633651
0.6427
0.64558
0.645862
0.645862
0.650274
0.658819
0.661068
0.664363
0.664752
0.665718
0.669256
0.669256
0.671017
0.673345
0.673345
0.677004
0.677004
0.677177
0.677975
0.679349
0.679349
0.679733
0.679733
0.690633
0.690633
0.692519
0.692519
0.706254
0.707627
0.715326
0.72228
0.724949
0.726235
0.728685
0.734257
0.744638
0.746333
0.74639
0.74639
0.747542
0.747542
0.752231
0.759272
0.776334
0.776334
0.784703
0.78519
0.788091
0.788091
0.796674
0.796674
0.801564
0.801845
0.813698
0.816801
0.819212
0.826657
0.828712
0.832529
0.848083
0.848083
0.865484
0.870503
0.871763
0.87322
0.892295
0.892295
0.893431
0.895917
0.903876
0.917518
0.931599
0.932194
0.941194
0.941194
0.943307
0.94844
0.951046
0.9576
0.9576
0.961331
0.969614
0.991158
0.999429
1.02352
1.03927
1.04504
1.04674
1.08524
1.09309
1.0944
1.12431
1.128
1.13904
1.16575
1.19412
1.22759
1.25121
1.25177
1.27193
1.28725
1.32755
1.34086
1.3513
1.4165
1.44525
1.44954
1.52044
1.53619
1.64022
1.82821
1.87052
1.95666
