0.202516
0.202516
0.259271
0.259271
0.324702
0.324702
0.33043
0.33043
0.333747
0.344519
0.395791
0.395791
0.441148
0.441148
0.466133
0.491951
0.491951
0.517101
0.517101
0.561281
0.561281
0.577099
0.577099
0.593929
0.593929
0.598534
0.598534
0.612777
0.612777
0.624664
0.634163
0.640853
0.640853
0.655223
0.677061
0.677061
0.691309
0.691309
0.703191
0.758795
0.758795
0.765513
0.81188
0.819246
0.897625
0.902638
0.904807
0.904807
0.927744
0.939861
0.969166
0.969166
0.978725
1.00428
1.00428
1.0257
1.03557
1.03557
1.06202
1.06202
1.11827
1.11922
1.14721
1.14721
1.16502
1.16776
1.17455
1.18765
1.18765
1.2089
1.24776
1.24808
1.24846
1.2625
1.2625
1.30759
1.32465
1.39376
1.39376
1.47567
1.49005
1.49005
1.52559
1.60665
1.62926
1.66194
1.66194
1.69489
1.70431
1.70431
1.77833
1.77833
1.80447
1.8243
1.86996
1.93179
1.94799
2.02618
2.48701
3.12641
