0.266116
0.266116
0.313922
0.313922
0.317719
0.317719
0.31862
0.319262
0.319262
0.371992
0.384456
0.409659
0.409659
0.484792
0.484792
0.512286
0.512286
0.528698
0.528698
0.536235
0.537321
0.537321
0.541442
0.541442
0.542597
0.542597
0.561657
0.59272
0.594468
0.594468
0.613737
0.613737
0.674694
0.678642
0.697583
0.745005
0.745005
0.802447
0.812665
0.812665
0.828093
0.851405
0.851405
0.854801
0.939544
0.94215
0.980573
0.984436
0.985987
0.990165
1.0119
1.0119
1.04194
1.05596
1.05991
1.06202
1.06202
1.06478
1.06526
1.06526
1.10365
1.10365
1.11208
1.12147
1.12147
1.17419
1.2073
1.21569
1.23348
1.23348
1.28455
1.29186
1.30137
1.30781
1.32927
1.32927
1.39344
1.39376
1.39376
1.49005
1.49005
1.56721
1.56721
1.5788
1.62926
1.66194
1.66194
1.69489
1.69929
1.70431
1.70431
1.77833
1.77833
1.8243
1.86996
1.93179
1.94799
2.02618
2.44828
3.12641
