0.190617
0.190617
0.232388
0.23378
0.270543
0.274006
0.318387
0.327135
0.375189
0.381171
0.407446
0.414154
0.438004
0.448424
0.462353
0.470881
0.487184
0.493718
0.508599
0.514538
0.527434
0.535381
0.549608
0.559082
0.568966
0.578899
0.59201
0.601724
0.619969
0.63288
0.652152
0.662533
0.696675
0.713107
0.738023
0.75761
0.768994
0.791777
0.804192
0.819179
0.831691
0.84258
0.853893
0.868246
0.881993
0.896479
0.910558
0.926432
0.940903
0.953445
0.967047
0.983741
0.994122
1.0076
1.019
1.02786
1.03576
1.04746
1.06059
1.07385
1.08561
1.09899
1.11066
1.12834
1.14017
1.16513
1.18167
1.20312
1.21953
1.24397
1.27399
1.28728
1.30997
1.32575
1.34394
1.36391
1.38611
1.39588
1.42236
1.45718
1.47679
1.5
1.51636
1.56867
1.59869
1.63185
1.64279
1.68212
1.71045
1.73593
1.77366
1.81517
1.8462
1.88482
1.96029
2.02359
2.09468
2.23957
2.6304
2.83847
