0.209179
0.209179
0.267909
0.267909
0.313662
0.313662
0.340841
0.341079
0.37552
0.377641
0.400661
0.402987
0.429131
0.437933
0.452808
0.461203
0.489919
0.499352
0.515494
0.526595
0.541075
0.554159
0.568587
0.580366
0.59272
0.599644
0.611862
0.618045
0.628859
0.638001
0.648948
0.662268
0.681698
0.697391
0.712231
0.734757
0.752828
0.769956
0.788772
0.804481
0.82905
0.847013
0.86322
0.875606
0.891801
0.904204
0.916462
0.928187
0.936131
0.943374
0.954649
0.965577
0.972873
0.983799
0.992051
1.00122
1.01027
1.02184
1.03167
1.04341
1.05423
1.06377
1.07503
1.08917
1.09854
1.11128
1.12427
1.14011
1.161
1.18849
1.21876
1.23653
1.25239
1.27341
1.30646
1.32383
1.34958
1.38295
1.39267
1.44599
1.47073
1.48754
1.505
1.55457
1.59439
1.64967
1.66819
1.69319
1.71287
1.73306
1.77984
1.8026
1.84613
1.88157
1.93609
2.01531
2.09427
2.23957
2.54476
2.84722
