0.163551
0.163551
0.179551
0.179551
0.194317
0.197367
0.211989
0.215728
0.227239
0.231508
0.238714
0.242988
0.25132
0.256385
0.261917
0.267546
0.272924
0.278184
0.283303
0.287121
0.29322
0.297836
0.302994
0.307109
0.312015
0.316394
0.32011
0.326078
0.330637
0.335406
0.340355
0.345302
0.3499
0.354178
0.358846
0.36337
0.367558
0.372819
0.376405
0.381825
0.38688
0.392681
0.396718
0.401464
0.405636
0.409119
0.413108
0.418015
0.421793
0.426536
0.430451
0.434601
0.437841
0.442734
0.44571
0.44993
0.453088
0.456455
0.46076
0.464663
0.46864
0.472774
0.476294
0.479503
0.483273
0.486401
0.489394
0.492316
0.496136
0.499292
0.502767
0.506354
0.510901
0.514341
0.518729
0.522984
0.526606
0.531076
0.534811
0.539546
0.54395
0.547334
0.55206
0.556809
0.562653
0.568193
0.575124
0.581246
0.588082
0.595383
0.601902
0.608331
0.614539
0.620162
0.626385
0.631379
0.636299
0.641221
0.646379
0.652587
0.657851
0.666002
0.672532
0.681498
0.689634
0.697374
0.706182
0.713449
0.72163
0.72906
0.735805
0.741799
0.747478
0.75425
0.759422
0.766084
0.770905
0.778148
0.783332
0.791171
0.797816
0.803664
0.81065
0.817289
0.825218
0.832408
0.839407
0.846111
0.851836
0.857539
0.86432
0.869532
0.873051
0.877841
0.882396
0.887032
0.891265
0.895352
0.901111
0.905943
0.911265
0.917323
0.923404
0.931609
0.939248
0.945649
0.953985
0.961923
0.974528
0.984774
0.995076
1.0032
1.01319
1.02289
1.03184
1.04245
1.04895
1.0577
1.06726
1.07666
1.08434
1.09437
1.10335
1.11227
1.12332
1.13589
1.14707
1.16155
1.1717
1.18057
1.19177
1.20199
1.21332
1.22308
1.23582
1.25236
1.27109
1.29344
1.30794
1.32218
1.33318
1.34364
1.35285
1.36843
1.38528
1.39848
1.41648
1.43494
1.45777
1.47802
1.48984
1.50922
1.53404
1.57639
1.66651
1.72134
1.78695
1.91493
2.13608
2.42555
