0.73
0.81
0.85
0.9
0.97
1.07
1.18
1.27
1.36
1.42
1.51
1.55
1.57
1.58
1.58
1.59
1.62
1.62
1.64
1.65
1.71
1.75
1.79
1.83
1.86
1.89
1.92
1.94
1.94
1.96
1.97
2.01
2.02
2.05
2.07
2.14
2.16
2.19
2.23
2.29
2.33
2.37
2.38
2.42
2.44
2.44
2.45
2.45
2.47
2.5
2.52
2.52
2.53
2.53
2.55
2.57
2.58
2.61
2.66
2.66
2.66
2.7
2.71
2.72
2.76
2.76
2.76
2.76
2.78
2.8
2.82
2.84
2.86
2.88
2.92
2.93
2.93
2.96
3.01
3.03
3.05
3.11
3.14
3.19
3.22
3.23
3.25
3.28
3.28
3.28
3.29
3.29
3.31
3.35
3.36
3.36
3.4
3.43
3.44
3.45
3.46
3.46
3.46
3.47
3.48
3.5
3.52
3.56
3.61
3.62
3.65
3.65
3.66
3.7
3.73
3.75
3.77
3.8
3.85
3.87
3.91
3.93
3.95
3.97
4.02
4.05
4.07
4.08
4.1
4.14
4.17
4.18
4.2
4.22
4.26
4.29
4.3
4.3
4.32
4.33
4.35
4.36
4.41
4.48
4.51
4.52
4.56
4.59
4.64
4.67
4.69
4.75
4.79
4.8
4.81
4.85
4.86
4.86
4.87
4.91
4.92
4.97
4.99
5.03
5.04
5.05
5.1
5.15
5.2
5.3
5.42
5.48
5.54
5.58
5.62
5.64
5.69
5.72
5.81
6
6.14
6.27
6.42
6.68
6.89
7.26
7.51
7.83
8.19
8.83
9.32
9.76
10.4
11.11
11.97
12.91
16.21
17.69
21.63
31.46
