0.02
0.06
0.18
0.39
0.55
0.71
0.81
0.87
0.93
0.95
0.98
0.98
0.98
0.98
0.98
0.98
0.98
0.98
0.98
0.98
0.98
0.98
0.98
0.98
0.98
0.98
0.98
0.98
0.98
0.98
0.98
0.98
0.98
0.98
0.98
0.98
0.98
0.98
0.98
0.98
0.98
0.98
0.98
0.98
0.98
0.98
0.98
0.98
0.98
0.98
0.99
1.0
1.02
1.05
1.14
1.19
1.28
1.4
1.56
1.68
1.75
1.85
1.86
1.92
1.94
1.95
1.96
1.96
1.96
1.96
1.96
1.96
1.96
1.96
1.96
1.96
1.96
1.96
1.96
1.96
1.96
1.96
1.96
1.96
1.96
1.96
1.96
1.96
1.96
1.96
1.96
1.96
1.97
1.98
2.02
2.06
2.14
2.21
2.32
2.37
2.48
2.57
2.66
2.72
2.79
2.81
2.83
2.85
2.87
2.89
2.92
2.94
2.94
2.94
2.94
2.94
2.94
2.94
2.95
2.95
2.96
2.96
3.01
3.05
3.08
3.13
3.21
3.29
3.43
3.45
3.48
3.55
3.6
3.7
3.78
3.82
3.87
3.93
4.07
4.23
4.37
4.45
4.54
4.59
4.68
4.76
4.79
4.83
4.92
5.05
5.22
5.49
5.67
5.99
6.5
