0.328
0.328
0.328
0.328
0.328
0.328
0.328
0.328
0.328
0.328
0.329
0.331
0.331
0.333
0.333
0.334
0.334
0.334
0.334
0.335
0.336
0.336
0.336
0.336
0.336
0.337
0.337
0.337
0.337
0.339
0.339
0.342
0.342
0.342
0.343
0.344
0.344
0.346
0.347
0.348
0.348
0.349
0.35
0.351
0.353
0.354
0.354
0.354
0.355
0.356
0.359
0.359
0.36
0.36
0.363
0.364
0.364
0.367
0.367
0.368
0.37
0.371
0.373
0.375
0.375
0.375
0.377
0.378
0.383
0.383
0.385
0.387
0.392
0.395
0.396
0.399
0.401
0.403
0.407
0.408
0.409
0.411
0.413
0.417
0.42
0.421
0.423
0.426
0.426
0.435
0.441
0.446
0.451
0.453
0.454
0.457
0.461
0.468
0.474
0.481
0.49
0.497
0.501
0.51
0.518
0.522
0.527
0.53
0.537
0.543
0.549
0.557
0.563
0.572
0.577
0.584
0.592
0.602
0.608
0.616
0.623
0.632
0.638
0.647
0.655
0.668
0.677
0.682
0.696
0.708
0.717
0.73
0.743
0.757
0.762
0.771
0.781
0.79
0.799
0.826
0.829
0.837
0.846
0.856
0.87
0.887
0.894
0.903
0.911
0.921
0.935
0.945
0.955
0.961
0.973
0.986
0.988
0.994
0.996
1.002
1.003
1.005
1.006
1.006
1.006
1.009
1.011
1.012
1.014
1.019
1.021
1.021
1.026
1.029
1.035
1.037
1.043
1.048
1.052
1.059
1.065
1.069
1.076
1.087
1.091
1.103
1.119
1.131
1.154
1.168
1.196
1.249
1.302
1.363
1.448
1.561
1.634
1.805
1.969
2.498
