0.03
0.11
0.29
0.48
0.65
0.74
0.8
0.82
0.82
0.82
0.82
0.82
0.83
0.83
0.84
0.84
0.86
0.87
0.89
0.9
0.93
0.94
0.95
1.01
1.04
1.07
1.13
1.21
1.26
1.35
1.41
1.42
1.46
1.51
1.55
1.57
1.6
1.61
1.62
1.64
1.66
1.68
1.7
1.73
1.74
1.75
1.75
1.76
1.76
1.78
1.8
1.81
1.83
1.85
1.88
1.93
1.97
2.01
2.04
2.06
2.07
2.1
2.13
2.15
2.17
2.18
2.21
2.23
2.24
2.3
2.31
2.31
2.32
2.35
2.37
2.44
2.46
2.49
2.53
2.56
2.57
2.61
2.66
2.68
2.7
2.76
2.87
2.89
2.91
2.93
2.95
2.99
3.02
3.02
3.08
3.12
3.16
3.2
3.27
3.31
3.36
3.38
3.42
3.47
3.55
3.56
3.6
3.6
3.64
3.64
3.67
3.68
3.68
3.7
3.76
3.78
3.79
3.87
3.91
3.92
4
4.06
4.11
4.13
4.19
4.25
4.28
4.33
4.41
4.44
4.48
4.55
4.59
4.61
4.62
4.64
4.7
4.72
4.74
4.76
4.82
4.86
4.99
5.09
5.16
5.23
5.26
5.33
5.39
5.48
5.49
5.57
5.58
5.62
5.66
5.72
5.75
5.84
5.92
5.99
6.06
6.2
6.31
6.41
6.45
6.52
6.56
6.63
6.71
6.82
6.91
7.06
7.14
7.27
7.45
7.53
7.65
7.7
7.82
7.97
8.2
8.4
8.54
8.8
8.94
9.27
9.53
9.82
10.12
10.5
10.74
11.17
11.74
12.25
12.9
14.03
15.22
16.77
17.98
19.6
