0.187534
0.187534
0.217385
0.217504
0.23677
0.237525
0.251559
0.252189
0.264779
0.264969
0.275992
0.27661
0.283392
0.284179
0.290957
0.29227
0.298047
0.301174
0.305503
0.30908
0.313134
0.315198
0.320559
0.323033
0.327114
0.329095
0.332272
0.336358
0.339405
0.343929
0.345847
0.348823
0.35116
0.355047
0.357396
0.361168
0.363622
0.366815
0.369275
0.372778
0.375959
0.379283
0.382374
0.385458
0.389349
0.393644
0.396283
0.400438
0.404275
0.407436
0.411281
0.41535
0.419112
0.423092
0.425809
0.430324
0.433121
0.4362
0.440211
0.444294
0.448183
0.452512
0.456429
0.461643
0.4654
0.469916
0.473322
0.477538
0.482368
0.485558
0.489548
0.493774
0.498591
0.502641
0.506105
0.509718
0.512952
0.516669
0.520168
0.524027
0.527938
0.530753
0.534294
0.537934
0.542604
0.545472
0.550089
0.553548
0.557141
0.562547
0.56658
0.571908
0.579031
0.58665
0.597001
0.606501
0.613957
0.622199
0.629671
0.635999
0.643794
0.651713
0.660161
0.667907
0.676651
0.685544
0.696398
0.705867
0.71483
0.724859
0.7352
0.744276
0.752538
0.760595
0.769812
0.775899
0.782414
0.788999
0.795023
0.803705
0.810882
0.818903
0.825646
0.831185
0.837068
0.843948
0.850834
0.859552
0.865909
0.873138
0.883052
0.890038
0.898045
0.903095
0.909701
0.915767
0.921866
0.928628
0.934319
0.938965
0.94511
0.951343
0.957315
0.964713
0.974034
0.981011
0.990998
1.00023
1.00728
1.01496
1.0222
1.02826
1.03549
1.04158
1.04757
1.05261
1.06117
1.07033
1.07994
1.08888
1.1
1.11162
1.12439
1.13273
1.14204
1.15132
1.15991
1.16745
1.17923
1.19024
1.20774
1.21949
1.23099
1.24889
1.26349
1.27861
1.29326
1.31222
1.32378
1.33697
1.34643
1.35815
1.36746
1.37674
1.38996
1.40032
1.42717
1.45342
1.4754
1.49682
1.52191
1.57019
1.60987
1.66264
1.71443
1.76892
1.83756
1.97372
2.14074
2.36956
