0.01
0.02
0.02
0.02
0.04
0.05
0.05
0.06
0.06
0.06
0.06
0.07
0.07
0.08
0.08
0.1
0.1
0.1
0.1
0.1
0.1
0.11
0.12
0.12
0.13
0.13
0.13
0.13
0.14
0.15
0.15
0.16
0.16
0.16
0.16
0.16
0.16
0.16
0.17
0.18
0.2
0.2
0.21
0.21
0.21
0.22
0.22
0.23
0.23
0.24
0.24
0.3
0.32
0.33
0.34
0.4
0.44
0.46
0.46
0.48
0.49
0.49
0.5
0.52
0.52
0.54
0.56
0.57
0.58
0.6
0.6
0.61
0.62
0.62
0.63
0.65
0.67
0.67
0.69
0.7
0.72
0.74
0.75
0.76
0.81
0.86
0.89
0.92
0.95
1.02
1.08
1.12
1.19
1.22
1.31
1.36
1.4
1.43
1.48
1.49
1.49
1.5
1.52
1.53
1.54
1.57
1.57
1.63
1.67
1.69
1.69
1.73
1.74
1.76
1.77
1.78
1.8
1.81
1.85
1.89
1.92
2.02
2.07
2.13
2.22
2.24
2.34
2.49
2.63
2.69
2.8
2.94
3.09
3.15
3.27
3.48
3.71
3.9
4.08
4.33
4.64
4.93
5.28
5.81
6.29
6.88
7.69
8.57
9.52
10.53
12.97
