0.150003
0.150003
0.15692
0.156939
0.161114
0.161408
0.166019
0.166694
0.171465
0.171945
0.176364
0.177886
0.182192
0.184359
0.188236
0.190778
0.193882
0.196318
0.199671
0.20308
0.206583
0.21017
0.214003
0.216698
0.219788
0.2241
0.227727
0.230905
0.233503
0.236794
0.239701
0.243268
0.246471
0.248543
0.250834
0.254601
0.257407
0.259645
0.262364
0.264553
0.267973
0.270605
0.273068
0.275943
0.27816
0.280738
0.283342
0.286184
0.288808
0.291502
0.29409
0.297563
0.300598
0.303289
0.305227
0.308367
0.310231
0.312504
0.314564
0.316864
0.319693
0.321285
0.323311
0.325482
0.328123
0.330354
0.33266
0.334981
0.337484
0.339293
0.341438
0.343416
0.346213
0.348781
0.352168
0.354668
0.35728
0.359619
0.361901
0.364085
0.366382
0.368782
0.371287
0.373613
0.376361
0.379307
0.381645
0.384795
0.387342
0.38973
0.391847
0.394532
0.397515
0.399682
0.402186
0.404447
0.407076
0.409515
0.411951
0.413774
0.415864
0.417452
0.419808
0.422169
0.424158
0.426784
0.428782
0.430891
0.432986
0.435246
0.437422
0.439231
0.441097
0.443108
0.445082
0.446812
0.448565
0.450569
0.452641
0.455211
0.456934
0.458861
0.461454
0.463654
0.466027
0.46833
0.470892
0.47345
0.475462
0.478398
0.481279
0.483774
0.487261
0.489964
0.492631
0.495256
0.498596
0.501462
0.50478
0.507939
0.510761
0.513904
0.516413
0.518882
0.521405
0.523661
0.526083
0.529533
0.531689
0.534639
0.537599
0.539697
0.54233
0.545457
0.548051
0.550774
0.553928
0.55683
0.559764
0.561846
0.56464
0.567231
0.569888
0.572617
0.574658
0.577323
0.58005
0.58333
0.586765
0.590088
0.59305
0.59613
0.5994
0.601882
0.605241
0.609059
0.611939
0.615559
0.618965
0.622483
0.625578
0.62902
0.633454
0.637656
0.641009
0.644595
0.648949
0.652629
0.655997
0.659627
0.662822
0.666388
0.67032
0.673768
0.677838
0.681749
0.68655
0.690104
0.695093
0.69816
0.701667
0.705918
0.709299
0.712693
0.715937
0.718946
0.721989
0.726113
0.730051
0.734438
0.738373
0.742208
0.746386
0.749648
0.754376
0.758563
0.762055
0.765747
0.769934
0.773335
0.777476
0.780743
0.784184
0.788171
0.791565
0.795163
0.800124
0.804211
0.809285
0.812765
0.817412
0.822872
0.827157
0.8309
0.834737
0.839138
0.843413
0.847532
0.852086
0.857072
0.860756
0.865386
0.869639
0.874097
0.878644
0.884335
0.888358
0.892602
0.896969
0.901264
0.905884
0.909901
0.914818
0.919498
0.924896
0.929948
0.936044
0.942052
0.948383
0.956176
0.961885
0.96744
0.972336
0.978508
0.983322
0.989435
0.996406
1.00169
1.00692
1.01442
1.02408
1.03529
1.04827
1.0588
1.07216
1.09245
1.10973
1.12697
1.1417
1.15461
1.16495
1.17971
1.19625
1.21021
1.22476
1.23565
1.25607
1.27127
1.28884
1.31622
1.35879
1.40619
1.44734
1.489
1.54093
1.56044
1.6077
1.70734
1.7923
1.99032
