0.261448
0.261448
0.314955
0.314955
0.347902
0.347902
0.356634
0.356634
0.374388
0.374388
0.38555
0.38555
0.456063
0.456063
0.457617
0.457617
0.477018
0.509388
0.509388
0.510412
0.510412
0.511118
0.511118
0.519753
0.519753
0.527797
0.527797
0.551332
0.568039
0.568039
0.584024
0.608619
0.608619
0.688198
0.688198
0.699211
0.699211
0.735716
0.748522
0.748522
0.755053
0.789402
0.82908
0.862257
0.862257
0.867093
0.917273
0.918718
0.918718
0.925453
0.925453
0.941525
1.00114
1.02496
1.03359
1.03359
1.03568
1.04216
1.08337
1.09727
1.15956
1.16705
1.17006
1.17006
1.18533
1.18533
1.21546
1.21546
1.25522
1.2644
1.32141
1.38073
1.39752
1.41426
1.42846
1.43929
1.44874
1.45883
1.49197
1.55589
1.57337
1.57356
1.61438
1.67791
1.69878
1.75594
1.82016
1.84071
1.84071
1.84346
1.88197
2.04366
2.06762
2.06762
2.26347
2.35151
2.45603
2.8682
3.42524
4.10249
