0.197132
0.197132
0.258583
0.258583
0.283686
0.283686
0.315053
0.316876
0.335307
0.337427
0.354252
0.358382
0.37388
0.379093
0.393646
0.399422
0.407659
0.416731
0.424798
0.430186
0.440842
0.446253
0.453918
0.459767
0.467187
0.4746
0.482052
0.490221
0.495726
0.504238
0.509873
0.52091
0.530858
0.54433
0.557067
0.572616
0.605165
0.650502
0.692662
0.730244
0.765633
0.783358
0.809493
0.824095
0.850791
0.870115
0.896049
0.920948
0.939376
0.954465
0.974369
0.988774
1.00991
1.02432
1.05449
1.07532
1.09157
1.11068
1.11628
1.13277
1.14363
1.15718
1.16905
1.18033
1.19075
1.20089
1.22486
1.24328
1.26191
1.27837
1.30803
1.33008
1.36726
1.40054
1.43128
1.46626
1.49967
1.52295
1.54349
1.56191
1.57844
1.60501
1.62758
1.64777
1.66491
1.6876
1.70488
1.72007
1.75835
1.81794
1.93351
1.9722
2.03598
2.10605
2.146
2.43106
2.55435
2.69213
3.54581
4.00708
