0.328
0.328
0.328
0.328
0.329
0.329
0.331
0.332
0.333
0.335
0.335
0.336
0.336
0.34
0.341
0.342
0.342
0.343
0.344
0.348
0.348
0.35
0.352
0.357
0.362
0.368
0.37
0.374
0.376
0.379
0.386
0.397
0.403
0.421
0.441
0.466
0.481
0.491
0.495
0.506
0.51
0.523
0.532
0.545
0.563
0.602
0.633
0.648
0.67
0.707
0.737
0.792
0.817
0.903
0.913
0.937
0.95
0.971
0.971
0.981
1
1
1
1
1
1
1
1
1
1
1
1
1
1
1
1
1
1.001
1.001
1.001
1.001
1.001
1.001
1.001
1.002
1.002
1.002
1.003
1.004
1.005
1.007
1.013
1.019
1.022
1.036
1.051
1.102
1.156
1.249
1.442
