0.203839
0.203839
0.270783
0.270783
0.308464
0.308715
0.339359
0.340199
0.3636
0.369978
0.390813
0.397811
0.417929
0.431179
0.44501
0.455215
0.472015
0.478879
0.491226
0.496491
0.514164
0.518298
0.53284
0.537817
0.548115
0.553214
0.567752
0.576521
0.589518
0.598244
0.608214
0.62073
0.630446
0.642659
0.650951
0.66596
0.681117
0.692997
0.718436
0.728893
0.743183
0.757858
0.771694
0.790198
0.812187
0.831758
0.86653
0.886582
0.905508
0.925952
0.946064
0.981158
1.00007
1.01547
1.03569
1.05541
1.07708
1.09209
1.10318
1.11273
1.12256
1.13211
1.14313
1.15094
1.16288
1.17311
1.18564
1.19905
1.21437
1.2351
1.25248
1.28339
1.31331
1.34759
1.3757
1.39804
1.44142
1.4589
1.48202
1.50423
1.52875
1.54869
1.56309
1.58156
1.59303
1.61217
1.63697
1.65927
1.694
1.73404
1.82516
1.92227
1.98841
2.03608
2.14413
2.27441
2.40497
2.65974
3.53999
3.93255
