0.172231
0.172231
0.196656
0.197471
0.212682
0.21408
0.227541
0.229512
0.239751
0.243884
0.252461
0.256519
0.264782
0.269479
0.277529
0.281448
0.291781
0.297053
0.304203
0.31093
0.315156
0.321325
0.32559
0.331034
0.335357
0.340412
0.344204
0.348773
0.352584
0.356857
0.361954
0.365518
0.371347
0.375728
0.379859
0.383939
0.387719
0.391164
0.394677
0.398494
0.401173
0.404488
0.406949
0.410633
0.413063
0.416345
0.419976
0.422628
0.425457
0.429225
0.43293
0.436063
0.438856
0.441668
0.444585
0.447085
0.449533
0.451793
0.454638
0.456949
0.459962
0.462962
0.466368
0.468644
0.471075
0.474049
0.477847
0.481203
0.484739
0.488258
0.492467
0.49582
0.499862
0.503073
0.507201
0.511784
0.515876
0.521146
0.525587
0.531105
0.535572
0.541664
0.546836
0.55098
0.555736
0.560486
0.565531
0.570025
0.573744
0.577342
0.581752
0.587481
0.592019
0.596461
0.601491
0.605533
0.610164
0.616077
0.619451
0.623558
0.628341
0.633412
0.64031
0.644865
0.650855
0.656018
0.662379
0.668043
0.67448
0.679648
0.68407
0.689582
0.695312
0.70061
0.706561
0.712705
0.719179
0.725816
0.732322
0.739281
0.745872
0.753893
0.760275
0.765575
0.771319
0.7763
0.781503
0.785732
0.790816
0.796713
0.802092
0.807938
0.814388
0.820193
0.826053
0.831227
0.837813
0.843529
0.849598
0.855521
0.861931
0.867802
0.873887
0.881
0.886291
0.891919
0.898434
0.905768
0.912563
0.919648
0.926486
0.934732
0.942605
0.948993
0.957237
0.965176
0.972297
0.980229
0.987442
0.993662
1.00293
1.01343
1.02275
1.03457
1.04609
1.05979
1.07035
1.0802
1.09324
1.10226
1.11477
1.12342
1.13497
1.14544
1.15625
1.16722
1.17842
1.19072
1.21065
1.23029
1.24636
1.26941
1.28609
1.30797
1.33526
1.36833
1.39832
1.46476
1.50791
1.52337
1.56319
1.65495
1.72856
1.7778
1.8115
1.88611
1.99584
2.31244
2.47606
2.5604
