0.8
0.99
1.2
1.3
1.36
1.38
1.4
1.43
1.48
1.51
1.57
1.61
1.7
1.79
1.82
1.85
1.89
1.93
1.97
2.0
2.05
2.06
2.15
2.21
2.24
2.25
2.26
2.27
2.29
2.3
2.31
2.31
2.32
2.35
2.35
2.36
2.38
2.39
2.42
2.43
2.46
2.49
2.5
2.57
2.61
2.63
2.72
2.74
2.76
2.76
2.81
2.82
2.82
2.84
2.85
2.87
2.89
2.91
2.92
2.95
2.96
2.97
3.01
3.04
3.05
3.07
3.08
3.08
3.12
3.13
3.19
3.21
3.23
3.25
3.25
3.25
3.26
3.26
3.28
3.28
3.29
3.3
3.31
3.31
3.35
3.37
3.38
3.39
3.41
3.43
3.44
3.44
3.44
3.48
3.52
3.58
3.64
3.66
3.69
3.71
3.73
3.74
3.75
3.77
3.79
3.81
3.82
3.84
3.86
3.89
3.91
3.94
3.97
3.97
4.01
4.04
4.07
4.09
4.09
4.1
4.1
4.12
4.12
4.15
4.16
4.18
4.19
4.19
4.22
4.22
4.27
4.29
4.32
4.38
4.43
4.45
4.52
4.57
4.61
4.65
4.67
4.68
4.71
4.73
4.77
4.78
4.79
4.81
4.87
4.92
4.95
4.97
5.02
5.06
5.08
5.09
5.19
5.23
5.29
5.36
5.4
5.45
5.48
5.52
5.54
5.59
5.59
5.61
5.64
5.7
5.81
5.94
6.02
6.11
6.21
6.28
6.34
6.42
6.45
6.51
6.56
6.78
6.94
7.12
7.39
7.58
7.93
8.5
9.21
9.95
10.54
11.9
12.79
13.73
17.14
19.93
22.99
25.47
28.7
31.75
