0
0
0
0
0
0
0
0
0
0
0
0
0
0
0
0
0
0
0
0
0
0
0
0
0
0
0
0
0
0
0
0
0
0
0
0
0
0
0.02
0.06
0.11
0.15
0.24
0.51
0.63
0.79
0.88
0.94
0.95
0.97
0.98
0.98
0.98
0.98
0.98
0.98
0.98
0.98
0.98
0.98
0.98
0.98
0.98
0.98
0.98
0.98
0.98
0.98
0.98
0.98
0.98
0.98
0.98
0.98
0.98
0.98
1
1.01
1.02
1.04
1.05
1.07
1.07
1.08
1.08
1.08
1.09
1.13
1.18
1.23
1.32
1.41
1.47
1.56
1.67
1.74
1.8
1.87
1.93
1.95
1.96
1.96
1.96
1.96
1.96
1.96
1.96
1.96
1.96
1.96
1.96
1.96
1.96
1.96
1.96
1.96
1.96
1.96
1.96
1.96
1.96
1.96
1.96
1.96
1.96
1.96
1.96
1.96
1.96
1.96
1.96
1.98
1.99
2.03
2.08
2.1
2.17
2.2
2.33
2.37
2.42
2.48
2.56
2.64
2.71
2.79
2.84
2.89
2.9
2.92
2.93
2.94
2.94
2.94
2.94
2.94
2.94
2.94
2.94
2.94
2.94
2.94
2.97
3
3.04
3.1
3.17
3.19
3.29
3.33
3.37
3.42
3.53
3.6
3.76
3.83
3.9
3.92
3.92
3.92
3.92
3.92
3.92
3.93
3.94
3.94
3.94
4.08
4.16
4.25
4.35
4.48
4.65
4.78
4.9
5.01
5.15
5.26
5.54
5.99
