1
1
1
1
1
1
1
1
1
1
1
1
1
1
1
1
1
1
1
1
1
1
1
1
1
1
1
1
1
1
1
1
1
1
1
1
1
1
1
1
1
1
1
1
1
1
1
1
1
1
1
1
1
1
1
1
1
1
1
1
1
1
1
1
1
1
1
1
1
1
1
1
1
1
1
1
1
1
1
1
1
1
1
1
1
1
1
1
1
1
1
1
1
1
1
1
1
1
1
1
1
1
1
1
1
1
1
1
1
1
1
1
1
1
1
1
1
1
1
1
1
1
1
1
1
1
1
1
1
1
1
1
1
1
1
1
1
1
1
1
1
1
1
1
1
1
1
1
1
1
1
1
1.082
1.085
1.087
1.089
1.176
1.27
1.28
1.281
1.285
1.287
1.37
1.374
1.378
1.46
1.465
1.549
1.553
1.556
1.561
1.718
1.806
1.809
1.89
2.007
2.079
2.126
2.133
2.175
2.272
2.382
2.485
2.58
2.66
2.893
2.967
2.984
3.109
3.241
3.349
3.638
3.745
3.853
3.982
4.107
4.289
4.466
4.621
4.776
