0.152401
0.152401
0.161912
0.161912
0.162781
0.162781
0.18781
0.18781
0.191215
0.191215
0.192696
0.192696
0.207272
0.207272
0.21612
0.21612
0.216161
0.216161
0.221137
0.221137
0.223249
0.223249
0.226233
0.226233
0.248622
0.248622
0.250151
0.250151
0.255792
0.255792
0.258409
0.258409
0.272316
0.272316
0.290458
0.290458
0.291982
0.291982
0.292428
0.292428
0.301515
0.301515
0.307692
0.308089
0.308089
0.309816
0.309816
0.309816
0.309816
0.310071
0.310071
0.317725
0.324953
0.324953
0.327075
0.327075
0.329447
0.329447
0.332787
0.332787
0.340501
0.340501
0.341187
0.342893
0.342893
0.352236
0.352236
0.353195
0.354165
0.354165
0.355139
0.355139
0.35591
0.35591
0.362852
0.367232
0.367232
0.370247
0.370247
0.371082
0.373678
0.373678
0.374524
0.374524
0.382292
0.385467
0.385467
0.385512
0.38567
0.38567
0.394092
0.394092
0.399955
0.399955
0.403721
0.406484
0.406484
0.406555
0.406555
0.406567
0.407137
0.407137
0.409007
0.409174
0.410479
0.410479
0.411895
0.414965
0.414965
0.41969
0.422597
0.4257
0.4257
0.434152
0.434914
0.434914
0.436318
0.44318
0.44318
0.445831
0.446903
0.45505
0.459568
0.459568
0.460117
0.462306
0.467101
0.474018
0.475228
0.475228
0.479271
0.482759
0.482759
0.483387
0.492275
0.495479
0.495701
0.495701
0.49718
0.49718
0.506855
0.506855
0.507165
0.507267
0.516178
0.516178
0.516579
0.518041
0.529373
0.529373
0.529755
0.533634
0.533634
0.536912
0.536912
0.54109
0.544356
0.546362
0.5719
0.582727
0.584213
0.584213
0.58557
0.594399
0.594399
0.595743
0.595743
0.602278
0.602278
0.616116
0.616116
0.617596
0.617596
0.630902
0.630902
0.631128
0.640383
0.645795
0.645795
0.647483
0.656759
0.676791
0.680077
0.680077
0.682002
0.682002
0.682742
0.685389
0.686053
0.686775
0.690933
0.691044
0.692984
0.693875
0.696098
0.699024
0.699024
0.704642
0.704642
0.709453
0.709453
0.714824
0.71726
0.71726
0.718377
0.718377
0.719734
0.724989
0.72613
0.729384
0.734949
0.735493
0.740544
0.751544
0.751544
0.755908
0.755908
0.758687
0.763363
0.763363
0.764828
0.768113
0.768113
0.786947
0.788258
0.792724
0.811148
0.818196
0.821859
0.829611
0.839394
0.853577
0.853577
0.863683
0.869388
0.876832
0.876832
0.881956
0.893812
0.897018
0.897287
0.898049
0.900861
0.900861
0.901555
0.904147
0.90743
0.907745
0.911286
0.91558
0.920158
0.921152
0.925918
0.925918
0.932933
0.954213
0.959797
0.959797
0.973821
0.978661
0.978661
0.981539
0.986973
0.99658
0.998494
1.00035
1.00637
1.03573
1.03573
1.03757
1.0433
1.04542
1.06508
1.06545
1.07388
1.0753
1.07549
1.09316
1.1131
1.1287
1.13158
1.13548
1.13548
1.14881
1.14881
1.18498
1.18498
1.21247
1.29087
1.30266
1.30883
1.34748
1.35173
1.41355
1.4775
1.49335
1.51227
1.6024
1.65785
1.90194
