0.328
0.328
0.328
0.328
0.328
0.328
0.328
0.328
0.328
0.328
0.328
0.328
0.329
0.329
0.329
0.33
0.331
0.331
0.331
0.331
0.333
0.333
0.333
0.334
0.334
0.335
0.335
0.336
0.336
0.338
0.338
0.338
0.338
0.339
0.339
0.339
0.341
0.342
0.342
0.343
0.343
0.343
0.345
0.346
0.346
0.346
0.347
0.347
0.347
0.347
0.347
0.347
0.348
0.349
0.35
0.35
0.352
0.353
0.354
0.354
0.354
0.356
0.356
0.356
0.356
0.357
0.357
0.358
0.36
0.36
0.36
0.362
0.362
0.363
0.363
0.364
0.364
0.364
0.364
0.364
0.364
0.364
0.364
0.364
0.366
0.367
0.368
0.368
0.37
0.37
0.372
0.373
0.373
0.374
0.376
0.376
0.376
0.378
0.379
0.38
0.381
0.381
0.381
0.381
0.381
0.382
0.382
0.382
0.383
0.384
0.386
0.386
0.386
0.388
0.388
0.389
0.39
0.391
0.393
0.394
0.395
0.396
0.396
0.397
0.397
0.397
0.399
0.4
0.402
0.404
0.405
0.407
0.407
0.409
0.409
0.41
0.411
0.413
0.417
0.419
0.42
0.421
0.423
0.424
0.425
0.427
0.429
0.429
0.431
0.431
0.434
0.436
0.438
0.44
0.441
0.442
0.446
0.448
0.452
0.452
0.454
0.455
0.457
0.46
0.463
0.467
0.47
0.476
0.478
0.481
0.482
0.485
0.487
0.494
0.497
0.498
0.503
0.504
0.507
0.513
0.517
0.518
0.521
0.527
0.534
0.536
0.54
0.542
0.544
0.548
0.551
0.555
0.559
0.567
0.569
0.575
0.579
0.581
0.584
0.59
0.594
0.597
0.603
0.607
0.614
0.616
0.618
0.625
0.628
0.634
0.64
0.644
0.649
0.653
0.662
0.672
0.683
0.685
0.693
0.698
0.703
0.705
0.72
0.728
0.739
0.745
0.748
0.755
0.761
0.773
0.78
0.783
0.793
0.798
0.805
0.816
0.823
0.83
0.838
0.846
0.854
0.866
0.873
0.884
0.895
0.901
0.906
0.912
0.915
0.92
0.929
0.947
0.956
0.968
0.977
0.989
1.004
1.01
1.015
1.018
1.02
1.023
1.032
1.055
1.059
1.062
1.068
1.073
1.075
1.078
1.086
1.092
1.098
1.105
1.108
1.112
1.118
1.127
1.139
1.152
1.16
1.168
1.183
1.201
1.224
1.252
1.298
1.318
1.362
1.397
1.443
1.504
1.55
1.615
1.669
1.737
1.795
1.879
2.01
2.611
