0.01
0.02
0.05
0.08
0.14
0.21
0.3
0.36
0.52
0.64
0.75
0.9
0.94
0.96
0.98
0.98
0.98
0.98
0.98
0.98
0.98
0.98
0.98
0.98
0.98
0.98
0.98
0.98
0.98
0.98
0.98
0.98
0.98
0.98
0.98
0.98
0.98
0.98
0.98
0.98
0.98
0.98
0.98
0.98
0.98
0.98
0.98
0.98
0.98
0.98
0.98
1.01
1.02
1.05
1.09
1.14
1.16
1.18
1.28
1.3
1.4
1.52
1.56
1.64
1.76
1.79
1.81
1.84
1.87
1.92
1.95
1.96
1.96
1.96
1.96
1.96
1.96
1.96
1.96
1.96
1.96
1.96
1.96
1.96
1.96
1.96
1.96
1.96
1.96
1.96
1.96
1.96
1.96
1.96
1.96
1.96
1.96
1.96
1.96
1.96
1.96
1.96
1.96
1.96
1.96
1.96
1.96
1.96
1.96
1.96
1.96
1.96
1.96
1.96
1.98
2.02
2.03
2.05
2.07
2.09
2.13
2.17
2.2
2.25
2.28
2.32
2.41
2.46
2.54
2.65
2.7
2.75
2.8
2.82
2.82
2.83
2.84
2.84
2.85
2.87
2.89
2.92
2.93
2.93
2.94
2.94
2.94
2.94
2.94
2.94
2.94
2.94
2.94
2.94
2.94
2.94
2.94
2.94
2.96
2.96
2.98
2.99
2.99
3.0
3.03
3.06
3.07
3.09
3.1
3.14
3.16
3.16
3.17
3.18
3.18
3.19
3.19
3.2
3.21
3.23
3.25
3.3
3.31
3.33
3.37
3.38
3.41
3.43
3.5
3.54
3.58
3.62
3.66
3.71
3.76
3.81
3.82
3.83
3.86
3.87
3.87
3.91
3.91
3.92
3.93
3.95
3.95
3.95
3.97
3.98
4.0
4.0
4.02
4.06
4.07
4.08
4.1
4.13
4.18
4.21
4.23
4.23
4.23
4.23
4.23
4.24
4.26
4.28
4.3
4.32
4.37
4.4
4.41
4.48
4.52
4.57
4.67
4.74
4.79
4.82
4.91
4.94
4.98
5.03
5.1
5.12
5.14
5.15
5.19
5.19
5.2
5.23
5.28
5.34
5.35
5.37
5.43
5.49
5.6
5.68
5.79
5.93
6.06
6.2
6.29
6.39
6.52
6.63
6.7
6.79
7.01
7.33
7.7
8.33
8.91
