0.155826
0.155826
0.16282
0.16282
0.171277
0.171277
0.179774
0.179774
0.190277
0.190872
0.200392
0.200862
0.209143
0.209361
0.215987
0.21679
0.224052
0.224886
0.230865
0.232035
0.237538
0.238432
0.243532
0.244529
0.249185
0.250446
0.25467
0.255893
0.26158
0.263107
0.267283
0.269302
0.272909
0.274697
0.27857
0.281414
0.284361
0.286433
0.289703
0.293319
0.295299
0.298705
0.300845
0.303646
0.30577
0.308142
0.310574
0.312752
0.315797
0.31786
0.320107
0.321969
0.324869
0.327192
0.329607
0.331755
0.334245
0.336655
0.338923
0.341148
0.34333
0.346346
0.348725
0.351245
0.353877
0.356171
0.358566
0.361277
0.363498
0.365619
0.366988
0.369117
0.370966
0.372724
0.375216
0.377715
0.379556
0.382036
0.384186
0.386616
0.388554
0.390632
0.392517
0.394918
0.397311
0.399229
0.401226
0.403511
0.405809
0.407954
0.409704
0.41199
0.414063
0.415995
0.417968
0.42028
0.421883
0.424292
0.426105
0.428487
0.430568
0.432561
0.434576
0.436431
0.438468
0.441385
0.443457
0.445989
0.448703
0.451267
0.453807
0.456663
0.458564
0.460853
0.463077
0.464877
0.466857
0.468643
0.470336
0.472666
0.474643
0.476816
0.47891
0.481524
0.483104
0.485142
0.487138
0.488905
0.490969
0.493302
0.49564
0.497812
0.500448
0.502095
0.504165
0.506758
0.508937
0.511348
0.513862
0.515599
0.517824
0.519956
0.522546
0.525225
0.528163
0.530922
0.533447
0.53684
0.539166
0.542343
0.5454
0.547843
0.550869
0.553546
0.556449
0.559086
0.561859
0.56506
0.567732
0.570296
0.573034
0.575721
0.578068
0.580436
0.582787
0.585319
0.5881
0.591014
0.593351
0.595989
0.598601
0.600782
0.603627
0.605893
0.608008
0.610328
0.612491
0.614901
0.617303
0.619946
0.621691
0.624102
0.626044
0.628713
0.631856
0.635023
0.637691
0.640675
0.643205
0.646366
0.649726
0.652502
0.655512
0.658176
0.661275
0.664407
0.667093
0.669354
0.672602
0.674824
0.677415
0.680128
0.68292
0.685724
0.68849
0.691019
0.693865
0.696521
0.699166
0.701711
0.703917
0.706443
0.708913
0.711325
0.713886
0.71665
0.720177
0.724527
0.728003
0.730952
0.734498
0.737967
0.741636
0.744994
0.749113
0.752738
0.757275
0.760967
0.765869
0.771492
0.776213
0.779583
0.784197
0.788692
0.793006
0.796944
0.801586
0.805907
0.810685
0.814996
0.819917
0.825151
0.830301
0.835173
0.839937
0.844996
0.850608
0.855941
0.861231
0.865957
0.871045
0.87701
0.883519
0.890042
0.897597
0.903456
0.910195
0.917882
0.925079
0.930954
0.938376
0.944796
0.950824
0.957496
0.965355
0.971533
0.97898
0.985086
0.993102
1.0024
1.01011
1.0169
1.02641
1.03436
1.04322
1.05234
1.06208
1.07448
1.087
1.09918
1.11266
1.12763
1.14374
1.16071
1.17711
1.19578
1.21439
1.2323
1.25291
1.27601
1.30443
1.34074
1.37892
1.42124
1.44966
1.48303
1.52422
1.62597
1.93747
2.21175
