0.153869
0.153869
0.167131
0.167131
0.180846
0.180846
0.182096
0.182096
0.196756
0.196756
0.207218
0.211591
0.211591
0.212875
0.212875
0.220053
0.245684
0.245684
0.249795
0.249795
0.25537
0.25537
0.258452
0.258452
0.268997
0.268997
0.270058
0.270058
0.273589
0.278337
0.287722
0.287722
0.28823
0.28823
0.302471
0.302471
0.303073
0.303073
0.304343
0.304343
0.318853
0.318853
0.322558
0.322558
0.324303
0.324303
0.325376
0.325376
0.334234
0.334234
0.335594
0.335594
0.346658
0.346658
0.346761
0.346761
0.347639
0.347639
0.350726
0.350726
0.354636
0.354777
0.354777
0.355002
0.355002
0.360169
0.360169
0.362478
0.369856
0.372262
0.372262
0.380834
0.380897
0.380897
0.38109
0.381658
0.381658
0.38516
0.389252
0.393173
0.393173
0.395021
0.395021
0.400613
0.400613
0.401099
0.401099
0.405745
0.405745
0.405937
0.407158
0.412873
0.412873
0.419329
0.419329
0.419637
0.419637
0.42017
0.42017
0.429057
0.433824
0.433824
0.435344
0.435344
0.435809
0.435809
0.438582
0.438582
0.439783
0.443472
0.443472
0.444509
0.444543
0.444543
0.447014
0.447014
0.448386
0.448386
0.451641
0.451641
0.457166
0.457166
0.458359
0.460305
0.467056
0.469516
0.469516
0.473602
0.475165
0.475165
0.475357
0.475357
0.479553
0.479553
0.482135
0.482345
0.483512
0.483512
0.488834
0.488834
0.489822
0.489822
0.491544
0.491544
0.495425
0.499317
0.503881
0.505497
0.505497
0.508
0.510527
0.52156
0.526556
0.536079
0.536079
0.537204
0.541452
0.545593
0.545593
0.545957
0.548226
0.548226
0.550901
0.556916
0.557896
0.557896
0.558924
0.559896
0.561981
0.564323
0.564323
0.575678
0.575678
0.576099
0.576099
0.576242
0.576242
0.578287
0.578287
0.579459
0.579459
0.58322
0.58322
0.583264
0.584165
0.58653
0.58653
0.586645
0.587739
0.587739
0.589267
0.591601
0.593166
0.603353
0.603353
0.604906
0.607075
0.610204
0.614152
0.617601
0.618261
0.621221
0.621221
0.627841
0.639178
0.640277
0.641638
0.642506
0.642506
0.655432
0.655432
0.665773
0.673092
0.673123
0.673123
0.67405
0.687239
0.687239
0.689044
0.689044
0.69003
0.69242
0.69242
0.70838
0.710186
0.714526
0.716275
0.719295
0.730253
0.738046
0.738046
0.738422
0.738422
0.739284
0.739284
0.747418
0.75072
0.759463
0.763475
0.766915
0.77953
0.783218
0.792101
0.793394
0.812018
0.812018
0.816361
0.816361
0.82859
0.82859
0.83799
0.845884
0.845884
0.859614
0.869787
0.87318
0.875407
0.880524
0.880524
0.881999
0.881999
0.890495
0.902627
0.914515
0.914515
0.92216
0.926683
0.927821
0.928532
0.935571
0.938283
0.938283
0.968885
0.97432
0.97526
0.976273
0.989223
1.00373
1.01446
1.01811
1.02332
1.02397
1.02397
1.06236
1.09695
1.13633
1.13848
1.15644
1.26459
1.2659
1.37257
1.45138
1.45138
1.49981
1.49981
1.55113
1.68745
1.69216
1.70047
1.74583
