0.20848
0.20848
0.289522
0.289522
0.346133
0.346133
0.386037
0.386037
0.430935
0.430935
0.453894
0.453894
0.47937
0.47941
0.507203
0.507637
0.529066
0.531223
0.550105
0.556845
0.565922
0.575999
0.58448
0.596755
0.600564
0.61368
0.616837
0.63119
0.634174
0.648595
0.653709
0.667359
0.676037
0.69571
0.707262
0.726068
0.737381
0.767365
0.788196
0.809787
0.824545
0.838482
0.853554
0.869698
0.884125
0.896046
0.909362
0.923261
0.933988
0.946846
0.961831
0.977464
0.991659
1.00486
1.01858
1.02597
1.03471
1.04253
1.05334
1.06386
1.07418
1.08246
1.09267
1.09934
1.11028
1.12417
1.13975
1.1488
1.16756
1.1778
1.19213
1.20396
1.22978
1.26037
1.29588
1.32614
1.36112
1.3947
1.4297
1.46691
1.48016
1.50457
1.55239
1.59315
1.62284
1.63643
1.6691
1.77724
1.94937
2.01683
2.11983
2.15521
2.18257
2.21181
2.2918
2.3789
2.43051
2.52255
2.83568
2.94182
