0.328
0.328
0.328
0.328
0.328
0.328
0.328
0.328
0.331
0.331
0.331
0.333
0.334
0.334
0.336
0.336
0.336
0.336
0.336
0.339
0.342
0.345
0.347
0.351
0.357
0.361
0.368
0.374
0.381
0.384
0.396
0.404
0.412
0.42
0.433
0.442
0.451
0.46
0.471
0.481
0.493
0.506
0.513
0.521
0.535
0.546
0.564
0.579
0.59
0.608
0.623
0.644
0.658
0.667
0.688
0.708
0.724
0.741
0.762
0.79
0.818
0.844
0.871
0.9
0.93
0.953
0.985
1.025
1.06
1.091
1.13
1.171
1.225
1.268
1.322
1.379
1.452
1.517
1.582
1.649
1.736
1.829
1.891
1.959
2.027
2.24
2.41
2.581
2.863
3.125
3.371
3.463
3.57
3.697
4.106
4.179
4.265
4.461
4.66
4.893
