0.182647
0.182647
0.229023
0.229023
0.355238
0.355238
0.394733
0.394733
0.42788
0.42788
0.463438
0.464206
0.485794
0.487223
0.501886
0.509521
0.527893
0.533337
0.557805
0.56357
0.57743
0.584864
0.597841
0.603534
0.61433
0.620572
0.630092
0.638507
0.646339
0.656454
0.66502
0.67458
0.680661
0.694813
0.701473
0.71861
0.725941
0.742314
0.754714
0.766437
0.776543
0.787113
0.795877
0.808578
0.817665
0.828272
0.837243
0.848848
0.859332
0.872228
0.884926
0.898072
0.915029
0.932761
0.949337
0.96252
0.976822
0.990483
1.01333
1.02753
1.04082
1.05751
1.07629
1.08389
1.09986
1.11162
1.12619
1.13867
1.15577
1.16934
1.19033
1.20662
1.243
1.26504
1.29285
1.33147
1.37135
1.4367
1.47954
1.49678
1.51299
1.55545
1.61621
1.6374
1.66341
1.67504
1.74726
1.82707
1.96036
2.04338
2.08498
2.12501
2.1721
2.22551
2.26788
2.32694
2.3536
2.45764
2.62266
2.7634
