0.193811
0.193811
0.238446
0.238446
0.25647
0.25647
0.259102
0.259102
0.26985
0.26985
0.274299
0.274299
0.282731
0.282731
0.283261
0.283261
0.307588
0.307588
0.342117
0.342117
0.345922
0.35013
0.35013
0.351493
0.351493
0.363678
0.363678
0.375518
0.375518
0.37674
0.37674
0.395396
0.395396
0.416893
0.416893
0.426366
0.426366
0.42667
0.437474
0.437474
0.437484
0.437484
0.446728
0.446728
0.447377
0.447377
0.451934
0.451934
0.456284
0.456284
0.456556
0.456556
0.465341
0.465341
0.4714
0.4714
0.473051
0.477048
0.481345
0.481345
0.484292
0.484292
0.484429
0.484429
0.491221
0.495297
0.508683
0.513402
0.513402
0.519478
0.536096
0.536096
0.542884
0.543401
0.543401
0.549281
0.556496
0.567868
0.567868
0.572228
0.573995
0.573995
0.574775
0.580822
0.580822
0.581398
0.585597
0.60865
0.61194
0.622288
0.624446
0.624446
0.643241
0.643241
0.650412
0.650412
0.653989
0.65849
0.65849
0.670644
0.679661
0.679661
0.688111
0.692674
0.695148
0.697001
0.697001
0.703904
0.703919
0.706987
0.709478
0.709478
0.728147
0.728147
0.730529
0.730906
0.730906
0.734858
0.734858
0.737663
0.743522
0.743522
0.750315
0.750315
0.773894
0.779776
0.779776
0.783344
0.789465
0.791788
0.791788
0.802291
0.813068
0.815154
0.835862
0.839376
0.839376
0.849843
0.849843
0.855031
0.890174
0.897903
0.901322
0.91461
0.918248
0.932734
0.93325
0.93325
0.939024
0.942464
0.942464
0.944053
0.944053
0.993809
0.994043
0.994043
0.997221
1.00522
1.0155
1.02426
1.03624
1.03624
1.04877
1.04877
1.06392
1.08179
1.12844
1.13421
1.13746
1.14289
1.15087
1.16001
1.165
1.18622
1.1941
1.21832
1.2466
1.2466
1.25878
1.26294
1.2677
1.28501
1.28501
1.28829
1.29657
1.34563
1.38291
1.38291
1.42029
1.42029
1.46645
1.46705
1.48447
1.52053
1.58131
1.58131
1.81008
1.95967
2.24779
2.43133
