0.01
0.03
0.08
0.23
0.37
0.48
0.62
0.69
0.75
0.83
0.87
0.91
0.95
0.97
0.98
0.98
0.98
0.98
0.98
0.98
0.98
0.98
0.98
0.98
0.98
0.98
0.98
0.98
0.98
0.98
0.98
0.98
0.98
0.98
0.98
0.98
0.98
0.98
0.98
0.98
0.98
0.98
0.98
0.98
0.98
0.98
0.98
0.98
0.98
0.98
0.98
0.98
0.98
0.98
0.98
0.98
0.98
0.98
0.98
0.98
0.98
0.99
1.01
1.08
1.14
1.19
1.26
1.4
1.54
1.63
1.72
1.77
1.8
1.86
1.88
1.9
1.94
1.95
1.95
1.95
1.96
1.96
1.96
1.96
1.96
1.96
1.96
1.96
1.96
1.96
1.96
1.96
1.96
1.96
1.96
1.96
1.96
1.96
1.96
1.96
1.96
1.96
1.96
1.96
1.96
1.96
1.96
1.96
1.96
2.0
2.0
2.06
2.08
2.15
2.25
2.35
2.43
2.58
2.66
2.77
2.83
2.85
2.86
2.88
2.92
2.93
2.94
2.94
2.94
2.94
2.94
2.94
2.95
2.95
2.98
3.05
3.16
3.24
3.35
3.53
3.65
3.77
3.82
3.83
3.85
3.87
3.91
3.94
3.97
4.05
4.18
4.46
4.68
4.79
5.22
5.85
