0.67
0.75
0.78
0.82
0.88
0.93
1.0
1.09
1.16
1.25
1.35
1.39
1.44
1.47
1.48
1.48
1.49
1.5
1.54
1.55
1.56
1.57
1.59
1.61
1.62
1.63
1.64
1.65
1.69
1.76
1.78
1.78
1.8
1.84
1.85
1.87
1.94
1.97
2.04
2.12
2.14
2.16
2.19
2.19
2.19
2.21
2.21
2.23
2.26
2.27
2.28
2.29
2.29
2.3
2.31
2.32
2.32
2.34
2.35
2.36
2.38
2.38
2.42
2.45
2.46
2.46
2.49
2.5
2.52
2.53
2.55
2.57
2.57
2.57
2.57
2.57
2.59
2.59
2.59
2.61
2.62
2.65
2.68
2.71
2.71
2.73
2.74
2.77
2.78
2.8
2.88
2.9
2.9
2.91
2.91
2.93
2.95
2.96
2.99
3.0
3.02
3.03
3.06
3.07
3.08
3.09
3.11
3.12
3.14
3.2
3.23
3.27
3.33
3.35
3.37
3.4
3.4
3.4
3.44
3.47
3.51
3.52
3.54
3.55
3.57
3.59
3.59
3.65
3.69
3.72
3.72
3.74
3.75
3.76
3.8
3.8
3.82
3.82
3.83
3.87
3.89
3.97
3.97
4.01
4.08
4.12
4.18
4.22
4.28
4.3
4.34
4.36
4.38
4.42
4.44
4.45
4.51
4.53
4.55
4.56
4.6
4.64
4.68
4.71
4.76
4.87
4.94
5.03
5.13
5.18
5.23
5.27
5.33
5.37
5.44
5.53
5.71
5.94
6.08
6.34
6.62
6.75
6.96
7.16
7.49
8.01
8.37
9.13
9.58
10.22
10.72
11.38
11.91
12.61
13.56
14.42
15.48
17.01
19.94
25.85
