0.172961
0.172961
0.200903
0.20118
0.231424
0.231932
0.25155
0.252849
0.265884
0.266996
0.278859
0.28029
0.294899
0.29741
0.310166
0.313471
0.320267
0.324189
0.333785
0.339346
0.345786
0.350109
0.358984
0.364394
0.369068
0.375474
0.381278
0.386855
0.391029
0.395967
0.401193
0.406714
0.41446
0.418785
0.424874
0.428872
0.433031
0.437028
0.441219
0.446606
0.449736
0.454521
0.458234
0.465602
0.469025
0.474792
0.479952
0.48428
0.488544
0.494589
0.498673
0.50368
0.508159
0.512288
0.517304
0.520549
0.524323
0.527571
0.531596
0.535079
0.539118
0.541516
0.545734
0.548229
0.551824
0.555141
0.5586
0.56276
0.566175
0.570302
0.573829
0.579124
0.581762
0.585226
0.588256
0.592757
0.59713
0.60258
0.6073
0.611878
0.617219
0.621479
0.627778
0.632477
0.638619
0.642944
0.648192
0.651671
0.655418
0.65898
0.663339
0.667251
0.671313
0.675611
0.679725
0.683755
0.68869
0.693023
0.698321
0.703932
0.709498
0.714843
0.720526
0.725068
0.730067
0.733861
0.738442
0.741945
0.746328
0.750177
0.75443
0.759377
0.763956
0.769875
0.773949
0.778831
0.783656
0.78768
0.792169
0.796297
0.800516
0.805688
0.810632
0.815547
0.821088
0.825676
0.830058
0.834751
0.841745
0.847042
0.853521
0.859392
0.866304
0.871626
0.877995
0.884214
0.89047
0.897669
0.902726
0.910062
0.914897
0.9223
0.929881
0.937095
0.944404
0.952548
0.9576
0.964012
0.970012
0.976434
0.981935
0.991179
1.00028
1.00873
1.01772
1.02475
1.03324
1.04133
1.05049
1.05921
1.0708
1.08167
1.09218
1.10105
1.11159
1.12071
1.13011
1.14361
1.15276
1.16597
1.17537
1.18535
1.19797
1.21104
1.21765
1.22803
1.23774
1.2488
1.26101
1.27025
1.28232
1.29434
1.30796
1.32102
1.33409
1.3441
1.35608
1.36631
1.38346
1.39748
1.41616
1.43879
1.46032
1.48941
1.53554
1.57512
1.64034
1.75449
2.03799
2.34222
