1
1
1
1
1
1
1
1
1
1
1
1
1
1
1
1
1
1
1
1
1
1
1
1
1
1
1
1
1
1
1
1
1
1
1
1
1
1
1
1
1
1
1
1
1
1
1
1
1
1
1
1
1
1
1
1
1
1
1
1
1
1
1
1
1
1
1
1
1
1
1
1
1
1
1
1
1
1
1
1
1
1
1
1
1
1
1
1
1
1
1
1
1
1
1
1
1
1
1
1
1
1
1
1
1
1
1
1
1
1
1
1
1
1
1
1
1
1
1
1
1
1
1
1
1
1
1
1
1
1
1
1
1
1
1
1
1
1
1
1
1
1
1
1
1
1
1.079
1.083
1.093
1.13
1.172
1.176
1.189
1.19
1.191
1.268
1.272
1.283
1.285
1.287
1.287
1.287
1.364
1.368
1.374
1.378
1.38
1.38
1.455
1.459
1.466
1.47
1.546
1.624
1.632
1.708
1.852
1.869
1.945
2.141
2.158
2.234
2.354
2.48
2.566
2.685
2.747
2.801
2.855
2.931
3.023
3.188
3.364
3.436
3.711
3.948
4.08
4.292
4.495
4.691
