0.150307
0.150307
0.162626
0.162626
0.205923
0.205923
0.211013
0.211013
0.213701
0.213701
0.214995
0.214995
0.215382
0.215382
0.237928
0.237928
0.247087
0.247087
0.253913
0.253913
0.255938
0.255938
0.261953
0.261953
0.272824
0.272824
0.275425
0.275425
0.277618
0.277618
0.290545
0.290545
0.294666
0.294666
0.298236
0.298236
0.302121
0.302121
0.305257
0.310021
0.310675
0.310675
0.314557
0.315661
0.315661
0.317309
0.317309
0.319347
0.319347
0.320338
0.320338
0.322954
0.322954
0.330729
0.330729
0.334697
0.334697
0.335151
0.335151
0.344459
0.344459
0.354546
0.354546
0.361125
0.361125
0.366488
0.366488
0.368475
0.368475
0.372664
0.372664
0.376279
0.376279
0.381335
0.381335
0.383857
0.388785
0.388785
0.38994
0.38994
0.397527
0.397527
0.400156
0.400156
0.402874
0.402874
0.410808
0.411002
0.411002
0.411051
0.411051
0.412174
0.412174
0.415027
0.415027
0.415125
0.415125
0.41648
0.417321
0.417321
0.42152
0.42152
0.421634
0.423748
0.423748
0.443524
0.443801
0.443801
0.443873
0.451103
0.451134
0.451134
0.457643
0.457643
0.458948
0.463286
0.463286
0.467619
0.473638
0.47428
0.47428
0.48119
0.483785
0.483785
0.48739
0.489939
0.489939
0.492441
0.502194
0.502894
0.508049
0.508049
0.508468
0.508549
0.515393
0.515393
0.520233
0.520233
0.522043
0.522043
0.524089
0.527687
0.527687
0.529271
0.529271
0.533788
0.538239
0.541865
0.541865
0.546752
0.546752
0.547579
0.549245
0.552182
0.552182
0.552538
0.55331
0.55331
0.556708
0.556708
0.558471
0.558471
0.559086
0.560796
0.560796
0.563189
0.563584
0.563584
0.569604
0.573996
0.576532
0.57966
0.57966
0.579781
0.580482
0.582735
0.582735
0.588378
0.588378
0.589008
0.589404
0.590653
0.590653
0.591706
0.591706
0.592525
0.592872
0.592872
0.594474
0.595094
0.595094
0.59563
0.59563
0.596279
0.59977
0.603989
0.608904
0.608904
0.614922
0.614922
0.629421
0.637321
0.637321
0.638975
0.642518
0.646936
0.654881
0.654881
0.667673
0.667673
0.668588
0.680202
0.683707
0.686026
0.705049
0.705049
0.705136
0.705789
0.706569
0.706569
0.715056
0.718725
0.719032
0.720016
0.723346
0.723346
0.728706
0.746724
0.746724
0.747391
0.748325
0.749606
0.749606
0.759354
0.759354
0.765654
0.773893
0.775312
0.780502
0.793199
0.803563
0.803563
0.805615
0.806001
0.807794
0.813933
0.820845
0.820845
0.821376
0.834859
0.834859
0.838176
0.839667
0.840218
0.842222
0.845194
0.845194
0.853154
0.861851
0.885548
0.891623
0.891623
0.898417
0.917821
0.928124
0.928124
0.929176
0.955905
0.982584
0.983207
0.983207
1.00871
1.01195
1.01798
1.03244
1.04264
1.05418
1.08171
1.08188
1.08188
1.0871
1.09143
1.11057
1.15766
1.17222
1.17912
1.18966
1.19286
1.19732
1.23244
1.26711
1.30172
1.39572
1.43728
1.44699
1.47416
1.51015
1.59021
1.75733
2.06366
