0.161444
0.161444
0.178738
0.178738
0.194484
0.194507
0.209026
0.209344
0.221439
0.222131
0.231979
0.232494
0.240131
0.240584
0.248032
0.248902
0.255985
0.257734
0.264487
0.265999
0.270957
0.273226
0.278614
0.280957
0.28654
0.289401
0.294072
0.29672
0.299512
0.302133
0.304386
0.306962
0.309232
0.311352
0.313138
0.315091
0.316869
0.319796
0.321411
0.323445
0.32505
0.327252
0.328643
0.330403
0.33289
0.334584
0.335862
0.338072
0.340388
0.342066
0.343975
0.345537
0.347459
0.349191
0.350579
0.352105
0.353935
0.355679
0.357893
0.360001
0.36199
0.363472
0.365481
0.367004
0.369236
0.370573
0.372648
0.374485
0.37645
0.378189
0.380024
0.382035
0.383964
0.386046
0.387883
0.389437
0.391165
0.39332
0.394942
0.39661
0.398475
0.40065
0.40217
0.404169
0.405815
0.40796
0.409331
0.41193
0.413454
0.415187
0.416483
0.418507
0.419823
0.421735
0.423174
0.424687
0.426718
0.428417
0.429765
0.431309
0.433041
0.434795
0.437429
0.438471
0.440113
0.442068
0.443782
0.445108
0.446998
0.448739
0.450715
0.452796
0.454386
0.456015
0.457422
0.459748
0.461465
0.46344
0.465432
0.466913
0.469197
0.471
0.473312
0.475267
0.47753
0.47958
0.481928
0.48373
0.485552
0.487942
0.490362
0.492578
0.494574
0.49711
0.498997
0.501629
0.50357
0.505763
0.50826
0.510681
0.513128
0.51498
0.517331
0.520302
0.52315
0.525121
0.527739
0.529574
0.532642
0.535102
0.536994
0.539789
0.541654
0.544005
0.5459
0.548223
0.550314
0.552459
0.555059
0.557142
0.559269
0.561628
0.563792
0.566434
0.569056
0.571585
0.573494
0.576207
0.578997
0.581529
0.583658
0.585861
0.588021
0.589901
0.59272
0.5951
0.597536
0.600194
0.602804
0.605268
0.607668
0.610514
0.613317
0.615843
0.61881
0.621358
0.624086
0.626951
0.630029
0.63261
0.635185
0.638199
0.641004
0.64356
0.64653
0.649269
0.651517
0.65387
0.656437
0.659459
0.662402
0.665226
0.669041
0.67298
0.675919
0.678882
0.681896
0.685828
0.68946
0.692719
0.695773
0.699061
0.702652
0.705243
0.708542
0.711197
0.714039
0.716664
0.719414
0.722347
0.725644
0.728637
0.732011
0.735574
0.74027
0.744731
0.748688
0.753016
0.758663
0.763012
0.767044
0.772368
0.777124
0.782603
0.78745
0.792423
0.796868
0.80085
0.805831
0.810012
0.815215
0.820258
0.827185
0.833063
0.839306
0.845311
0.849928
0.854878
0.861374
0.867667
0.873197
0.877958
0.883718
0.888937
0.894919
0.900876
0.907572
0.914646
0.922108
0.928632
0.935114
0.943827
0.950287
0.956955
0.962979
0.970325
0.9768
0.983906
0.991811
1.00004
1.00917
1.01798
1.02678
1.03716
1.04947
1.05969
1.07319
1.08539
1.09532
1.10574
1.12244
1.13591
1.14949
1.17044
1.19207
1.212
1.23516
1.25905
1.28038
1.30763
1.33558
1.35751
1.38529
1.4171
1.44105
1.47236
1.49713
1.54745
1.61911
2.35671
