0.174099
0.174099
0.19762
0.19762
0.202594
0.202594
0.206678
0.206678
0.211511
0.211511
0.216519
0.216519
0.216761
0.216761
0.222203
0.222203
0.23435
0.23435
0.238139
0.238139
0.239067
0.239067
0.242347
0.242347
0.255293
0.255293
0.256339
0.256339
0.25982
0.25982
0.274269
0.274269
0.278038
0.278038
0.286016
0.286016
0.305592
0.305592
0.330286
0.33186
0.33186
0.335173
0.337242
0.337242
0.337898
0.337898
0.342215
0.342215
0.362488
0.362488
0.367672
0.367672
0.370274
0.370274
0.370936
0.374687
0.374687
0.375749
0.375749
0.377283
0.377283
0.3817
0.3817
0.383506
0.383506
0.385973
0.392626
0.392626
0.392852
0.395455
0.408126
0.414055
0.414055
0.415829
0.415829
0.416777
0.416777
0.418358
0.421696
0.421696
0.424484
0.424484
0.425363
0.425363
0.425741
0.425741
0.431904
0.431904
0.432166
0.437891
0.438101
0.441507
0.441507
0.442176
0.442262
0.442262
0.444198
0.444588
0.444588
0.447131
0.450379
0.450379
0.452586
0.452587
0.452587
0.465421
0.465421
0.466854
0.466854
0.468699
0.469896
0.469925
0.469925
0.472255
0.472255
0.476983
0.481714
0.482375
0.485145
0.485145
0.485583
0.488218
0.488218
0.488395
0.488395
0.490095
0.491742
0.491742
0.492348
0.492348
0.494345
0.494345
0.4981
0.499116
0.499116
0.501058
0.501058
0.505456
0.51391
0.515354
0.515854
0.516772
0.516772
0.518743
0.518743
0.520603
0.52074
0.521812
0.524502
0.524502
0.524711
0.524711
0.527429
0.527429
0.544204
0.544204
0.548746
0.549977
0.549977
0.558049
0.558049
0.559526
0.560586
0.568334
0.568366
0.575601
0.575601
0.580898
0.591685
0.591685
0.597205
0.597205
0.597492
0.598941
0.598941
0.59967
0.59967
0.603724
0.603724
0.614319
0.614319
0.625004
0.628354
0.629169
0.635563
0.638128
0.639285
0.652565
0.658
0.658
0.660169
0.660169
0.663319
0.663319
0.664214
0.674715
0.683981
0.683981
0.688717
0.692208
0.692208
0.695549
0.700707
0.700707
0.702071
0.709416
0.711236
0.712476
0.712476
0.715775
0.720228
0.721273
0.725005
0.725005
0.728697
0.731676
0.731676
0.733215
0.736528
0.741235
0.741235
0.741884
0.741884
0.744199
0.744199
0.762237
0.762568
0.762568
0.763849
0.765221
0.772294
0.778763
0.784957
0.785922
0.794146
0.794146
0.799002
0.804474
0.809593
0.809593
0.813441
0.837461
0.839175
0.839175
0.84103
0.846996
0.863195
0.866641
0.868127
0.870615
0.873577
0.875662
0.875662
0.878336
0.878336
0.881363
0.889878
0.890137
0.905393
0.912976
0.916933
0.928891
0.932726
0.934061
0.937994
0.942451
0.942451
0.97039
0.97039
0.974476
0.985922
0.989997
0.991189
1.00248
1.00851
1.01221
1.01221
1.03059
1.03059
1.03362
1.04374
1.04844
1.06653
1.09366
1.09501
1.10699
1.13434
1.16618
1.1885
1.18855
1.25364
1.25364
1.35509
1.45901
1.4852
1.53075
1.55808
1.68366
1.96442
2.37405
