0.173709
0.173709
0.204285
0.204285
0.231744
0.231744
0.261888
0.262278
0.300366
0.301716
0.330931
0.3365
0.354722
0.372301
0.384706
0.399658
0.418466
0.435949
0.462445
0.472673
0.498644
0.516256
0.534006
0.562213
0.58733
0.608691
0.631379
0.658563
0.680555
0.698344
0.717211
0.729615
0.743301
0.754238
0.771841
0.783934
0.812814
0.820316
0.838711
0.846753
0.866368
0.874959
0.902797
0.911166
0.923824
0.931439
0.937841
0.943864
0.951401
0.96077
0.970697
0.978838
0.987557
0.997875
1.00887
1.0193
1.02846
1.04031
1.05158
1.05923
1.06912
1.07842
1.08944
1.10099
1.10812
1.12098
1.13275
1.14479
1.15268
1.16009
1.17143
1.18233
1.19324
1.2054
1.21926
1.23452
1.24843
1.26415
1.2841
1.30715
1.33208
1.35606
1.39368
1.43278
1.48225
1.51475
1.54687
1.58949
1.67425
1.74503
1.79425
1.86962
1.90212
1.93799
2.10075
2.20248
2.23066
2.40997
2.43298
2.64855
