0.328
0.328
0.328
0.328
0.332
0.332
0.334
0.338
0.342
0.343
0.345
0.346
0.349
0.352
0.354
0.358
0.362
0.367
0.374
0.384
0.403
0.411
0.42
0.434
0.446
0.454
0.464
0.484
0.502
0.523
0.531
0.542
0.559
0.574
0.59
0.604
0.618
0.634
0.65
0.669
0.689
0.706
0.715
0.74
0.759
0.776
0.796
0.813
0.832
0.857
0.877
0.895
0.918
0.94
0.966
0.987
1.009
1.035
1.052
1.075
1.1
1.119
1.139
1.167
1.2
1.228
1.271
1.312
1.355
1.394
1.441
1.49
1.538
1.58
1.609
1.653
1.704
1.745
1.781
1.841
1.913
1.98
2.042
2.126
2.181
2.253
2.316
2.408
2.52
2.688
2.83
2.971
3.102
3.32
3.53
4.018
4.347
4.595
4.853
5.156
