0.330324
0.330324
0.330581
0.330581
0.379444
0.379444
0.394505
0.394505
0.421694
0.421694
0.427881
0.427881
0.429801
0.429801
0.433635
0.437723
0.437723
0.463913
0.463913
0.504903
0.514697
0.514697
0.526691
0.573835
0.573835
0.585562
0.610393
0.620487
0.620487
0.621479
0.629131
0.754778
0.771555
0.771555
0.784794
0.794218
0.794218
0.798259
0.804758
0.84015
0.84015
0.858297
0.858297
0.877663
0.891423
0.891423
0.922301
0.922301
0.950572
0.966394
0.985489
1.02077
1.02113
1.03328
1.03328
1.04088
1.04088
1.06091
1.06347
1.07966
1.07966
1.09393
1.09393
1.09563
1.09682
1.09682
1.09779
1.10936
1.11355
1.14016
1.22
1.22981
1.22981
1.23398
1.23398
1.237
1.24506
1.24521
1.25812
1.28822
1.32151
1.49253
1.51234
1.52344
1.52936
1.53151
1.57804
1.57804
1.61321
1.73553
1.74535
1.8442
1.93567
1.93567
1.94741
1.96442
1.96442
2.2271
2.73645
2.73645
