0.164989
0.164989
0.24294
0.24294
0.318697
0.318697
0.345848
0.345848
0.363058
0.363058
0.378368
0.378368
0.431841
0.431841
0.433348
0.433348
0.446104
0.452776
0.466407
0.466407
0.497095
0.497095
0.503177
0.510893
0.658773
0.658773
0.6604
0.6604
0.682513
0.724703
0.724703
0.738551
0.738551
0.740655
0.741882
0.749132
0.749132
0.784116
0.784116
0.789962
0.79446
0.820968
0.828337
0.828337
0.842785
0.842785
0.867088
0.869916
0.955667
0.955881
0.984362
0.986763
0.989671
1.0007
1.0007
1.00161
1.00161
1.03249
1.0374
1.06252
1.07966
1.07966
1.08003
1.08003
1.08027
1.08027
1.12131
1.12131
1.14436
1.16255
1.16255
1.1951
1.20072
1.23398
1.23398
1.25747
1.29488
1.29488
1.31122
1.33016
1.35361
1.42487
1.44957
1.4673
1.52936
1.53151
1.57804
1.57804
1.73553
1.7543
1.782
1.78658
1.84842
1.92593
1.93567
1.93567
1.96442
2.05687
2.73645
2.73645
