1
1
1
1
1
1
1
1
1
1
1
1
1
1
1
1
1
1
1
1
1
1
1
1
1
1
1
1
1
1
1
1
1
1
1
1
1
1
1
1
1
1
1
1
1
1
1
1
1
1
1
1
1
1
1
1
1
1
1
1
1
1
1
1
1
1
1
1
1
1
1
1
1
1
1
1
1
1
1
1
1
1
1
1
1
1
1
1
1
1
1
1
1
1
1
1
1
1
1
1
1
1
1
1
1
1
1
1
1
1
1
1
1
1
1
1
1
1
1
1
1
1
1
1
1
1
1
1
1
1
1
1
1
1
1
1
1
1
1
1
1
1
1
1.081
1.162
1.173
1.181
1.264
1.266
1.271
1.281
1.286
1.289
1.29
1.291
1.291
1.292
1.37
1.37
1.37
1.376
1.382
1.384
1.461
1.462
1.463
1.469
1.546
1.549
1.635
1.646
1.722
1.735
1.738
1.74
1.774
1.899
1.905
2.189
2.266
2.358
2.377
2.542
2.611
2.694
2.736
2.846
2.869
3.03
3.129
3.298
3.446
3.515
3.633
3.865
4.003
4.162
4.508
4.817
5.074
