0.151388
0.151388
0.15608
0.15608
0.175391
0.175391
0.179986
0.179986
0.181942
0.181942
0.183907
0.183907
0.185756
0.185756
0.251819
0.251819
0.253609
0.253609
0.282655
0.282655
0.293175
0.293175
0.321391
0.323618
0.323618
0.329645
0.329645
0.338548
0.342945
0.349312
0.349312
0.353867
0.353867
0.363193
0.363193
0.375714
0.377838
0.377838
0.389468
0.389468
0.398829
0.398829
0.403414
0.403414
0.419026
0.419026
0.421101
0.421455
0.421455
0.424461
0.424461
0.436065
0.436065
0.437311
0.438022
0.438022
0.441184
0.441382
0.447269
0.447269
0.448124
0.448124
0.451202
0.451202
0.453119
0.453119
0.462374
0.462374
0.472836
0.472836
0.476407
0.476407
0.498992
0.503581
0.503821
0.505932
0.505932
0.538439
0.538595
0.539895
0.539895
0.540507
0.540924
0.540924
0.549395
0.55206
0.55206
0.560113
0.560333
0.560333
0.565658
0.565658
0.567674
0.567674
0.583369
0.593665
0.595886
0.599202
0.599202
0.602184
0.602184
0.605062
0.605062
0.609965
0.631662
0.640693
0.640942
0.640942
0.645428
0.650718
0.650718
0.65539
0.65539
0.662529
0.662529
0.684215
0.693922
0.693922
0.694522
0.694522
0.699877
0.706976
0.707627
0.707627
0.708453
0.740967
0.741891
0.741891
0.758894
0.7603
0.7603
0.77227
0.773708
0.788537
0.793103
0.80486
0.807448
0.80833
0.818312
0.822185
0.833775
0.846904
0.85
0.851216
0.852839
0.877782
0.879918
0.88578
0.893168
0.898607
0.898607
0.902939
0.903708
0.909743
0.921683
0.922609
0.922609
0.933475
0.933789
0.938706
0.95834
1.00545
1.00758
1.02033
1.04766
1.04867
1.05452
1.06749
1.07401
1.07668
1.0777
1.08734
1.0999
1.10468
1.1452
1.1452
1.17241
1.17241
1.18528
1.18835
1.18835
1.21935
1.31498
1.31498
1.3156
1.39491
1.4485
1.45024
1.48229
1.48559
1.51149
1.51149
1.51671
1.59882
1.78655
1.95324
1.96609
1.96609
2.70252
2.94321
