0.69
0.75
0.77
0.86
1.06
1.21
1.35
1.41
1.42
1.47
1.5
1.62
1.65
1.71
1.74
1.81
1.9
1.95
1.99
2.01
2.05
2.11
2.14
2.15
2.17
2.21
2.23
2.24
2.28
2.3
2.32
2.36
2.37
2.39
2.41
2.43
2.45
2.47
2.47
2.48
2.5
2.53
2.53
2.53
2.54
2.57
2.59
2.64
2.67
2.7
2.75
2.78
2.82
2.86
2.88
2.89
2.9
2.93
2.98
2.99
3.01
3.03
3.04
3.05
3.09
3.11
3.15
3.17
3.18
3.2
3.24
3.25
3.27
3.29
3.3
3.31
3.32
3.33
3.34
3.35
3.36
3.37
3.38
3.41
3.41
3.42
3.42
3.44
3.47
3.48
3.5
3.54
3.58
3.62
3.66
3.71
3.76
3.81
3.86
3.87
3.89
3.95
3.97
3.99
4.01
4.03
4.06
4.08
4.09
4.11
4.13
4.14
4.15
4.18
4.21
4.26
4.27
4.29
4.34
4.34
4.36
4.37
4.38
4.4
4.41
4.41
4.42
4.42
4.44
4.45
4.47
4.48
4.49
4.52
4.56
4.58
4.61
4.66
4.73
4.79
4.83
4.88
4.94
4.99
5.03
5.04
5.07
5.1
5.19
5.25
5.28
5.28
5.29
5.29
5.31
5.32
5.35
5.37
5.38
5.41
5.49
5.57
5.66
5.78
5.87
5.96
6
6.03
6.08
6.12
6.17
6.29
6.5
6.67
6.74
6.82
6.86
7.04
7.22
7.44
7.55
7.72
7.91
8.11
8.42
8.79
9.7
10.63
11.38
12.14
12.95
13.4
14.06
15.02
16.02
17.02
17.81
18.74
20.35
23.05
