0.163259
0.163259
0.177264
0.177264
0.193633
0.193633
0.210349
0.210349
0.224538
0.224577
0.238502
0.23855
0.250148
0.25073
0.26167
0.262827
0.269749
0.271519
0.280179
0.281827
0.289798
0.292138
0.299759
0.301356
0.305908
0.307244
0.312028
0.314859
0.319123
0.321754
0.32592
0.329635
0.334424
0.337834
0.343715
0.347757
0.352531
0.356665
0.363436
0.367746
0.372857
0.376434
0.381477
0.384566
0.390023
0.39307
0.39815
0.40275
0.40708
0.41044
0.414967
0.419229
0.422557
0.426472
0.429942
0.433827
0.437545
0.441929
0.445537
0.450015
0.453988
0.458311
0.46253
0.466609
0.470449
0.473181
0.477826
0.481821
0.485311
0.488252
0.492106
0.49573
0.498762
0.50305
0.507879
0.512488
0.516616
0.521093
0.524293
0.529138
0.532892
0.536939
0.541179
0.545937
0.549087
0.553128
0.557234
0.560127
0.564365
0.569906
0.574344
0.579491
0.584105
0.589853
0.59447
0.599855
0.603099
0.6068
0.610371
0.614926
0.61999
0.624921
0.629982
0.635395
0.638973
0.644266
0.649554
0.655248
0.660125
0.66479
0.66973
0.675561
0.681835
0.686789
0.695605
0.703636
0.709398
0.715107
0.721064
0.727586
0.735662
0.742836
0.749053
0.75625
0.764237
0.772029
0.777812
0.786151
0.794391
0.802629
0.810353
0.817604
0.825488
0.833205
0.839294
0.844547
0.850464
0.859311
0.866723
0.873946
0.881341
0.891881
0.899734
0.909427
0.918739
0.931701
0.94346
0.954102
0.965356
0.976229
0.985579
0.995197
1.00488
1.01467
1.02329
1.03254
1.0413
1.04993
1.05702
1.06422
1.07132
1.07697
1.08452
1.09094
1.09915
1.1072
1.11515
1.1234
1.12979
1.13767
1.14708
1.15517
1.16644
1.17956
1.18789
1.20318
1.21733
1.23153
1.24738
1.26598
1.28219
1.29989
1.32141
1.34765
1.37777
1.4092
1.43432
1.46723
1.4924
1.52416
1.55482
1.5799
1.61681
1.65806
1.74528
1.83656
1.94696
2.21584
2.44997
2.92658
