0.163242
0.163242
0.179995
0.179995
0.195564
0.195564
0.210704
0.210704
0.222753
0.222753
0.234732
0.234962
0.246535
0.246941
0.258205
0.258785
0.271175
0.272136
0.280979
0.28254
0.291735
0.294836
0.303595
0.306061
0.313307
0.315933
0.321996
0.324285
0.33179
0.333643
0.340153
0.341853
0.348443
0.351788
0.357705
0.362539
0.366805
0.37167
0.377287
0.382417
0.386308
0.391913
0.395588
0.398595
0.402678
0.405052
0.408446
0.411919
0.415904
0.419061
0.422908
0.426202
0.430361
0.433428
0.437735
0.442289
0.446587
0.450106
0.452675
0.456224
0.459236
0.463835
0.467812
0.471404
0.475197
0.479067
0.484158
0.487749
0.491917
0.496413
0.499741
0.503648
0.508804
0.513327
0.517439
0.521643
0.526061
0.529459
0.534262
0.53797
0.542456
0.546673
0.550775
0.554263
0.558612
0.563371
0.56817
0.572333
0.576973
0.581499
0.585729
0.59054
0.59417
0.599094
0.603527
0.608226
0.613932
0.618645
0.622231
0.626635
0.632301
0.636706
0.642727
0.646154
0.650703
0.655457
0.660264
0.66453
0.669918
0.675613
0.681389
0.686662
0.69156
0.697311
0.703098
0.708748
0.713483
0.720653
0.728546
0.735415
0.741331
0.747414
0.753107
0.759268
0.764249
0.771003
0.776147
0.781902
0.788246
0.793535
0.798908
0.806098
0.811373
0.817454
0.823834
0.830903
0.838801
0.846187
0.852456
0.859514
0.865705
0.873502
0.879935
0.88602
0.89252
0.900618
0.907767
0.915679
0.923313
0.931335
0.938527
0.946233
0.953461
0.962061
0.970498
0.977599
0.986046
0.994523
1.00322
1.01091
1.02184
1.03129
1.04085
1.05094
1.05927
1.06856
1.07761
1.08673
1.09652
1.10479
1.11445
1.12563
1.14251
1.15436
1.17338
1.18739
1.2035
1.22116
1.23902
1.25947
1.27928
1.30805
1.33019
1.35193
1.37579
1.40298
1.43147
1.45743
1.48411
1.51274
1.53585
1.5698
1.60421
1.65206
1.76877
1.83302
1.86002
2.14908
2.62895
2.84867
