0.15553
0.15553
0.162073
0.162532
0.170576
0.171339
0.180829
0.181707
0.191107
0.191979
0.198498
0.199666
0.208287
0.209669
0.216772
0.218613
0.224558
0.227829
0.232475
0.236086
0.240433
0.24395
0.249482
0.251925
0.256195
0.259108
0.262531
0.265312
0.268943
0.271601
0.275295
0.27824
0.281631
0.284285
0.288547
0.291267
0.294148
0.297185
0.300107
0.302511
0.305537
0.308423
0.311894
0.314219
0.31681
0.319416
0.322976
0.325287
0.328497
0.331095
0.334705
0.336744
0.339116
0.341226
0.344442
0.346773
0.34905
0.351735
0.35351
0.356169
0.358458
0.360757
0.362575
0.364443
0.366346
0.36976
0.371792
0.375336
0.377173
0.379349
0.381679
0.384044
0.386178
0.388507
0.390466
0.392794
0.395212
0.39709
0.399935
0.401987
0.403883
0.406442
0.408159
0.410192
0.411744
0.414086
0.415901
0.418357
0.420253
0.422285
0.424616
0.42632
0.428533
0.430892
0.432993
0.435349
0.43732
0.439774
0.442382
0.444518
0.446849
0.448584
0.450809
0.452542
0.454715
0.456852
0.459068
0.460845
0.462898
0.465256
0.467524
0.470881
0.473521
0.476005
0.478286
0.480756
0.483395
0.485712
0.487787
0.490858
0.493356
0.496172
0.498747
0.501611
0.504246
0.507085
0.510146
0.51342
0.516114
0.518414
0.521598
0.524052
0.526468
0.529282
0.532184
0.534573
0.536807
0.539934
0.542555
0.545387
0.548366
0.551763
0.554357
0.556861
0.560417
0.563417
0.566202
0.568779
0.571849
0.574937
0.578284
0.580827
0.583596
0.586329
0.589352
0.59225
0.594533
0.597704
0.599973
0.603106
0.605164
0.607803
0.610138
0.612896
0.615476
0.617953
0.620272
0.622911
0.625171
0.627481
0.629951
0.632393
0.63506
0.63737
0.640191
0.642549
0.64602
0.648914
0.651951
0.654599
0.657416
0.660841
0.663799
0.667072
0.66879
0.672368
0.675577
0.678086
0.681398
0.684416
0.688191
0.691336
0.694772
0.698049
0.701144
0.703807
0.707426
0.710594
0.714095
0.71727
0.721284
0.724432
0.727946
0.730926
0.734178
0.73763
0.740414
0.744099
0.747292
0.749972
0.752632
0.755798
0.758945
0.762328
0.766066
0.769055
0.772753
0.776631
0.780629
0.784577
0.789352
0.792818
0.796526
0.800127
0.804123
0.80805
0.813294
0.818045
0.822595
0.826741
0.831102
0.835764
0.839517
0.845653
0.850228
0.855562
0.860948
0.865154
0.869439
0.874194
0.879825
0.885976
0.891024
0.896592
0.902273
0.909307
0.914595
0.920642
0.926979
0.932597
0.938004
0.942726
0.948227
0.954257
0.959765
0.965499
0.971082
0.977263
0.982254
0.98902
0.995926
1.00285
1.00791
1.01336
1.01972
1.0248
1.03301
1.03974
1.0473
1.0561
1.06119
1.06696
1.07377
1.0807
1.08854
1.09492
1.10236
1.11057
1.1181
1.12597
1.13459
1.14408
1.15643
1.16588
1.17716
1.19628
1.21101
1.23026
1.2496
1.27941
1.30717
1.32458
1.35159
1.37262
1.39661
1.42445
1.46726
1.54086
1.6984
2.26844
