0
0
0
0
0
0
0
0
0
0
0
0
0
0
0
0
0
0
0
0
0
0
0
0
0
0
0
0
0
0
0
0
0
0
0
0.01
0.01
0.02
0.03
0.04
0.04
0.06
0.06
0.06
0.07
0.07
0.07
0.07
0.07
0.07
0.07
0.08
0.08
0.08
0.08
0.08
0.08
0.08
0.09
0.09
0.09
0.09
0.09
0.09
0.09
0.09
0.1
0.1
0.11
0.12
0.12
0.12
0.12
0.12
0.12
0.12
0.12
0.12
0.12
0.13
0.13
0.13
0.13
0.13
0.13
0.14
0.14
0.14
0.15
0.15
0.16
0.17
0.17
0.17
0.18
0.18
0.18
0.2
0.2
0.22
0.22
0.22
0.22
0.22
0.22
0.23
0.26
0.27
0.28
0.29
0.31
0.34
0.34
0.34
0.34
0.34
0.36
0.37
0.37
0.39
0.4
0.41
0.41
0.42
0.42
0.42
0.42
0.42
0.42
0.42
0.43
0.45
0.45
0.45
0.45
0.45
0.45
0.48
0.5
0.51
0.53
0.54
0.56
0.57
0.59
0.6
0.63
0.64
0.65
0.65
0.65
0.65
0.67
0.67
0.69
0.69
0.69
0.69
0.69
0.71
0.71
0.72
0.73
0.76
0.8
0.8
0.81
0.82
0.84
0.85
0.87
0.89
0.95
0.97
1.01
1.01
1.02
1.06
1.08
1.12
1.15
1.17
1.17
1.18
1.19
1.19
1.2
1.2
1.24
1.25
1.29
1.33
1.35
1.37
1.39
1.41
1.42
1.43
1.44
1.45
1.46
1.47
1.52
1.56
1.6
1.62
1.63
1.67
1.7
1.73
1.73
1.76
1.78
1.84
1.87
1.88
1.92
1.98
1.99
2.02
2.05
2.07
2.09
2.11
2.12
2.13
2.13
2.17
2.18
2.2
2.23
2.25
2.29
2.31
2.35
2.41
2.46
2.51
2.55
2.56
2.56
2.61
2.65
2.7
2.71
2.73
2.74
2.77
2.81
2.85
2.89
2.93
2.99
3
3.1
3.15
3.24
3.27
3.29
3.33
3.38
3.41
3.46
3.51
3.57
3.63
3.68
3.71
3.76
3.82
3.92
4.04
4.14
4.17
4.21
4.27
4.37
4.45
4.55
4.68
4.72
4.84
5
5.13
5.26
5.42
5.53
5.73
5.94
6.21
6.44
6.56
6.97
7.41
7.87
8.29
9
9.65
10.54
12.63
