0.77
1.02
1.07
1.18
1.27
1.41
1.43
1.45
1.46
1.47
1.51
1.58
1.64
1.66
1.76
1.81
1.84
1.86
1.89
1.9
1.92
1.92
1.92
1.92
1.93
1.95
1.99
2.02
2.07
2.09
2.14
2.18
2.24
2.25
2.27
2.3
2.32
2.32
2.32
2.33
2.35
2.37
2.38
2.4
2.41
2.41
2.42
2.44
2.45
2.47
2.48
2.48
2.49
2.51
2.53
2.53
2.54
2.55
2.59
2.62
2.64
2.69
2.75
2.76
2.76
2.79
2.82
2.83
2.85
2.86
2.89
2.91
2.91
2.93
2.94
2.95
2.96
2.96
2.98
3
3.01
3.05
3.05
3.07
3.09
3.11
3.14
3.16
3.19
3.2
3.22
3.25
3.27
3.27
3.29
3.29
3.29
3.3
3.31
3.31
3.32
3.33
3.34
3.34
3.34
3.35
3.37
3.38
3.39
3.4
3.43
3.43
3.45
3.46
3.48
3.49
3.5
3.52
3.53
3.54
3.57
3.57
3.63
3.63
3.65
3.67
3.68
3.7
3.71
3.74
3.74
3.74
3.76
3.79
3.81
3.83
3.84
3.85
3.86
3.86
3.86
3.87
3.88
3.88
3.88
3.92
3.95
3.97
3.99
4.04
4.04
4.04
4.05
4.06
4.07
4.09
4.09
4.11
4.13
4.15
4.15
4.16
4.18
4.19
4.19
4.19
4.24
4.24
4.25
4.27
4.31
4.33
4.35
4.36
4.36
4.36
4.39
4.41
4.43
4.46
4.49
4.5
4.51
4.51
4.55
4.56
4.59
4.61
4.64
4.67
4.7
4.7
4.71
4.72
4.74
4.77
4.81
4.82
4.86
4.91
4.94
4.94
4.96
4.99
4.99
5
5.01
5.02
5.03
5.06
5.08
5.09
5.12
5.14
5.14
5.14
5.14
5.16
5.2
5.23
5.24
5.29
5.34
5.38
5.43
5.43
5.46
5.47
5.49
5.53
5.57
5.59
5.61
5.63
5.67
5.72
5.76
5.82
5.86
5.88
5.89
5.93
5.93
5.94
6
6.05
6.1
6.13
6.2
6.26
6.32
6.34
6.39
6.45
6.5
6.56
6.61
6.62
6.67
6.71
6.78
6.85
6.94
7.02
7.07
7.16
7.25
7.39
7.54
7.64
7.78
7.88
8.09
8.3
8.58
8.75
8.89
9.09
9.33
9.51
9.75
10.15
10.43
10.78
11.08
11.68
12.11
12.76
13.42
14.31
15.04
16.09
16.89
17.64
18.29
19.61
21.1
23.77
28.97
33.11
