0.153646
0.153646
0.159156
0.159156
0.166219
0.166255
0.173311
0.173934
0.180871
0.181282
0.186808
0.18721
0.193403
0.194416
0.199676
0.201263
0.207324
0.208769
0.214705
0.215837
0.221011
0.222222
0.228537
0.229499
0.236692
0.237201
0.243712
0.244855
0.249681
0.251202
0.255369
0.258047
0.261578
0.263785
0.266399
0.268628
0.271458
0.274941
0.277289
0.281353
0.284017
0.286693
0.289223
0.292356
0.295188
0.297939
0.301038
0.304089
0.306773
0.309916
0.312844
0.315707
0.318344
0.321402
0.324685
0.327568
0.330252
0.332798
0.335201
0.337378
0.339974
0.341564
0.344239
0.346629
0.348338
0.350745
0.352822
0.356145
0.358739
0.360772
0.363177
0.36558
0.367908
0.370399
0.372411
0.374404
0.377362
0.379399
0.381934
0.384008
0.386133
0.388515
0.39166
0.394108
0.396828
0.399544
0.402281
0.404191
0.407551
0.409778
0.413233
0.415418
0.418477
0.420475
0.423325
0.426415
0.429887
0.431785
0.434374
0.436946
0.43937
0.441992
0.445297
0.447828
0.450865
0.45399
0.456768
0.458871
0.462217
0.465137
0.4682
0.471237
0.474786
0.478298
0.481519
0.48356
0.486251
0.489503
0.491893
0.494916
0.498665
0.501348
0.504558
0.507519
0.51034
0.51464
0.517533
0.520247
0.523186
0.525651
0.528262
0.530875
0.533481
0.536105
0.538324
0.540894
0.543035
0.545533
0.548651
0.550788
0.553753
0.55679
0.559955
0.563383
0.565988
0.569106
0.571581
0.574493
0.57791
0.58074
0.583459
0.586395
0.589907
0.593007
0.595602
0.598928
0.601686
0.604841
0.608059
0.611191
0.614093
0.616816
0.619785
0.622685
0.625648
0.628886
0.631532
0.633663
0.637154
0.639464
0.642134
0.644513
0.647433
0.65024
0.653705
0.656138
0.65969
0.66294
0.666434
0.669303
0.672655
0.676003
0.679562
0.682506
0.685365
0.68876
0.692241
0.695328
0.698298
0.701742
0.705809
0.70845
0.711591
0.714852
0.717931
0.721254
0.724314
0.72759
0.730998
0.734136
0.736969
0.740064
0.743334
0.746662
0.751531
0.75545
0.758945
0.762625
0.76571
0.769092
0.772897
0.776829
0.780382
0.784333
0.788191
0.79204
0.795573
0.799562
0.803561
0.807919
0.811928
0.815975
0.820447
0.82426
0.828278
0.832655
0.837351
0.84149
0.846004
0.850046
0.853224
0.857022
0.860412
0.863402
0.867544
0.871189
0.875434
0.878928
0.882847
0.88734
0.891097
0.895361
0.90025
0.904973
0.909546
0.914707
0.921503
0.927348
0.933077
0.938236
0.943542
0.949602
0.956011
0.962694
0.97047
0.977406
0.986496
0.99265
0.998374
1.0042
1.00991
1.01641
1.02424
1.03174
1.03808
1.04492
1.05113
1.05561
1.06046
1.06519
1.06897
1.07407
1.07996
1.08661
1.09213
1.10057
1.1077
1.11771
1.12533
1.13491
1.14345
1.1531
1.16317
1.17332
1.18443
1.202
1.21691
1.23274
1.24891
1.27329
1.29353
1.3278
1.36345
1.41462
1.44622
1.50649
1.57014
1.64622
1.7549
2.25327
