0.189737
0.189737
0.22819
0.22819
0.26621
0.26621
0.297303
0.297303
0.326866
0.326866
0.348556
0.348556
0.374005
0.376223
0.394699
0.397181
0.413934
0.418021
0.435686
0.444556
0.450182
0.460786
0.465661
0.478432
0.483156
0.497018
0.501668
0.51588
0.526175
0.539085
0.543569
0.553945
0.56032
0.573186
0.580305
0.59604
0.6104
0.624281
0.645677
0.662934
0.676339
0.694614
0.701499
0.720178
0.724334
0.747421
0.754245
0.776439
0.785928
0.800978
0.811878
0.830166
0.839724
0.852751
0.865432
0.882014
0.892064
0.911462
0.927881
0.937205
0.951776
0.969238
0.980973
0.99125
0.999634
1.01182
1.02421
1.03652
1.05302
1.07626
1.09467
1.11122
1.1266
1.13888
1.15365
1.16521
1.17668
1.18982
1.20245
1.21652
1.23315
1.24396
1.25783
1.28968
1.31611
1.35368
1.39119
1.43707
1.48821
1.57459
1.63245
1.71876
1.77246
1.81517
1.8575
1.93555
2.02978
2.12086
2.48978
3.06867
