0.328
0.328
0.328
0.328
0.328
0.329
0.329
0.331
0.332
0.333
0.334
0.335
0.337
0.339
0.34
0.343
0.344
0.355
0.364
0.37
0.385
0.398
0.405
0.41
0.419
0.427
0.437
0.454
0.464
0.475
0.486
0.497
0.509
0.525
0.538
0.546
0.559
0.572
0.588
0.598
0.614
0.634
0.644
0.657
0.681
0.7
0.721
0.742
0.754
0.767
0.793
0.814
0.834
0.853
0.874
0.904
0.921
0.957
0.983
1.014
1.039
1.08
1.107
1.141
1.174
1.203
1.238
1.273
1.305
1.338
1.371
1.406
1.434
1.476
1.512
1.549
1.599
1.643
1.693
1.754
1.817
1.881
1.946
2.024
2.095
2.184
2.303
2.451
2.585
2.807
2.953
3.11
3.267
3.489
3.676
3.802
3.941
4.016
4.538
5.468
