0.235145
0.235145
0.343174
0.343174
0.379727
0.379727
0.388977
0.388977
0.409886
0.409886
0.438902
0.438902
0.447678
0.447678
0.46108
0.46108
0.484723
0.484723
0.504069
0.504069
0.509385
0.509385
0.545026
0.545026
0.550303
0.550303
0.587089
0.587089
0.588679
0.588679
0.60686
0.622761
0.622761
0.629118
0.629118
0.641771
0.641771
0.646507
0.646507
0.651463
0.697023
0.699119
0.733188
0.733188
0.739895
0.785074
0.809208
0.809208
0.811265
0.811265
0.816848
0.816848
0.925177
0.925919
0.930426
0.957132
0.962494
0.962494
0.963524
1.06875
1.0768
1.0768
1.08801
1.09573
1.09573
1.10617
1.14968
1.18156
1.18235
1.18235
1.18422
1.19803
1.19803
1.21553
1.22136
1.23235
1.24226
1.24226
1.26416
1.26416
1.27418
1.27418
1.27686
1.27686
1.28417
1.32694
1.34209
1.34833
1.39011
1.40351
1.55471
1.66787
1.70826
1.73965
1.99441
1.99441
2.19023
2.69703
2.84799
3.04809
