0.188971
0.188971
0.260826
0.260826
0.298752
0.298752
0.332041
0.332207
0.35908
0.35919
0.377827
0.378906
0.396091
0.397497
0.412342
0.41434
0.426246
0.428989
0.441112
0.44601
0.458136
0.463822
0.473721
0.480117
0.491371
0.498431
0.508395
0.522562
0.535365
0.544548
0.556309
0.565993
0.578376
0.590961
0.603585
0.613308
0.626451
0.636214
0.651495
0.658722
0.6709
0.680015
0.694238
0.705039
0.720687
0.731238
0.748632
0.763285
0.780016
0.796966
0.811989
0.824984
0.839089
0.855242
0.867839
0.88039
0.894376
0.909889
0.924146
0.952451
0.97503
0.990118
1.00758
1.02564
1.03955
1.04889
1.06084
1.07454
1.08652
1.09811
1.11271
1.12484
1.13554
1.1479
1.16353
1.17655
1.1868
1.19972
1.213
1.22146
1.23642
1.24963
1.26928
1.29665
1.32226
1.37969
1.42484
1.4798
1.51949
1.56242
1.60396
1.66109
1.73408
1.83153
1.9175
1.98024
2.07691
2.37161
2.57956
3.14459
