0.224999
0.224999
0.255238
0.255238
0.307965
0.307965
0.309442
0.309442
0.356899
0.356899
0.364921
0.364921
0.379468
0.379468
0.391467
0.391467
0.410165
0.410165
0.427516
0.427516
0.430698
0.430698
0.441876
0.441876
0.455415
0.458922
0.458922
0.500294
0.525686
0.525686
0.549846
0.549846
0.564952
0.564952
0.577146
0.577146
0.592061
0.592061
0.676856
0.676856
0.718086
0.718086
0.722722
0.722722
0.737985
0.753821
0.76729
0.76729
0.789219
0.789219
0.800963
0.840226
0.840226
0.845896
0.845896
0.865906
0.867138
0.867138
0.904448
0.931958
0.951976
0.984361
0.988091
1.00119
1.02569
1.02569
1.03111
1.04263
1.04667
1.09579
1.10177
1.11146
1.11871
1.14126
1.14126
1.17174
1.1746
1.18768
1.22136
1.23189
1.23189
1.23235
1.24226
1.24226
1.27418
1.27418
1.34209
1.38292
1.41362
1.70826
1.77979
1.82212
1.94004
1.94004
1.96784
1.99441
2.04286
2.19017
2.39375
3.0404
