0.163171
0.163171
0.185634
0.185738
0.2049
0.205485
0.227477
0.231371
0.251154
0.262101
0.279013
0.286757
0.304692
0.310304
0.322124
0.325189
0.33191
0.338382
0.344745
0.348976
0.355059
0.35873
0.36498
0.370087
0.377718
0.382803
0.38893
0.392237
0.400836
0.404131
0.411019
0.413332
0.41954
0.42315
0.427436
0.429779
0.434994
0.437546
0.44304
0.44591
0.450508
0.453681
0.457887
0.461456
0.465903
0.470143
0.473835
0.478449
0.482762
0.487572
0.490387
0.49522
0.497831
0.502965
0.506357
0.509874
0.514532
0.518016
0.521027
0.524025
0.527631
0.531182
0.53399
0.538388
0.542793
0.547141
0.551125
0.554928
0.558392
0.561363
0.566005
0.569133
0.5731
0.576258
0.579954
0.583951
0.587075
0.590427
0.593356
0.59689
0.599855
0.603908
0.60668
0.609411
0.612479
0.615521
0.619045
0.621487
0.624322
0.627564
0.631043
0.635383
0.639863
0.644136
0.64895
0.653057
0.65897
0.665521
0.669523
0.67393
0.67768
0.68352
0.688527
0.693157
0.698135
0.702056
0.706856
0.712191
0.717361
0.721155
0.726812
0.731114
0.735847
0.739985
0.744734
0.748129
0.752504
0.757754
0.763188
0.767866
0.772277
0.777418
0.781842
0.785906
0.791593
0.796463
0.801018
0.805971
0.810891
0.814634
0.818851
0.824289
0.829693
0.83436
0.839405
0.844552
0.849782
0.85406
0.859171
0.864115
0.868752
0.874111
0.88162
0.888491
0.896902
0.903546
0.911931
0.919739
0.92682
0.936355
0.944825
0.953762
0.962453
0.969294
0.977335
0.985374
0.995019
1.00309
1.01171
1.0203
1.0287
1.03747
1.04542
1.05513
1.06606
1.07489
1.08247
1.09378
1.10568
1.11834
1.13149
1.1476
1.15909
1.17523
1.18749
1.20192
1.21667
1.23115
1.2487
1.26367
1.28539
1.30318
1.32071
1.34079
1.35668
1.37604
1.39931
1.42068
1.45318
1.48353
1.52257
1.5709
1.61058
1.67892
1.76884
1.91269
2.01735
2.13224
2.17216
2.40792
