0.67
0.79
0.8
0.83
0.84
0.85
0.85
0.88
0.9
0.9
0.9
0.9
0.91
0.91
0.91
0.92
0.95
0.98
1.04
1.11
1.14
1.22
1.28
1.39
1.55
1.63
1.68
1.7
1.71
1.71
1.71
1.72
1.72
1.74
1.74
1.74
1.75
1.77
1.77
1.77
1.81
1.83
1.84
1.84
1.87
1.91
1.96
2.03
2.08
2.14
2.22
2.28
2.34
2.4
2.45
2.51
2.52
2.52
2.53
2.54
2.56
2.57
2.58
2.58
2.59
2.61
2.61
2.61
2.61
2.62
2.63
2.67
2.68
2.71
2.72
2.73
2.74
2.79
2.8
2.83
2.88
2.89
2.92
2.94
2.96
2.99
3.01
3.06
3.1
3.12
3.15
3.21
3.24
3.25
3.25
3.26
3.27
3.28
3.3
3.34
3.34
3.35
3.36
3.38
3.39
3.41
3.41
3.42
3.44
3.44
3.44
3.45
3.47
3.47
3.48
3.48
3.49
3.51
3.52
3.54
3.56
3.59
3.62
3.63
3.64
3.69
3.74
3.77
3.79
3.84
3.87
3.89
3.93
3.95
3.99
4.05
4.07
4.13
4.15
4.17
4.19
4.23
4.24
4.26
4.27
4.29
4.33
4.35
4.37
4.39
4.4
4.41
4.43
4.44
4.45
4.48
4.54
4.55
4.61
4.62
4.67
4.71
4.79
4.82
4.84
4.91
4.93
5.02
5.09
5.16
5.21
5.24
5.28
5.38
5.4
5.45
5.5
5.55
5.56
5.64
5.72
5.89
6.01
6.14
6.39
6.55
6.76
7.03
7.36
7.76
8.22
9.04
10.08
11.14
12.15
12.77
13.57
16.66
19.13
23.01
