0.16505
0.16505
0.242426
0.242426
0.260798
0.260798
0.269786
0.269786
0.292819
0.309442
0.309442
0.316142
0.337867
0.337867
0.35357
0.35357
0.357674
0.366446
0.366446
0.366862
0.366862
0.367415
0.367415
0.371604
0.371604
0.388803
0.388803
0.391092
0.391092
0.425032
0.425032
0.430581
0.430581
0.434368
0.442306
0.442306
0.446474
0.446474
0.456519
0.462422
0.462422
0.469129
0.469129
0.481529
0.481529
0.482187
0.482187
0.483145
0.483145
0.483639
0.490924
0.490924
0.501061
0.501061
0.50407
0.50407
0.510823
0.511699
0.511699
0.519264
0.524055
0.525229
0.525229
0.53491
0.53491
0.551143
0.551143
0.562271
0.562271
0.572649
0.572649
0.573424
0.573424
0.579007
0.579007
0.581313
0.581313
0.582797
0.587988
0.590133
0.590152
0.590152
0.592061
0.592061
0.595899
0.595899
0.605408
0.608228
0.613269
0.613269
0.62212
0.62212
0.62313
0.62313
0.634071
0.640372
0.661834
0.661834
0.663125
0.664866
0.664866
0.676897
0.681308
0.681308
0.688964
0.688964
0.690885
0.690885
0.704764
0.713039
0.715882
0.721847
0.724075
0.724075
0.731998
0.731998
0.736805
0.73808
0.739243
0.74584
0.74584
0.757855
0.761715
0.7627
0.788449
0.798645
0.810253
0.812155
0.812155
0.816653
0.820483
0.825529
0.825529
0.837695
0.850784
0.865369
0.865369
0.88194
0.888068
0.888128
0.891762
0.891783
0.892361
0.907756
0.911918
0.916618
0.920065
0.920065
0.921119
0.927387
0.927387
0.950103
0.95358
0.960804
0.968496
0.970296
0.976636
0.984976
0.984976
1.00352
1.01359
1.01917
1.02337
1.05663
1.06206
1.06206
1.08333
1.09935
1.10908
1.13842
1.13992
1.13992
1.14555
1.17295
1.1885
1.1885
1.20054
1.24226
1.24226
1.2446
1.2446
1.2702
1.2819
1.3026
1.30332
1.30332
1.3082
1.35844
1.41432
1.43673
1.46447
1.55079
1.60853
1.68148
1.84347
1.92786
1.99441
2.10358
2.16528
2.45512
