0.328
0.328
0.328
0.328
0.329
0.33
0.33
0.332
0.332
0.332
0.332
0.334
0.334
0.334
0.335
0.336
0.336
0.336
0.336
0.336
0.336
0.338
0.338
0.34
0.34
0.34
0.34
0.34
0.34
0.342
0.343
0.343
0.344
0.345
0.345
0.345
0.345
0.345
0.345
0.345
0.347
0.347
0.348
0.349
0.35
0.35
0.35
0.351
0.352
0.353
0.353
0.354
0.354
0.356
0.357
0.357
0.359
0.359
0.36
0.361
0.362
0.365
0.367
0.367
0.368
0.368
0.37
0.371
0.371
0.372
0.374
0.377
0.378
0.382
0.387
0.392
0.393
0.393
0.394
0.399
0.402
0.407
0.41
0.412
0.417
0.424
0.43
0.434
0.435
0.442
0.449
0.457
0.464
0.469
0.474
0.481
0.487
0.489
0.491
0.496
0.496
0.501
0.506
0.507
0.51
0.514
0.524
0.531
0.533
0.538
0.543
0.55
0.555
0.563
0.569
0.571
0.575
0.583
0.594
0.6
0.603
0.604
0.608
0.624
0.629
0.633
0.636
0.643
0.65
0.657
0.664
0.672
0.678
0.692
0.706
0.712
0.725
0.734
0.742
0.75
0.754
0.757
0.763
0.767
0.774
0.788
0.8
0.806
0.817
0.817
0.826
0.838
0.844
0.86
0.871
0.894
0.897
0.911
0.918
0.92
0.928
0.936
0.959
0.974
0.975
0.977
0.977
0.994
1.002
1.002
1.002
1.002
1.003
1.004
1.006
1.008
1.01
1.011
1.013
1.013
1.014
1.014
1.015
1.017
1.022
1.025
1.033
1.034
1.045
1.048
1.051
1.06
1.072
1.092
1.113
1.142
1.182
1.241
1.341
1.485
