0.158291
0.158291
0.169584
0.171916
0.183045
0.187924
0.198118
0.203573
0.212319
0.217899
0.228738
0.242228
0.252528
0.265567
0.271061
0.285149
0.290121
0.302667
0.307238
0.316259
0.322964
0.33029
0.334177
0.34244
0.346566
0.351452
0.355681
0.360009
0.364289
0.367734
0.372373
0.376376
0.380041
0.383361
0.38719
0.390834
0.394361
0.398177
0.401611
0.404805
0.409521
0.412431
0.414654
0.417395
0.420358
0.42364
0.425616
0.429263
0.431488
0.434967
0.437294
0.440095
0.442436
0.4445
0.447284
0.449615
0.452629
0.454894
0.457188
0.459462
0.462788
0.466288
0.469122
0.472459
0.474919
0.477927
0.48132
0.484794
0.488208
0.492198
0.494698
0.498987
0.502183
0.5051
0.509818
0.513042
0.516567
0.519813
0.523985
0.526592
0.530632
0.53407
0.538418
0.541536
0.546907
0.550607
0.55615
0.561032
0.566488
0.572028
0.575396
0.580516
0.586307
0.592142
0.596584
0.601964
0.606918
0.612243
0.617418
0.621522
0.626542
0.630622
0.635224
0.64078
0.645883
0.648876
0.653034
0.657695
0.662184
0.667086
0.671447
0.676572
0.680494
0.68483
0.688799
0.694807
0.700808
0.70641
0.710337
0.716372
0.722254
0.727993
0.733449
0.739672
0.744719
0.750316
0.758056
0.764427
0.771427
0.778668
0.78405
0.789639
0.797978
0.803851
0.810156
0.817152
0.82547
0.833537
0.840418
0.847192
0.855625
0.862411
0.869833
0.88154
0.889701
0.896339
0.905248
0.913913
0.922066
0.934461
0.945798
0.957535
0.971977
0.98523
0.996215
1.00759
1.01876
1.03381
1.04475
1.05497
1.06716
1.07761
1.08823
1.09646
1.1056
1.11461
1.12357
1.13213
1.14072
1.15118
1.15969
1.17141
1.1807
1.19331
1.2041
1.21501
1.23053
1.24083
1.2494
1.26347
1.28011
1.30344
1.32677
1.35393
1.37744
1.39911
1.42659
1.44182
1.46364
1.49395
1.5331
1.567
1.60534
1.64551
1.69889
1.90344
2.06408
2.16565
2.32186
2.46394
