0
0
0
0
0
0
0
0
0
0
0
0
0
0
0
0
0
0
0
0
0
0
0
0
0
0
0
0
0
0.01
0.01
0.01
0.02
0.02
0.03
0.03
0.03
0.03
0.03
0.04
0.05
0.05
0.05
0.05
0.07
0.07
0.07
0.07
0.07
0.07
0.07
0.07
0.08
0.08
0.08
0.08
0.08
0.08
0.08
0.08
0.08
0.09
0.09
0.09
0.09
0.09
0.09
0.11
0.11
0.11
0.11
0.12
0.13
0.14
0.14
0.14
0.15
0.16
0.16
0.16
0.16
0.17
0.17
0.17
0.17
0.18
0.18
0.19
0.2
0.2
0.21
0.21
0.21
0.21
0.21
0.21
0.23
0.24
0.25
0.26
0.26
0.27
0.27
0.28
0.28
0.28
0.28
0.29
0.3
0.3
0.32
0.33
0.34
0.35
0.37
0.37
0.37
0.38
0.39
0.4
0.4
0.4
0.4
0.4
0.4
0.4
0.42
0.42
0.42
0.42
0.43
0.43
0.43
0.43
0.45
0.47
0.47
0.47
0.5
0.51
0.51
0.52
0.53
0.53
0.55
0.57
0.57
0.57
0.58
0.59
0.61
0.61
0.62
0.62
0.62
0.62
0.63
0.65
0.66
0.68
0.68
0.69
0.72
0.76
0.78
0.8
0.82
0.83
0.85
0.85
0.88
0.89
0.93
0.94
0.96
1.01
1.04
1.06
1.09
1.12
1.13
1.14
1.16
1.18
1.19
1.19
1.19
1.21
1.21
1.21
1.21
1.24
1.25
1.26
1.29
1.29
1.32
1.32
1.36
1.4
1.42
1.42
1.44
1.47
1.47
1.48
1.51
1.53
1.55
1.57
1.6
1.61
1.64
1.65
1.67
1.7
1.73
1.75
1.78
1.82
1.84
1.88
1.91
1.92
1.93
1.97
2
2
2.04
2.07
2.09
2.13
2.17
2.2
2.23
2.27
2.28
2.33
2.41
2.48
2.52
2.54
2.63
2.65
2.69
2.74
2.78
2.8
2.83
2.85
2.87
2.92
2.96
2.99
3.07
3.13
3.16
3.22
3.27
3.32
3.39
3.45
3.49
3.59
3.67
3.71
3.77
3.82
3.86
3.97
4.11
4.2
4.29
4.38
4.44
4.52
4.59
4.74
4.87
4.92
5.06
5.18
5.35
5.5
5.62
5.78
5.88
5.99
6.21
6.35
6.57
6.75
6.92
7.12
7.51
7.8
8.28
8.81
9.49
11.03
