0.16129
0.16129
0.172867
0.172867
0.17474
0.17474
0.185511
0.185511
0.196763
0.196763
0.212995
0.212995
0.219677
0.219677
0.220586
0.222097
0.222097
0.233701
0.233701
0.238123
0.238191
0.238191
0.238498
0.238498
0.245859
0.245859
0.251357
0.251357
0.254638
0.254638
0.256115
0.259442
0.259442
0.263924
0.263924
0.271808
0.271808
0.274037
0.274037
0.285407
0.285407
0.288866
0.290848
0.290848
0.294637
0.294637
0.302062
0.306093
0.306093
0.32097
0.32097
0.322583
0.322583
0.324925
0.324925
0.328394
0.329808
0.329808
0.332473
0.332473
0.333746
0.333746
0.337024
0.348619
0.349524
0.355437
0.355437
0.356311
0.356311
0.360634
0.370604
0.370604
0.37306
0.37306
0.377871
0.377871
0.379679
0.380384
0.380384
0.380978
0.380978
0.384118
0.384367
0.384367
0.384388
0.384388
0.384585
0.385345
0.385345
0.387295
0.387295
0.389352
0.389693
0.389693
0.392395
0.392395
0.404065
0.404065
0.410073
0.414967
0.414967
0.418227
0.419913
0.419913
0.420552
0.420552
0.420591
0.420591
0.424618
0.424618
0.425377
0.428469
0.430741
0.430741
0.431133
0.432089
0.432089
0.432526
0.432535
0.437698
0.437698
0.442779
0.442779
0.44514
0.44514
0.445517
0.445517
0.447105
0.448284
0.448284
0.448879
0.448879
0.454564
0.454564
0.456493
0.457925
0.457925
0.46398
0.47161
0.47161
0.472675
0.472675
0.473813
0.478333
0.478333
0.484328
0.486303
0.486303
0.487235
0.491071
0.496392
0.496392
0.497403
0.497403
0.500201
0.500201
0.501643
0.502819
0.502819
0.504589
0.504589
0.506408
0.508792
0.509244
0.509244
0.50978
0.512336
0.512336
0.5148
0.516199
0.516441
0.519382
0.522502
0.524979
0.529013
0.529013
0.530371
0.53397
0.534017
0.534017
0.536719
0.536719
0.538934
0.540087
0.540087
0.541768
0.542389
0.544928
0.56425
0.569614
0.580034
0.584401
0.592693
0.592693
0.595843
0.604447
0.604447
0.608678
0.608678
0.610335
0.610335
0.614842
0.614842
0.618985
0.618985
0.625485
0.625485
0.629063
0.629815
0.63153
0.651424
0.662791
0.662791
0.670828
0.67328
0.679213
0.687269
0.688978
0.690958
0.694463
0.69856
0.703991
0.703991
0.709163
0.709848
0.709848
0.70997
0.722207
0.722881
0.722881
0.727146
0.73209
0.737816
0.737816
0.745009
0.745811
0.774371
0.77986
0.794317
0.803814
0.830452
0.830452
0.83656
0.842305
0.85301
0.860972
0.874699
0.874699
0.880409
0.891203
0.891902
0.898225
0.904824
0.90621
0.906648
0.929168
0.936197
0.936197
0.942859
0.942859
0.95458
0.96501
0.976662
0.976686
0.978666
0.978666
0.995951
1.01613
1.02342
1.06903
1.08668
1.098
1.0997
1.10425
1.12165
1.13783
1.1406
1.1406
1.16003
1.19347
1.21469
1.23232
1.23759
1.24594
1.25174
1.25373
1.25373
1.2636
1.27473
1.32125
1.39171
1.4273
1.43718
1.46699
1.52677
1.53027
1.54855
1.7007
1.91637
2.16667
