0.158003
0.158003
0.166689
0.166689
0.179712
0.179712
0.189653
0.189653
0.200715
0.201356
0.211375
0.212206
0.222469
0.223202
0.229864
0.230886
0.238428
0.2395
0.245724
0.247154
0.251346
0.252688
0.256847
0.258547
0.263294
0.264502
0.267798
0.269928
0.272882
0.274556
0.277183
0.279303
0.282667
0.283872
0.287136
0.288814
0.292155
0.293799
0.297195
0.298161
0.300999
0.301884
0.304925
0.306586
0.309427
0.311524
0.313873
0.315673
0.317748
0.319765
0.321549
0.323925
0.325772
0.328421
0.330574
0.332527
0.334445
0.336969
0.339215
0.341064
0.343236
0.345839
0.347545
0.349623
0.352046
0.354271
0.356229
0.358414
0.360754
0.36261
0.364416
0.366684
0.36855
0.37051
0.3728
0.375352
0.377513
0.379419
0.381464
0.383346
0.385255
0.38743
0.389412
0.391121
0.39319
0.395489
0.397394
0.399289
0.400874
0.402612
0.404471
0.406662
0.4085
0.409966
0.411959
0.413746
0.415456
0.417512
0.419139
0.420645
0.422284
0.424241
0.426368
0.428386
0.430553
0.431973
0.433871
0.435927
0.437278
0.43949
0.441134
0.442952
0.444645
0.446655
0.448647
0.450349
0.452185
0.454034
0.456351
0.458255
0.460154
0.462754
0.465592
0.46747
0.469808
0.472028
0.473988
0.475908
0.477851
0.480419
0.482589
0.485676
0.488564
0.491332
0.493441
0.495962
0.498174
0.500708
0.50266
0.505647
0.5082
0.510607
0.513395
0.516041
0.518916
0.520862
0.524022
0.526665
0.529624
0.531972
0.53496
0.537902
0.540582
0.543342
0.546006
0.549177
0.551991
0.555333
0.558022
0.560631
0.563406
0.566273
0.569607
0.572484
0.575912
0.579084
0.581161
0.584187
0.586933
0.590413
0.592965
0.595335
0.598148
0.60078
0.603105
0.606092
0.608812
0.611496
0.614249
0.616952
0.619965
0.623553
0.626421
0.629252
0.63297
0.636491
0.639812
0.642833
0.646452
0.64942
0.652678
0.655235
0.658376
0.66122
0.664361
0.667016
0.6701
0.672893
0.676073
0.679444
0.682232
0.68465
0.687181
0.690482
0.693237
0.695757
0.69907
0.701974
0.704544
0.708087
0.710884
0.713902
0.717165
0.721441
0.725061
0.728239
0.732039
0.735982
0.741418
0.745328
0.7507
0.754085
0.758936
0.76356
0.767888
0.771872
0.775293
0.779878
0.784546
0.790265
0.796425
0.801679
0.807115
0.813973
0.819954
0.826337
0.831831
0.837794
0.842699
0.848204
0.853659
0.858322
0.863303
0.869618
0.876147
0.880978
0.887794
0.894432
0.900444
0.90573
0.910945
0.916961
0.923775
0.929908
0.935974
0.941356
0.949137
0.955217
0.961456
0.967412
0.973104
0.978901
0.984593
0.989777
0.995707
1.0038
1.01094
1.01856
1.02674
1.03619
1.04566
1.0531
1.06475
1.07603
1.0879
1.09993
1.11591
1.13285
1.15386
1.17731
1.19005
1.20117
1.21131
1.2185
1.22737
1.23536
1.25013
1.27215
1.30011
1.32452
1.3571
1.39287
1.43558
1.47636
1.52382
1.55217
1.5795
1.62913
1.93803
2.06563
