0.67
0.8
0.85
0.96
1.11
1.29
1.37
1.43
1.5
1.54
1.58
1.6
1.6
1.61
1.61
1.62
1.63
1.64
1.66
1.66
1.69
1.7
1.71
1.73
1.76
1.77
1.81
1.87
1.89
1.96
1.99
2.03
2.06
2.07
2.1
2.11
2.13
2.15
2.17
2.19
2.19
2.19
2.2
2.22
2.24
2.27
2.3
2.31
2.33
2.36
2.37
2.4
2.41
2.42
2.43
2.45
2.47
2.48
2.48
2.51
2.52
2.53
2.53
2.55
2.57
2.57
2.58
2.58
2.6
2.65
2.65
2.66
2.69
2.7
2.72
2.74
2.76
2.79
2.8
2.81
2.82
2.84
2.86
2.89
2.9
2.91
2.91
2.91
2.92
2.94
2.94
2.96
3.01
3.02
3.05
3.09
3.13
3.15
3.17
3.19
3.23
3.24
3.24
3.25
3.25
3.27
3.27
3.28
3.29
3.29
3.29
3.29
3.31
3.31
3.33
3.33
3.36
3.36
3.36
3.37
3.38
3.41
3.42
3.42
3.42
3.42
3.44
3.45
3.47
3.49
3.53
3.53
3.53
3.54
3.58
3.6
3.61
3.65
3.67
3.69
3.7
3.74
3.76
3.8
3.85
3.88
3.92
3.93
3.95
3.96
3.98
3.99
4
4.01
4.02
4.03
4.04
4.04
4.05
4.05
4.07
4.09
4.09
4.1
4.1
4.12
4.13
4.13
4.16
4.18
4.21
4.21
4.22
4.23
4.26
4.28
4.29
4.31
4.34
4.34
4.35
4.36
4.39
4.4
4.43
4.45
4.47
4.49
4.52
4.53
4.56
4.58
4.59
4.6
4.63
4.64
4.67
4.68
4.7
4.72
4.74
4.76
4.81
4.82
4.84
4.87
4.88
4.89
4.89
4.89
4.89
4.89
4.9
4.92
4.93
4.95
4.95
4.97
4.97
5
5.01
5.01
5.06
5.09
5.11
5.17
5.19
5.22
5.24
5.28
5.31
5.36
5.41
5.43
5.48
5.48
5.48
5.5
5.5
5.51
5.55
5.56
5.58
5.62
5.69
5.72
5.76
5.79
5.8
5.81
5.87
5.9
5.94
5.95
5.98
6.02
6.06
6.07
6.1
6.16
6.22
6.29
6.32
6.38
6.42
6.49
6.52
6.57
6.59
6.62
6.66
6.74
6.86
6.96
7.03
7.1
7.2
7.25
7.35
7.43
7.62
7.71
7.86
8.18
8.97
9.48
9.99
10.83
11.6
12.88
13.85
14.94
17.56
20.38
22.46
25.02
27.53
29.87
32.97
37.98
