0.328
0.328
0.328
0.328
0.328
0.328
0.328
0.328
0.328
0.328
0.328
0.329
0.33
0.33
0.33
0.331
0.331
0.332
0.332
0.332
0.332
0.332
0.332
0.332
0.333
0.333
0.333
0.335
0.335
0.336
0.337
0.337
0.338
0.338
0.338
0.338
0.339
0.34
0.341
0.341
0.341
0.341
0.342
0.343
0.344
0.344
0.344
0.344
0.344
0.344
0.344
0.344
0.344
0.345
0.347
0.347
0.349
0.35
0.35
0.35
0.351
0.352
0.352
0.352
0.353
0.353
0.353
0.354
0.355
0.357
0.357
0.357
0.357
0.358
0.36
0.36
0.361
0.361
0.362
0.362
0.362
0.363
0.363
0.364
0.365
0.365
0.366
0.366
0.367
0.367
0.368
0.37
0.372
0.372
0.373
0.373
0.375
0.375
0.375
0.376
0.376
0.377
0.379
0.379
0.379
0.382
0.382
0.383
0.386
0.387
0.389
0.392
0.392
0.393
0.393
0.393
0.393
0.393
0.394
0.396
0.397
0.397
0.4
0.403
0.403
0.404
0.404
0.407
0.409
0.413
0.414
0.416
0.417
0.417
0.419
0.42
0.421
0.423
0.425
0.425
0.427
0.428
0.431
0.433
0.435
0.436
0.438
0.44
0.444
0.448
0.449
0.451
0.453
0.457
0.457
0.459
0.462
0.467
0.467
0.468
0.47
0.476
0.477
0.479
0.482
0.486
0.487
0.492
0.498
0.501
0.504
0.507
0.512
0.517
0.521
0.521
0.525
0.531
0.534
0.537
0.538
0.543
0.543
0.551
0.554
0.556
0.561
0.566
0.571
0.575
0.58
0.583
0.584
0.587
0.589
0.596
0.603
0.609
0.614
0.621
0.627
0.634
0.635
0.64
0.645
0.648
0.654
0.658
0.664
0.669
0.673
0.677
0.679
0.681
0.688
0.691
0.698
0.705
0.707
0.714
0.718
0.723
0.727
0.733
0.74
0.744
0.755
0.76
0.763
0.773
0.78
0.787
0.797
0.802
0.803
0.811
0.821
0.826
0.834
0.84
0.847
0.856
0.864
0.876
0.884
0.895
0.907
0.911
0.923
0.931
0.944
0.948
0.952
0.96
0.967
0.974
0.98
0.989
0.995
1.001
1.009
1.017
1.021
1.024
1.029
1.037
1.048
1.052
1.057
1.065
1.07
1.077
1.089
1.101
1.112
1.127
1.136
1.148
1.17
1.184
1.206
1.218
1.232
1.246
1.264
1.28
1.296
1.307
1.327
1.351
1.373
1.406
1.434
1.473
1.517
1.563
1.606
1.655
1.726
1.897
