0.205533
0.205533
0.280323
0.289907
0.352746
0.369209
0.400236
0.41549
0.435743
0.45335
0.467469
0.484904
0.501092
0.508019
0.524241
0.536432
0.549819
0.560106
0.567862
0.5762
0.584936
0.593593
0.60162
0.612212
0.62062
0.62969
0.637621
0.642648
0.651355
0.65804
0.669828
0.681077
0.693201
0.707589
0.720817
0.729326
0.742015
0.751248
0.76744
0.77903
0.788048
0.801121
0.806582
0.82352
0.833446
0.840749
0.848654
0.856143
0.864733
0.876253
0.888521
0.896756
0.908673
0.920216
0.934285
0.95038
0.967327
0.983817
1.00177
1.01778
1.02889
1.04991
1.07715
1.13959
1.17479
1.19912
1.22064
1.24616
1.26723
1.28086
1.30935
1.32783
1.34731
1.3691
1.39004
1.40165
1.42268
1.44167
1.46158
1.48242
1.509
1.5303
1.56276
1.58579
1.6095
1.63749
1.66364
1.6973
1.73007
1.77192
1.85114
1.91126
1.96786
2.02452
2.0848
2.20508
2.39982
2.65171
2.75868
3.41592
