0.209894
0.209894
0.266399
0.266399
0.322615
0.325178
0.36065
0.362466
0.387657
0.397282
0.414245
0.424924
0.439787
0.445024
0.465843
0.478627
0.496791
0.509888
0.524383
0.534766
0.544644
0.556179
0.567749
0.57784
0.58744
0.600616
0.613542
0.6241
0.636853
0.645163
0.656601
0.666728
0.676738
0.687591
0.703183
0.714225
0.726712
0.736347
0.749846
0.760943
0.771366
0.783256
0.790773
0.802548
0.811176
0.820095
0.827178
0.834325
0.844773
0.855557
0.868004
0.878698
0.890623
0.90217
0.915595
0.932953
0.954588
0.969508
0.98635
1.00001
1.02378
1.05269
1.07814
1.10986
1.13304
1.15064
1.166
1.18397
1.20711
1.23941
1.25958
1.27908
1.30264
1.3202
1.33587
1.34992
1.36518
1.37543
1.39177
1.41617
1.43522
1.45511
1.48634
1.5115
1.54625
1.57745
1.61503
1.66498
1.69679
1.74086
1.82959
1.88754
1.9927
2.09261
2.155
2.28024
2.45182
2.64667
2.74288
3.57539
