0.157358
0.157358
0.171799
0.171799
0.184939
0.184939
0.198443
0.198443
0.209862
0.209988
0.220058
0.220541
0.232071
0.233615
0.241913
0.244271
0.249983
0.252547
0.260472
0.263234
0.270026
0.273548
0.281287
0.285091
0.290208
0.293893
0.299272
0.302233
0.307985
0.312384
0.317775
0.321442
0.32797
0.33358
0.338967
0.343933
0.350273
0.356603
0.361392
0.365652
0.370219
0.374632
0.379093
0.381466
0.386564
0.390858
0.395078
0.399231
0.402959
0.406902
0.409668
0.413743
0.418056
0.422486
0.427274
0.430829
0.434843
0.437873
0.443538
0.447966
0.451892
0.455183
0.460293
0.464119
0.469698
0.474339
0.47875
0.483848
0.488632
0.493
0.496601
0.500125
0.504482
0.50777
0.5121
0.515836
0.519706
0.52278
0.526873
0.531417
0.535076
0.53883
0.543914
0.54695
0.551571
0.555039
0.559671
0.564489
0.569289
0.574113
0.57911
0.583238
0.587833
0.592523
0.597043
0.601602
0.606193
0.609791
0.615069
0.619476
0.624413
0.62811
0.632276
0.636119
0.639399
0.643683
0.646921
0.65112
0.65596
0.65999
0.663597
0.667549
0.670666
0.675436
0.679226
0.684387
0.688872
0.693926
0.700028
0.704115
0.709126
0.713331
0.718347
0.723204
0.728518
0.732545
0.736907
0.740985
0.745396
0.750587
0.754154
0.759065
0.763781
0.768622
0.774306
0.78103
0.785682
0.790609
0.796672
0.803478
0.809492
0.816632
0.822623
0.82958
0.836963
0.844679
0.853845
0.863583
0.870852
0.879201
0.889515
0.897395
0.905018
0.913947
0.923034
0.930941
0.938625
0.949424
0.959588
0.971647
0.984742
1.00273
1.02742
1.05126
1.06922
1.08679
1.10001
1.11488
1.13445
1.15295
1.17152
1.19046
1.2124
1.22947
1.24979
1.27584
1.29238
1.31253
1.32996
1.34601
1.36454
1.38309
1.39973
1.42503
1.44116
1.46789
1.49311
1.52304
1.54565
1.57119
1.60009
1.63751
1.682
1.75149
1.84268
1.92933
1.9922
2.18572
2.32843
2.56664
