0.153116
0.153116
0.174721
0.174721
0.178628
0.178628
0.209808
0.209808
0.215361
0.215361
0.237158
0.237158
0.248924
0.248924
0.253935
0.263562
0.263562
0.264642
0.264642
0.275663
0.275663
0.29549
0.29549
0.308004
0.308004
0.309355
0.309355
0.319708
0.319708
0.323932
0.323932
0.33523
0.33523
0.34305
0.34305
0.343349
0.344965
0.344965
0.352858
0.352858
0.353683
0.358692
0.358692
0.366553
0.366553
0.379294
0.379294
0.390443
0.390443
0.433061
0.433364
0.433364
0.441833
0.442127
0.442127
0.443382
0.443382
0.44756
0.455789
0.455789
0.458012
0.458371
0.458371
0.471685
0.499593
0.499593
0.503154
0.503154
0.508774
0.508774
0.509587
0.512149
0.512149
0.515039
0.515535
0.522292
0.522292
0.530353
0.53084
0.533098
0.536023
0.536023
0.539876
0.539876
0.540418
0.540418
0.543535
0.543535
0.544525
0.544525
0.549871
0.555542
0.555542
0.556114
0.556114
0.580664
0.582504
0.590338
0.593438
0.597542
0.597542
0.612156
0.612156
0.613246
0.613246
0.615648
0.615648
0.617053
0.620057
0.620057
0.626785
0.631377
0.633207
0.633207
0.647865
0.651185
0.66692
0.675601
0.685192
0.685192
0.686103
0.687468
0.687468
0.688945
0.709066
0.723695
0.72693
0.72693
0.730215
0.731909
0.737317
0.737317
0.75178
0.756584
0.761296
0.761296
0.761796
0.770424
0.771202
0.780194
0.788361
0.800163
0.824033
0.851647
0.852197
0.866533
0.894564
0.894564
0.900786
0.904081
0.91423
0.91423
0.939536
0.944754
0.950594
0.950594
0.951349
0.951349
0.954727
0.954727
1.02008
1.02207
1.0314
1.0314
1.06366
1.07931
1.07931
1.10878
1.11493
1.11493
1.12403
1.16763
1.17162
1.17162
1.25734
1.28507
1.28563
1.30266
1.3029
1.30526
1.31987
1.32563
1.33061
1.34209
1.45412
1.45412
1.48943
1.52971
1.66976
1.66976
1.70936
1.75581
1.75743
1.77972
1.80266
1.89966
1.92904
2.35011
2.47436
2.72911
