0.178387
0.178387
0.201978
0.201978
0.217791
0.217791
0.218189
0.218189
0.252746
0.252746
0.253026
0.253026
0.253171
0.253171
0.259801
0.259801
0.265046
0.265046
0.280897
0.289657
0.289657
0.303001
0.310457
0.310457
0.310914
0.310914
0.315648
0.315648
0.315709
0.315709
0.318778
0.318778
0.327989
0.327989
0.330739
0.332887
0.332887
0.341829
0.34434
0.34434
0.358193
0.358193
0.362157
0.362157
0.368354
0.373246
0.373246
0.375886
0.375886
0.380264
0.380264
0.381203
0.381203
0.381558
0.381558
0.39219
0.397423
0.397423
0.409138
0.411273
0.411273
0.416779
0.416779
0.422525
0.430859
0.430859
0.453306
0.460022
0.460091
0.460091
0.461106
0.462631
0.462631
0.473754
0.484534
0.485712
0.488437
0.488437
0.488885
0.498968
0.507267
0.507267
0.50866
0.514084
0.5202
0.539959
0.54181
0.54181
0.543713
0.550261
0.579251
0.579251
0.584367
0.586978
0.586978
0.619045
0.621258
0.622554
0.625167
0.639293
0.639293
0.648783
0.65446
0.655201
0.657183
0.657183
0.669406
0.669406
0.684679
0.684679
0.693638
0.702883
0.702883
0.704305
0.707454
0.707454
0.713635
0.718021
0.718021
0.723858
0.723858
0.728808
0.728808
0.747802
0.74945
0.74945
0.759331
0.759331
0.76174
0.782728
0.782728
0.786074
0.786074
0.79471
0.794833
0.803554
0.805887
0.813044
0.813044
0.836906
0.837382
0.838792
0.838792
0.86237
0.866479
0.868532
0.868532
0.873885
0.873885
0.883076
0.894634
0.902443
0.905352
0.913342
0.943036
0.943036
0.943551
1.00957
1.00957
1.03024
1.0373
1.0373
1.06028
1.06435
1.06518
1.07913
1.07913
1.1067
1.17958
1.20236
1.22248
1.23241
1.25057
1.25964
1.26319
1.26466
1.26988
1.27919
1.28919
1.29047
1.3055
1.36151
1.39587
1.41129
1.41129
1.43831
1.46709
1.46737
1.47287
1.52861
1.52861
1.6022
1.69278
1.7016
1.74207
1.88153
1.88153
1.96433
2.35431
2.66693
