0.162963
0.162963
0.218878
0.218878
0.236597
0.236597
0.2617
0.2617
0.321417
0.321417
0.329934
0.329934
0.334027
0.334027
0.335462
0.335462
0.335511
0.335511
0.340087
0.340087
0.341335
0.345289
0.345289
0.35664
0.35664
0.372407
0.372407
0.373799
0.373799
0.376656
0.383474
0.383474
0.383666
0.383666
0.388878
0.388878
0.392685
0.395829
0.395829
0.407447
0.413767
0.413767
0.415087
0.420296
0.420296
0.423587
0.423587
0.43848
0.43848
0.440254
0.441167
0.446046
0.450323
0.450323
0.450423
0.455415
0.455415
0.459432
0.459432
0.459982
0.479842
0.479842
0.482113
0.482113
0.488283
0.490367
0.490367
0.490615
0.490615
0.496989
0.497371
0.497371
0.50243
0.504244
0.5159
0.519507
0.528802
0.529498
0.536633
0.536633
0.540508
0.540508
0.551813
0.551813
0.575727
0.588321
0.588321
0.590651
0.59663
0.600358
0.600358
0.601799
0.606005
0.606514
0.612435
0.612435
0.628128
0.628128
0.632866
0.633695
0.633695
0.635758
0.641642
0.65157
0.65157
0.651731
0.65986
0.661517
0.661517
0.665226
0.672899
0.672899
0.677249
0.678457
0.67998
0.67998
0.689839
0.689839
0.693735
0.700369
0.705316
0.705316
0.718926
0.718926
0.722215
0.748384
0.749412
0.755105
0.755105
0.75977
0.766572
0.766572
0.767909
0.767909
0.79062
0.791269
0.838558
0.840984
0.850533
0.851146
0.85442
0.899074
0.899074
0.906956
0.916096
0.933239
0.947305
0.951132
0.980552
0.983488
0.983488
0.988671
0.991272
0.99337
0.994362
1.0046
1.0183
1.0183
1.02054
1.03054
1.03054
1.03947
1.05685
1.08777
1.08777
1.08939
1.10558
1.10724
1.13714
1.16542
1.1706
1.1706
1.17388
1.18665
1.19866
1.20389
1.20804
1.2336
1.24153
1.26793
1.26962
1.27164
1.31987
1.33649
1.34209
1.34732
1.35982
1.42742
1.51135
1.62548
1.66976
1.66976
1.68902
1.87187
1.92904
1.96647
1.96921
2.09556
2.35011
2.55816
