0.149482
0.149482
0.15248
0.15248
0.162547
0.162547
0.171006
0.171006
0.178234
0.188114
0.188114
0.206858
0.206858
0.207757
0.207757
0.214112
0.214112
0.216466
0.216466
0.222208
0.222208
0.226762
0.232518
0.232518
0.239714
0.240322
0.240322
0.241843
0.241843
0.245111
0.245111
0.250958
0.250958
0.251404
0.251404
0.255185
0.258582
0.258582
0.262738
0.262738
0.263804
0.263804
0.267693
0.267693
0.268121
0.268205
0.268205
0.269349
0.269349
0.276413
0.276413
0.276984
0.276984
0.278055
0.278055
0.28244
0.28244
0.294649
0.294649
0.294667
0.296285
0.300354
0.300354
0.30122
0.302521
0.302521
0.30272
0.30272
0.30402
0.30402
0.30675
0.30675
0.308578
0.308578
0.31075
0.31075
0.312473
0.314074
0.316905
0.316905
0.336274
0.340451
0.340451
0.349587
0.353571
0.353571
0.353865
0.353865
0.353929
0.361285
0.366131
0.393938
0.393938
0.398349
0.398349
0.398621
0.405443
0.405443
0.407408
0.407408
0.407432
0.408816
0.408816
0.411509
0.412437
0.412437
0.412447
0.414783
0.418585
0.418585
0.422583
0.422583
0.42723
0.42814
0.42814
0.431328
0.431328
0.43244
0.43244
0.434916
0.442168
0.453691
0.453853
0.453853
0.458381
0.45884
0.45884
0.476716
0.476716
0.48504
0.48504
0.486342
0.486342
0.488069
0.488069
0.488443
0.488443
0.488798
0.489052
0.493874
0.494274
0.495528
0.499408
0.502948
0.502948
0.504381
0.506769
0.507009
0.507009
0.512833
0.512833
0.51555
0.515971
0.516717
0.519355
0.519355
0.522174
0.522174
0.523091
0.523091
0.524986
0.524986
0.528018
0.528018
0.529718
0.532677
0.534321
0.538578
0.538578
0.545054
0.54622
0.54844
0.549154
0.550743
0.550743
0.555361
0.558175
0.559023
0.566955
0.569839
0.578635
0.581682
0.581682
0.593076
0.593076
0.595765
0.603011
0.603011
0.612234
0.612234
0.62068
0.62068
0.621005
0.622335
0.622335
0.624703
0.629749
0.639135
0.646954
0.646954
0.647577
0.649265
0.653941
0.654675
0.655145
0.656469
0.656469
0.661201
0.664802
0.66853
0.66853
0.668707
0.674621
0.674621
0.676057
0.686385
0.686385
0.687739
0.690584
0.690584
0.709762
0.71718
0.71718
0.718832
0.747576
0.747576
0.75366
0.759209
0.759209
0.763118
0.770722
0.776812
0.779857
0.779857
0.79322
0.794777
0.815401
0.818143
0.818143
0.850165
0.86395
0.86395
0.865889
0.875538
0.88472
0.894958
0.903452
0.903452
0.907957
0.930674
0.930968
0.950817
0.986018
0.986018
0.991882
0.994843
1.00638
1.00984
1.00984
1.03542
1.09421
1.09421
1.09809
1.10339
1.11871
1.12148
1.13568
1.13606
1.14844
1.15043
1.15359
1.16233
1.17614
1.18815
1.2065
1.25098
1.26124
1.26864
1.26864
1.28801
1.28801
1.30328
1.30328
1.30385
1.30597
1.388
1.39426
1.41433
1.42681
1.43066
1.49154
1.49579
1.53505
1.55476
1.58189
1.61025
1.86376
1.88484
2.04787
2.49774
