0.14976
0.14976
0.153452
0.153644
0.157034
0.15733
0.160895
0.161297
0.167475
0.167893
0.173827
0.174571
0.179717
0.181149
0.186362
0.188446
0.19201
0.194
0.197529
0.19995
0.203716
0.205329
0.208199
0.212131
0.215287
0.217783
0.220633
0.223612
0.226191
0.229311
0.232515
0.235664
0.238731
0.241324
0.243574
0.245903
0.248802
0.251412
0.255098
0.257301
0.260541
0.262734
0.265245
0.268334
0.27122
0.275679
0.27836
0.28159
0.284464
0.287353
0.290567
0.29352
0.296253
0.298944
0.302694
0.305966
0.308873
0.310894
0.3139
0.316988
0.319047
0.321347
0.323871
0.326776
0.329215
0.331905
0.333982
0.33588
0.338544
0.340969
0.343612
0.346029
0.348029
0.350284
0.352574
0.355008
0.357217
0.360111
0.363345
0.365324
0.367665
0.36978
0.372205
0.37402
0.376321
0.378817
0.381263
0.383081
0.385668
0.387522
0.389752
0.391576
0.39388
0.396205
0.398406
0.400864
0.402641
0.404372
0.406717
0.40874
0.41096
0.413096
0.414849
0.417176
0.418924
0.421
0.422958
0.425333
0.427021
0.429236
0.431076
0.43311
0.435067
0.437795
0.439643
0.441585
0.444227
0.446529
0.448175
0.450192
0.452247
0.454617
0.456104
0.458225
0.460086
0.461911
0.464049
0.465706
0.467436
0.469076
0.471054
0.472555
0.47396
0.47586
0.477645
0.479232
0.48111
0.48321
0.485019
0.486869
0.488824
0.490997
0.492834
0.49478
0.496477
0.498927
0.500741
0.503365
0.505437
0.507403
0.509724
0.511698
0.513636
0.515565
0.51778
0.519635
0.522264
0.525247
0.527761
0.529664
0.532421
0.534288
0.537036
0.53938
0.541766
0.544294
0.546689
0.549096
0.55243
0.554657
0.557522
0.560353
0.564107
0.567028
0.569163
0.572001
0.574631
0.577631
0.580936
0.58383
0.586341
0.589401
0.592307
0.595309
0.598695
0.601788
0.604723
0.607671
0.610162
0.614662
0.616985
0.620314
0.622887
0.627144
0.630003
0.633372
0.636856
0.64045
0.644526
0.647704
0.651701
0.655264
0.658382
0.662146
0.66579
0.669321
0.673221
0.676618
0.679891
0.683072
0.687273
0.691253
0.695148
0.698854
0.702742
0.706523
0.711073
0.7148
0.719068
0.72319
0.728492
0.733114
0.737954
0.741994
0.747983
0.753606
0.75864
0.763883
0.768526
0.774559
0.780201
0.785168
0.791948
0.797651
0.804422
0.811038
0.817036
0.825314
0.832557
0.839656
0.848096
0.854726
0.862565
0.869322
0.877004
0.885134
0.892358
0.900805
0.908343
0.917187
0.924867
0.931418
0.940682
0.950511
0.961236
0.973103
0.984188
0.9984
1.01025
1.02253
1.03026
1.04001
1.05044
1.0581
1.06484
1.07201
1.07882
1.08767
1.09776
1.10827
1.12116
1.1316
1.14455
1.15541
1.16721
1.17786
1.18703
1.19809
1.20892
1.21976
1.23359
1.2462
1.26003
1.27399
1.29023
1.3059
1.32405
1.34649
1.38462
1.40745
1.43264
1.47205
1.50556
1.55197
1.60028
1.66336
1.78536
1.86014
2.05079
2.2676
