0.62
0.78
0.89
0.96
1.02
1.06
1.08
1.14
1.17
1.19
1.23
1.27
1.36
1.38
1.42
1.45
1.47
1.47
1.48
1.5
1.53
1.55
1.6
1.63
1.68
1.72
1.73
1.76
1.79
1.8
1.84
1.9
1.94
1.97
1.99
2.01
2.02
2.06
2.09
2.11
2.12
2.14
2.14
2.16
2.17
2.2
2.22
2.22
2.23
2.24
2.27
2.27
2.29
2.31
2.32
2.33
2.33
2.34
2.37
2.38
2.4
2.41
2.43
2.43
2.43
2.44
2.45
2.49
2.5
2.54
2.59
2.62
2.64
2.65
2.67
2.71
2.72
2.73
2.76
2.78
2.78
2.82
2.83
2.84
2.85
2.86
2.86
2.89
2.89
2.91
2.91
2.93
2.94
2.95
2.95
2.96
2.98
2.99
3
3.01
3.05
3.06
3.08
3.09
3.1
3.13
3.13
3.15
3.17
3.18
3.18
3.19
3.19
3.2
3.22
3.23
3.23
3.25
3.26
3.27
3.29
3.3
3.31
3.32
3.32
3.33
3.33
3.35
3.37
3.38
3.39
3.42
3.42
3.45
3.48
3.5
3.51
3.53
3.55
3.58
3.59
3.64
3.66
3.68
3.68
3.7
3.71
3.72
3.73
3.75
3.76
3.76
3.78
3.8
3.81
3.82
3.85
3.87
3.88
3.91
3.93
3.98
3.98
3.99
4
4
4
4.01
4.02
4.02
4.04
4.06
4.07
4.08
4.08
4.09
4.1
4.12
4.12
4.15
4.16
4.18
4.21
4.22
4.23
4.24
4.25
4.28
4.29
4.3
4.31
4.32
4.33
4.33
4.34
4.35
4.36
4.36
4.4
4.42
4.44
4.46
4.5
4.52
4.56
4.58
4.59
4.6
4.63
4.65
4.67
4.69
4.69
4.69
4.7
4.73
4.75
4.76
4.78
4.81
4.84
4.9
4.93
4.96
5
5.03
5.05
5.08
5.09
5.09
5.09
5.11
5.11
5.14
5.14
5.15
5.17
5.19
5.2
5.24
5.28
5.28
5.3
5.3
5.34
5.37
5.41
5.46
5.48
5.52
5.58
5.6
5.66
5.7
5.75
5.76
5.83
5.87
5.91
5.93
5.96
5.98
6.06
6.1
6.16
6.24
6.3
6.34
6.42
6.43
6.48
6.57
6.67
6.73
6.8
6.9
7.05
7.16
7.18
7.24
7.32
7.5
7.65
7.75
7.91
8.08
8.29
8.59
9.08
9.94
10.99
11.62
12.27
13.09
13.94
15.85
17.53
19.95
22.43
26.37
