0.152845
0.152845
0.169214
0.169214
0.174354
0.174354
0.174825
0.174825
0.185025
0.185025
0.185194
0.185194
0.202345
0.202345
0.214595
0.214595
0.21745
0.21745
0.236597
0.236597
0.239402
0.239402
0.242342
0.246309
0.246309
0.248948
0.248948
0.250033
0.250033
0.263695
0.263695
0.26481
0.26481
0.26754
0.26754
0.281061
0.281061
0.291936
0.291936
0.306723
0.316847
0.316847
0.320761
0.320761
0.32466
0.32466
0.327929
0.327929
0.338903
0.338903
0.339787
0.339787
0.340717
0.340717
0.342417
0.342417
0.349783
0.349783
0.351844
0.351868
0.351868
0.356463
0.356463
0.35722
0.35722
0.358113
0.360793
0.363188
0.363188
0.365711
0.370845
0.37125
0.37125
0.372663
0.372663
0.373504
0.373504
0.380437
0.382773
0.388319
0.38974
0.390665
0.390773
0.394813
0.394813
0.396342
0.39765
0.39765
0.402372
0.402372
0.404358
0.404358
0.405143
0.405143
0.40631
0.40631
0.41167
0.41167
0.414669
0.414669
0.416452
0.41697
0.41697
0.417878
0.431082
0.436381
0.436381
0.443045
0.443045
0.445006
0.445006
0.448906
0.458272
0.459307
0.460474
0.460474
0.460952
0.465588
0.468925
0.468971
0.473884
0.473884
0.482938
0.482938
0.49334
0.497254
0.501942
0.507318
0.507777
0.51059
0.51059
0.519301
0.519301
0.526487
0.531797
0.532243
0.532243
0.542195
0.546001
0.546001
0.548841
0.548841
0.551813
0.551813
0.554329
0.554329
0.556813
0.556813
0.559725
0.559725
0.564468
0.568406
0.568406
0.570252
0.570252
0.573742
0.573742
0.575493
0.575493
0.581153
0.581153
0.582777
0.584583
0.585501
0.586296
0.589223
0.591565
0.600195
0.608452
0.610822
0.610822
0.611131
0.627671
0.628273
0.628273
0.628676
0.633998
0.634372
0.634372
0.640434
0.640434
0.642878
0.64968
0.64968
0.65109
0.652942
0.655112
0.655112
0.659779
0.659779
0.662607
0.662607
0.667525
0.672899
0.672899
0.677565
0.681076
0.68309
0.686077
0.687301
0.687301
0.687987
0.687987
0.688807
0.690715
0.696037
0.699338
0.707915
0.723336
0.731976
0.731976
0.737216
0.737419
0.737419
0.746078
0.752239
0.755503
0.755663
0.758133
0.781136
0.798287
0.799353
0.799353
0.803897
0.80851
0.81123
0.818685
0.818685
0.819106
0.830482
0.834098
0.834098
0.836042
0.836042
0.836297
0.836352
0.839341
0.840418
0.869844
0.877295
0.877295
0.88728
0.893058
0.893058
0.893631
0.918497
0.930225
0.951746
0.962398
0.962708
0.973005
0.974638
0.983139
0.983207
0.983207
0.989713
0.991272
0.999061
1.01617
1.01694
1.0183
1.0183
1.02138
1.02844
1.03686
1.03686
1.03768
1.04502
1.05654
1.065
1.08651
1.10558
1.10895
1.10992
1.12171
1.12257
1.17628
1.17771
1.19866
1.2015
1.25069
1.26401
1.29917
1.29917
1.31479
1.32868
1.37204
1.42742
1.44757
1.476
1.5479
1.55856
1.64031
1.65069
1.67366
1.72273
1.73349
1.82117
2.23026
2.26297
