0.247396
0.247396
0.309577
0.309577
0.360999
0.363907
0.399469
0.400215
0.430576
0.432475
0.451362
0.458684
0.480118
0.493055
0.509285
0.518195
0.527686
0.538339
0.54605
0.562107
0.56605
0.589823
0.593586
0.609528
0.615311
0.629532
0.640893
0.649236
0.658116
0.670601
0.681414
0.697659
0.707648
0.719793
0.732471
0.747669
0.756502
0.769834
0.774662
0.788903
0.797552
0.810986
0.82673
0.845203
0.866429
0.885672
0.903839
0.918243
0.941988
0.959077
0.972374
0.986332
0.993813
1.00187
1.01126
1.02032
1.02644
1.03618
1.04696
1.05901
1.07169
1.08907
1.10817
1.12182
1.13952
1.15645
1.17405
1.19316
1.21155
1.22753
1.24784
1.26109
1.27596
1.28953
1.30716
1.3258
1.34159
1.37162
1.40039
1.43349
1.47621
1.506
1.54926
1.57731
1.59784
1.62992
1.67526
1.71368
1.73318
1.7674
1.80241
1.81905
1.87732
1.92458
1.96749
2.00442
2.07159
2.14346
2.21361
3.13496
