0.328
0.328
0.33
0.33
0.33
0.331
0.333
0.334
0.334
0.335
0.337
0.34
0.342
0.345
0.345
0.345
0.35
0.354
0.36
0.365
0.37
0.371
0.373
0.383
0.388
0.406
0.432
0.452
0.465
0.465
0.471
0.481
0.498
0.511
0.542
0.562
0.576
0.583
0.59
0.601
0.618
0.668
0.679
0.689
0.698
0.757
0.777
0.784
0.792
0.798
0.856
0.858
0.864
0.867
0.868
0.869
0.929
0.936
0.94
0.94
0.94
0.94
0.941
0.941
1
1
1
1
1
1
1
1
1
1
1
1
1
1.001
1.001
1.001
1.001
1.001
1.001
1.001
1.001
1.001
1.001
1.001
1.001
1.002
1.002
1.002
1.005
1.007
1.018
1.026
1.034
1.04
1.052
1.138
