0.194967
0.194967
0.308311
0.308311
0.340892
0.340892
0.350069
0.350069
0.464349
0.505931
0.505931
0.537397
0.537397
0.541341
0.541341
0.579322
0.579322
0.604478
0.604478
0.616118
0.616118
0.628499
0.628499
0.638169
0.638169
0.673207
0.682139
0.704255
0.759252
0.759252
0.772687
0.772687
0.785482
0.789026
0.808014
0.818768
0.825414
0.825414
0.841034
0.841034
0.870032
0.870032
0.889904
0.897992
0.933019
0.957041
0.973186
0.973186
0.988275
1.01347
1.01347
1.03444
1.04088
1.14083
1.14083
1.16612
1.16612
1.16735
1.16735
1.17328
1.17328
1.17817
1.17817
1.18209
1.19763
1.23574
1.23574
1.26925
1.26925
1.28405
1.34467
1.35824
1.35824
1.36252
1.39349
1.41029
1.417
1.417
1.43377
1.45191
1.52189
1.52294
1.52294
1.52752
1.53263
1.53263
1.64628
1.7187
1.76078
1.79391
1.80388
1.84785
1.84785
1.87545
1.96039
2.02849
2.04527
2.04527
2.13785
3.11998
