0.219639
0.219639
0.246856
0.246856
0.289981
0.289981
0.291361
0.291361
0.308311
0.308311
0.322122
0.322122
0.333978
0.333978
0.352791
0.352917
0.352917
0.355585
0.355585
0.357522
0.368011
0.368011
0.370867
0.370867
0.37623
0.37623
0.381404
0.38721
0.38721
0.394246
0.394246
0.395281
0.395281
0.395546
0.395546
0.399423
0.425319
0.425319
0.4344
0.4344
0.450814
0.450814
0.466536
0.466536
0.469285
0.469285
0.470415
0.470415
0.473969
0.473969
0.490113
0.505263
0.505263
0.508197
0.508197
0.509531
0.509531
0.51019
0.51019
0.514015
0.514015
0.515127
0.5154
0.5154
0.51946
0.526851
0.526851
0.529244
0.529244
0.535871
0.538584
0.545856
0.549855
0.549855
0.550625
0.551455
0.554484
0.555463
0.568766
0.569225
0.569225
0.604743
0.604743
0.61538
0.62474
0.62474
0.625729
0.625729
0.638169
0.638169
0.665864
0.680256
0.680256
0.709598
0.719238
0.719238
0.722404
0.729151
0.729151
0.731918
0.731971
0.736171
0.736171
0.749843
0.749843
0.752053
0.752053
0.754093
0.754275
0.754275
0.76
0.76
0.766783
0.789379
0.789379
0.789791
0.79375
0.79375
0.797326
0.797326
0.799265
0.814001
0.817193
0.823805
0.835574
0.836215
0.842991
0.844963
0.851421
0.851421
0.85351
0.85351
0.860094
0.864972
0.864972
0.870872
0.876724
0.878533
0.884329
0.884329
0.889438
0.895883
0.911817
0.911817
0.917439
0.928397
0.930102
0.967015
0.988275
0.998283
0.998903
1.00846
1.00914
1.01139
1.01161
1.01161
1.01347
1.01347
1.0257
1.04404
1.04404
1.05589
1.05589
1.08561
1.08925
1.09657
1.11322
1.11322
1.15253
1.15421
1.15536
1.15536
1.15654
1.16735
1.16735
1.17318
1.17817
1.17817
1.18683
1.19736
1.25535
1.25644
1.31439
1.316
1.35985
1.36184
1.36184
1.36264
1.44036
1.44036
1.44071
1.47051
1.52294
1.52294
1.53263
1.72112
1.78621
1.78814
1.79391
2.02849
