0.01
0.02
0.05
0.1
0.24
0.4
0.64
0.74
0.85
0.9
0.93
0.96
0.97
0.98
0.98
0.98
0.98
0.98
0.98
0.98
0.98
0.98
0.98
0.98
0.98
0.98
0.98
0.98
0.98
0.98
0.98
0.98
0.98
0.98
0.98
0.98
0.98
0.98
0.98
0.98
0.98
0.98
0.98
0.98
0.98
0.98
0.98
0.98
0.98
0.98
0.98
0.98
0.98
0.99
0.99
0.99
0.99
1.03
1.08
1.17
1.27
1.36
1.46
1.52
1.62
1.67
1.75
1.85
1.87
1.9
1.94
1.95
1.96
1.96
1.96
1.96
1.96
1.96
1.96
1.96
1.96
1.96
1.96
1.96
1.96
1.96
1.96
1.96
1.96
1.96
1.96
1.96
1.96
1.96
1.96
1.96
1.96
1.96
1.96
1.96
1.96
1.96
1.97
2.0
2.06
2.12
2.21
2.33
2.49
2.66
2.71
2.79
2.84
2.87
2.87
2.92
2.92
2.93
2.94
2.94
2.94
2.94
2.94
2.94
2.94
2.94
2.96
2.97
2.98
3.0
3.05
3.07
3.17
3.23
3.31
3.38
3.47
3.59
3.65
3.74
3.77
3.83
3.87
3.89
3.92
3.93
4.01
4.14
4.27
4.39
4.5
4.61
4.7
4.91
5.1
5.25
5.45
5.89
6.42
