0.174055
0.174055
0.198688
0.198688
0.216571
0.216571
0.236834
0.236834
0.255279
0.255279
0.26787
0.26787
0.28237
0.282498
0.293569
0.29405
0.306541
0.307259
0.316217
0.31722
0.326565
0.327668
0.335114
0.336625
0.345415
0.347642
0.355152
0.358318
0.363035
0.367989
0.371172
0.375298
0.378463
0.382525
0.38575
0.39296
0.396496
0.402525
0.405137
0.412102
0.415659
0.421186
0.423667
0.427115
0.430746
0.434391
0.437905
0.441744
0.446644
0.450075
0.454068
0.458197
0.462581
0.466073
0.469599
0.473824
0.477003
0.481037
0.48371
0.488379
0.49159
0.496017
0.499896
0.505365
0.50933
0.512358
0.516073
0.519419
0.524536
0.52796
0.531802
0.535261
0.539345
0.544291
0.548581
0.552135
0.556861
0.561465
0.566584
0.570514
0.576422
0.580631
0.584172
0.589041
0.594093
0.599087
0.603262
0.607171
0.612234
0.616232
0.620416
0.625119
0.628926
0.632857
0.637318
0.641724
0.644792
0.648749
0.651685
0.656003
0.659853
0.664159
0.668953
0.673286
0.678034
0.682179
0.686068
0.691345
0.694389
0.698196
0.702041
0.705694
0.710463
0.714751
0.720015
0.724875
0.731811
0.736178
0.739851
0.745814
0.751824
0.757249
0.764052
0.769552
0.776372
0.782105
0.790206
0.798192
0.806255
0.815
0.820788
0.830326
0.837372
0.844384
0.85
0.857321
0.864795
0.870961
0.877672
0.883742
0.892996
0.899527
0.905718
0.912495
0.920354
0.926796
0.932421
0.941807
0.948009
0.956761
0.963654
0.974245
0.981143
0.989596
1.00053
1.00867
1.01914
1.02756
1.03468
1.04247
1.04972
1.05891
1.06824
1.07595
1.08334
1.09047
1.09918
1.10713
1.1194
1.12863
1.13692
1.14501
1.15422
1.16258
1.1757
1.18699
1.19961
1.2148
1.22753
1.23864
1.2574
1.27241
1.2912
1.31662
1.34131
1.3691
1.40117
1.45387
1.48138
1.51447
1.56356
1.59984
1.68018
1.74763
1.79393
1.82275
1.86198
1.93877
1.98651
2.12002
