0
0
0
0
0
0
0
0
0
0
0
0
0
0
0
0
0
0
0
0
0
0
0
0
0
0
0
0
0
0
0
0
0
0
0
0
0
0
0
0
0
0
0
0
0.01
0.01
0.02
0.02
0.03
0.03
0.04
0.05
0.05
0.05
0.05
0.05
0.05
0.06
0.06
0.06
0.06
0.07
0.07
0.07
0.07
0.07
0.07
0.07
0.07
0.09
0.09
0.09
0.09
0.1
0.1
0.1
0.1
0.1
0.1
0.1
0.11
0.12
0.12
0.12
0.12
0.12
0.12
0.12
0.13
0.13
0.13
0.15
0.16
0.18
0.18
0.19
0.19
0.2
0.2
0.2
0.21
0.21
0.21
0.21
0.22
0.24
0.24
0.24
0.26
0.26
0.27
0.31
0.31
0.31
0.33
0.35
0.36
0.39
0.39
0.39
0.42
0.43
0.43
0.43
0.44
0.44
0.44
0.46
0.46
0.48
0.51
0.52
0.55
0.55
0.55
0.56
0.57
0.58
0.58
0.58
0.59
0.6
0.62
0.63
0.65
0.69
0.7
0.71
0.73
0.75
0.76
0.78
0.79
0.85
0.89
0.92
0.96
0.96
0.98
0.99
1.04
1.09
1.13
1.15
1.16
1.22
1.28
1.34
1.41
1.43
1.51
1.52
1.59
1.66
1.68
1.71
1.75
1.77
1.8
1.85
1.89
1.93
1.99
2.08
2.12
2.19
2.25
2.33
2.4
2.46
2.56
2.73
2.86
2.95
3.21
3.5
3.84
4.43
5.01
6.03
