0.328
0.328
0.328
0.328
0.328
0.328
0.328
0.328
0.329
0.329
0.331
0.332
0.332
0.332
0.334
0.334
0.335
0.337
0.337
0.338
0.338
0.342
0.344
0.348
0.35
0.351
0.355
0.356
0.358
0.363
0.364
0.367
0.371
0.374
0.376
0.382
0.383
0.386
0.389
0.394
0.4
0.403
0.408
0.412
0.419
0.42
0.427
0.437
0.442
0.444
0.448
0.459
0.469
0.472
0.48
0.485
0.487
0.495
0.497
0.502
0.505
0.512
0.516
0.522
0.526
0.532
0.542
0.549
0.553
0.562
0.565
0.571
0.577
0.584
0.589
0.599
0.603
0.61
0.621
0.628
0.638
0.643
0.649
0.662
0.669
0.671
0.677
0.683
0.688
0.697
0.708
0.717
0.721
0.73
0.747
0.755
0.762
0.767
0.774
0.781
0.791
0.797
0.808
0.817
0.825
0.829
0.84
0.854
0.866
0.879
0.888
0.894
0.898
0.905
0.914
0.923
0.936
0.95
0.963
0.968
0.978
0.992
1.002
1.011
1.016
1.027
1.042
1.055
1.066
1.078
1.088
1.104
1.114
1.12
1.138
1.152
1.17
1.182
1.191
1.2
1.211
1.228
1.244
1.253
1.262
1.287
1.306
1.317
1.336
1.343
1.361
1.372
1.395
1.409
1.423
1.442
1.456
1.475
1.491
1.513
1.533
1.547
1.571
1.587
1.606
1.637
1.655
1.678
1.705
1.733
1.759
1.789
1.816
1.841
1.872
1.902
1.936
1.974
2.009
2.057
2.1
2.15
2.206
2.269
2.355
2.413
2.533
2.6
2.728
2.819
2.986
3.16
3.327
3.597
3.899
4.067
4.266
4.693
4.983
5.461
