0.16959
0.16959
0.201445
0.201445
0.231507
0.231507
0.24837
0.24837
0.263038
0.263038
0.266505
0.266505
0.305694
0.305694
0.32601
0.329105
0.329105
0.333365
0.333365
0.336121
0.336121
0.351208
0.351208
0.359018
0.359018
0.36275
0.36275
0.363808
0.363808
0.36995
0.36995
0.373153
0.373153
0.379238
0.383717
0.383717
0.394971
0.394971
0.395193
0.395193
0.399473
0.406273
0.406273
0.407041
0.407041
0.41431
0.41431
0.431206
0.433518
0.433518
0.438764
0.438764
0.441677
0.449705
0.449705
0.456978
0.456978
0.468904
0.468904
0.481587
0.483464
0.483464
0.503369
0.503736
0.505258
0.505258
0.513498
0.51813
0.51813
0.5247
0.552682
0.554407
0.554407
0.554754
0.554754
0.560334
0.568303
0.568303
0.569965
0.569965
0.583005
0.583005
0.583389
0.585412
0.585547
0.588334
0.588334
0.589601
0.589601
0.595539
0.595539
0.60202
0.605421
0.605421
0.624768
0.624768
0.626346
0.630506
0.635672
0.646608
0.650783
0.650783
0.651492
0.655827
0.655827
0.673988
0.684682
0.726841
0.726841
0.732991
0.741724
0.743434
0.754332
0.754332
0.759594
0.76651
0.76651
0.772277
0.791209
0.792188
0.792188
0.804321
0.826383
0.826383
0.831502
0.831502
0.836103
0.843973
0.848281
0.848281
0.881613
0.90233
0.90233
0.908076
0.91443
0.915947
0.915947
0.919269
0.939716
0.942227
0.942227
0.944073
0.944073
0.958456
0.958456
0.961073
0.966684
0.966684
0.989872
0.997267
1.00534
1.00534
1.01969
1.01993
1.03234
1.03234
1.06505
1.0833
1.0833
1.08627
1.08664
1.11575
1.11575
1.12022
1.12022
1.15536
1.15536
1.17645
1.17645
1.17817
1.17817
1.1923
1.20876
1.22576
1.27156
1.27309
1.29394
1.30191
1.31168
1.32085
1.32769
1.38009
1.41783
1.44036
1.44036
1.44566
1.45838
1.49801
1.49801
1.51447
1.52294
1.52294
1.53564
1.53798
1.61568
1.73187
1.78814
1.79391
1.81259
2.02849
