0.155476
0.155476
0.16194
0.16194
0.167216
0.167216
0.175118
0.175118
0.183886
0.183921
0.192119
0.192755
0.200213
0.200871
0.207479
0.208208
0.214345
0.215432
0.222238
0.223751
0.230817
0.233777
0.239198
0.242552
0.245896
0.250418
0.253363
0.258656
0.260329
0.264862
0.266374
0.270662
0.27271
0.277548
0.280127
0.283242
0.285656
0.288902
0.290823
0.294939
0.297525
0.301867
0.303491
0.306629
0.308328
0.310794
0.312694
0.314895
0.317342
0.319506
0.322322
0.323787
0.326503
0.327959
0.32982
0.331937
0.334206
0.336043
0.338507
0.340026
0.342348
0.344506
0.346514
0.347915
0.350136
0.351718
0.353837
0.355982
0.357939
0.3596
0.361725
0.363536
0.365695
0.367776
0.369957
0.372355
0.374233
0.376286
0.378317
0.380426
0.382051
0.384149
0.385959
0.387553
0.390181
0.39252
0.394442
0.39639
0.398206
0.399812
0.402259
0.404052
0.405822
0.407759
0.409838
0.412021
0.41373
0.4159
0.417804
0.41962
0.42127
0.42315
0.425155
0.427
0.428962
0.431261
0.433106
0.435078
0.437142
0.438907
0.440765
0.443337
0.44528
0.447301
0.449822
0.451839
0.454207
0.456713
0.459026
0.461828
0.464144
0.46687
0.468723
0.471079
0.473145
0.476065
0.478824
0.480799
0.482734
0.485824
0.488449
0.490988
0.493833
0.495656
0.498022
0.500114
0.502253
0.504578
0.507389
0.510139
0.512783
0.51577
0.517713
0.5196
0.522705
0.524648
0.527037
0.529689
0.532138
0.53492
0.537053
0.53926
0.540992
0.543323
0.545402
0.548501
0.550591
0.553409
0.555854
0.558763
0.561475
0.563877
0.565736
0.568375
0.570605
0.572644
0.57524
0.577028
0.580138
0.582895
0.586287
0.588515
0.591575
0.593913
0.597242
0.599929
0.603362
0.606383
0.608897
0.611371
0.614106
0.616979
0.620721
0.623187
0.625728
0.628848
0.631907
0.63474
0.637825
0.640931
0.643144
0.64559
0.648644
0.651304
0.654428
0.657207
0.659727
0.662704
0.665448
0.669277
0.67241
0.675633
0.67913
0.682706
0.685716
0.688954
0.691717
0.69419
0.697722
0.700779
0.704053
0.707707
0.711654
0.715645
0.718782
0.721701
0.726463
0.731521
0.735725
0.739938
0.744455
0.749456
0.754967
0.759338
0.763851
0.768696
0.773199
0.777873
0.781986
0.785947
0.78932
0.793451
0.798432
0.802869
0.807592
0.811491
0.816141
0.82076
0.826653
0.832047
0.837645
0.843253
0.849248
0.854336
0.859366
0.866126
0.872005
0.8779
0.884982
0.892002
0.898915
0.905116
0.911909
0.918021
0.926527
0.933548
0.940185
0.946825
0.952311
0.957549
0.963256
0.968834
0.974365
0.979566
0.985205
0.990895
0.997431
1.0036
1.01026
1.0175
1.02493
1.03321
1.03984
1.04624
1.05347
1.06232
1.07221
1.07954
1.0898
1.10307
1.11279
1.12129
1.13194
1.14212
1.15663
1.17217
1.18846
1.21003
1.23264
1.25977
1.2789
1.30627
1.35944
1.41574
1.48102
1.5684
1.62042
1.69108
1.77964
1.91637
