0.74
0.83
0.88
1.01
1.08
1.17
1.2
1.23
1.29
1.34
1.38
1.41
1.42
1.43
1.5
1.53
1.56
1.59
1.6
1.61
1.62
1.63
1.64
1.64
1.66
1.7
1.76
1.77
1.84
1.86
1.87
1.89
1.89
1.93
1.93
1.95
2
2.03
2.05
2.07
2.14
2.16
2.18
2.19
2.2
2.2
2.23
2.27
2.27
2.29
2.29
2.31
2.31
2.35
2.35
2.39
2.41
2.43
2.45
2.45
2.45
2.46
2.47
2.49
2.49
2.49
2.5
2.5
2.5
2.5
2.5
2.5
2.52
2.53
2.54
2.54
2.54
2.55
2.56
2.56
2.57
2.62
2.65
2.67
2.7
2.71
2.75
2.78
2.78
2.78
2.84
2.86
2.89
2.89
2.9
2.9
2.9
2.91
2.93
2.93
2.93
2.94
2.95
2.96
2.98
2.98
2.99
3.01
3.02
3.04
3.07
3.09
3.1
3.13
3.15
3.15
3.16
3.17
3.18
3.18
3.19
3.22
3.22
3.22
3.23
3.25
3.25
3.26
3.27
3.28
3.28
3.28
3.28
3.29
3.31
3.32
3.34
3.36
3.39
3.39
3.41
3.43
3.44
3.44
3.45
3.47
3.48
3.48
3.49
3.5
3.5
3.51
3.51
3.51
3.52
3.54
3.55
3.57
3.6
3.6
3.64
3.65
3.66
3.67
3.68
3.71
3.72
3.73
3.78
3.82
3.82
3.84
3.85
3.86
3.86
3.88
3.88
3.89
3.9
3.91
3.91
3.93
3.95
3.98
4
4
4
4.02
4.04
4.06
4.07
4.09
4.11
4.14
4.15
4.18
4.19
4.19
4.19
4.2
4.21
4.24
4.27
4.27
4.28
4.29
4.29
4.29
4.31
4.35
4.36
4.4
4.44
4.51
4.56
4.6
4.63
4.65
4.67
4.67
4.69
4.71
4.72
4.74
4.75
4.75
4.75
4.76
4.8
4.8
4.83
4.84
4.85
4.86
4.89
4.94
4.98
4.99
5.01
5.06
5.06
5.07
5.09
5.14
5.19
5.22
5.26
5.3
5.35
5.35
5.38
5.4
5.41
5.43
5.45
5.47
5.52
5.65
5.67
5.7
5.75
5.81
5.87
5.91
5.92
5.96
6.01
6.06
6.11
6.19
6.24
6.32
6.39
6.44
6.51
6.58
6.69
6.81
6.94
7.02
7.18
7.26
7.39
7.65
8
8.7
9.1
9.49
10.36
11.33
11.88
12.46
13.03
13.7
14.95
17.64
21.92
24.59
30.74
37.97
