0.160002
0.160002
0.184883
0.184883
0.190212
0.190212
0.192691
0.192691
0.196892
0.196892
0.210013
0.210013
0.220582
0.220582
0.231938
0.231938
0.23594
0.23594
0.240032
0.240032
0.240741
0.240741
0.245648
0.25889
0.25889
0.263829
0.263829
0.268291
0.268291
0.277865
0.277865
0.284629
0.285565
0.285565
0.287658
0.295335
0.295335
0.301428
0.301428
0.304362
0.304362
0.308379
0.308379
0.312194
0.313077
0.313077
0.315401
0.315401
0.317288
0.317288
0.321247
0.321247
0.322446
0.322446
0.32332
0.32332
0.328745
0.328745
0.339505
0.339505
0.34396
0.34396
0.360637
0.360637
0.36127
0.36127
0.362775
0.362775
0.364679
0.364679
0.367112
0.367112
0.36791
0.36791
0.370267
0.370267
0.372564
0.372564
0.377251
0.377251
0.377507
0.377507
0.380195
0.380195
0.384929
0.388318
0.388318
0.390077
0.390077
0.391013
0.401495
0.401495
0.401531
0.401531
0.404154
0.404706
0.404706
0.405793
0.410775
0.412273
0.412273
0.412439
0.414654
0.415928
0.415928
0.422759
0.422759
0.431167
0.431167
0.43485
0.43485
0.435171
0.435171
0.438527
0.440707
0.444264
0.444264
0.449162
0.449162
0.455461
0.456946
0.456946
0.45852
0.459433
0.459433
0.465218
0.47598
0.481637
0.481637
0.486824
0.486824
0.495282
0.500307
0.507525
0.507525
0.513495
0.513495
0.516313
0.516909
0.516909
0.52332
0.525045
0.525045
0.529236
0.530864
0.530864
0.531703
0.531836
0.531836
0.533574
0.537204
0.543318
0.545012
0.546908
0.546908
0.548019
0.548019
0.552604
0.553091
0.553692
0.55401
0.56065
0.563683
0.563683
0.567305
0.567305
0.569726
0.570629
0.580326
0.580326
0.581981
0.581981
0.583775
0.585237
0.585237
0.587648
0.587648
0.589431
0.589431
0.590784
0.590784
0.591073
0.591073
0.591991
0.592033
0.592033
0.596161
0.598221
0.599187
0.599187
0.605726
0.607093
0.607093
0.609683
0.609889
0.612436
0.615475
0.625749
0.625749
0.628803
0.628803
0.632045
0.632045
0.634221
0.634221
0.638057
0.641374
0.641374
0.648502
0.663546
0.667034
0.671267
0.676761
0.676803
0.676803
0.676817
0.678543
0.691046
0.691996
0.691996
0.698865
0.70624
0.713021
0.713021
0.716362
0.716362
0.722254
0.735737
0.739152
0.74263
0.743969
0.746569
0.749164
0.749938
0.750837
0.771532
0.777968
0.802169
0.822255
0.823336
0.830627
0.830627
0.844801
0.847227
0.849502
0.849502
0.850969
0.850969
0.855812
0.862746
0.868494
0.868494
0.881013
0.88278
0.897625
0.91719
0.917391
0.919841
0.922051
0.925687
0.927627
0.927627
0.927979
0.932149
0.954192
0.956482
0.968065
0.9963
1.00778
1.00778
1.01392
1.03832
1.03832
1.03926
1.09511
1.12037
1.12094
1.12359
1.12971
1.13417
1.14128
1.18104
1.18607
1.19926
1.2752
1.2752
1.28549
1.37207
1.38885
1.42675
1.44036
1.45344
1.56446
1.56446
1.57388
1.58013
1.74113
1.82989
1.9732
2.17921
