0.15287
0.15287
0.157303
0.157303
0.161501
0.161501
0.169234
0.169245
0.177291
0.177898
0.189485
0.190067
0.19825
0.199161
0.206598
0.208589
0.216094
0.219364
0.22633
0.229023
0.233808
0.236474
0.240631
0.243814
0.247294
0.249675
0.254398
0.257457
0.26101
0.26402
0.267662
0.269618
0.273718
0.276572
0.280754
0.283303
0.287019
0.290335
0.29388
0.296579
0.299323
0.301705
0.304145
0.306255
0.309705
0.311926
0.315189
0.317142
0.320061
0.322194
0.325115
0.327161
0.330245
0.331902
0.335168
0.337965
0.340695
0.343801
0.347552
0.349964
0.352385
0.355111
0.357808
0.359894
0.361831
0.363745
0.366493
0.368797
0.371039
0.373778
0.375885
0.378025
0.380183
0.382364
0.384144
0.387368
0.389322
0.391478
0.393587
0.39623
0.398445
0.40106
0.403422
0.405588
0.40836
0.410919
0.413301
0.415563
0.418263
0.420795
0.423397
0.426074
0.42812
0.430359
0.432875
0.435645
0.438014
0.440688
0.442609
0.444912
0.447266
0.449891
0.451782
0.454439
0.456246
0.458794
0.460694
0.463312
0.46552
0.467866
0.470397
0.473169
0.475748
0.478406
0.481174
0.483787
0.4867
0.489307
0.491793
0.494495
0.496933
0.499052
0.501138
0.503381
0.505475
0.507978
0.509555
0.512199
0.513779
0.515748
0.517548
0.519133
0.520921
0.523386
0.525368
0.527374
0.529357
0.531349
0.533295
0.534766
0.537149
0.538923
0.541302
0.543982
0.546112
0.548776
0.551077
0.553412
0.556279
0.558371
0.560749
0.562963
0.565415
0.567848
0.570172
0.572625
0.574725
0.576871
0.579254
0.581787
0.584998
0.587814
0.589929
0.592242
0.594641
0.597951
0.601364
0.604194
0.60659
0.609219
0.611197
0.614227
0.616252
0.618954
0.62214
0.625085
0.627936
0.630427
0.633121
0.636006
0.638459
0.641609
0.643743
0.646671
0.649469
0.652915
0.655774
0.658461
0.66216
0.665215
0.668408
0.671154
0.674894
0.677474
0.680471
0.684136
0.686989
0.689778
0.69292
0.695479
0.699025
0.701802
0.705707
0.708368
0.711308
0.714254
0.716829
0.71993
0.722636
0.725494
0.728811
0.731608
0.734237
0.737677
0.740751
0.743467
0.747016
0.750988
0.755039
0.758855
0.762614
0.765842
0.769274
0.774798
0.778246
0.782467
0.786364
0.791226
0.795279
0.79973
0.804037
0.808934
0.813403
0.818908
0.824134
0.828355
0.833386
0.838098
0.842459
0.846848
0.85175
0.85662
0.862984
0.867762
0.874449
0.88057
0.886597
0.893305
0.899127
0.904611
0.91063
0.916728
0.922486
0.928613
0.934663
0.940115
0.945814
0.951571
0.960223
0.967038
0.973068
0.98005
0.986848
0.993241
0.999209
1.00642
1.01246
1.01746
1.02486
1.03349
1.04212
1.05172
1.06108
1.06849
1.07645
1.08435
1.09277
1.09914
1.10811
1.11751
1.12508
1.1355
1.14546
1.15563
1.16422
1.17455
1.18405
1.19648
1.21434
1.22912
1.24596
1.26499
1.28953
1.33691
1.38061
1.43741
1.47148
1.538
1.6916
1.89244
