0.222958
0.222958
0.314287
0.314287
0.365497
0.365731
0.398132
0.406885
0.433241
0.443002
0.464683
0.479429
0.490115
0.499989
0.508369
0.516361
0.525207
0.534552
0.543193
0.551863
0.557775
0.572463
0.584957
0.600491
0.610206
0.622154
0.628499
0.640627
0.646475
0.660858
0.666237
0.67814
0.682975
0.695051
0.699226
0.711006
0.716024
0.726917
0.735086
0.744345
0.754067
0.762272
0.769849
0.779979
0.789453
0.800098
0.810805
0.818668
0.832674
0.84649
0.859689
0.878205
0.894844
0.912261
0.927873
0.945204
0.963188
0.975077
0.989185
1.00395
1.01918
1.03787
1.05836
1.07442
1.09187
1.10534
1.12594
1.1435
1.16262
1.19166
1.21506
1.24228
1.25993
1.28905
1.3233
1.34905
1.38508
1.40436
1.42496
1.45338
1.51992
1.58862
1.62811
1.65607
1.71119
1.75749
1.80794
1.86311
1.90653
1.93033
1.96236
2.0677
2.17356
2.28811
2.37786
2.48357
2.60965
2.73972
3.00958
3.68871
