0.169756
0.169756
0.283941
0.283941
0.360603
0.360603
0.412941
0.412941
0.427192
0.427192
0.430394
0.430394
0.455097
0.455097
0.471372
0.471372
0.501066
0.501066
0.54802
0.578539
0.590474
0.596958
0.596958
0.604025
0.604025
0.615231
0.615231
0.629099
0.629099
0.657413
0.657413
0.671801
0.671801
0.673137
0.673137
0.702075
0.702075
0.760238
0.760238
0.771631
0.817902
0.911382
0.931097
0.953121
0.984786
0.990348
0.990348
1.00285
1.00285
1.01135
1.05828
1.05828
1.05864
1.07993
1.07993
1.11632
1.13481
1.14115
1.16742
1.1732
1.17921
1.18087
1.18087
1.21838
1.21838
1.24344
1.24344
1.2687
1.28961
1.30815
1.30815
1.31594
1.31594
1.37505
1.38622
1.41231
1.41231
1.43019
1.43562
1.50905
1.53495
1.63957
1.63957
1.66247
1.66247
1.69133
1.72731
1.79076
1.79076
1.84694
1.84694
1.84832
1.88627
2.01588
2.20038
2.26819
2.28877
2.7687
2.80903
3.41519
