0.177017
0.177017
0.264092
0.264092
0.313595
0.315304
0.366088
0.369493
0.406141
0.410954
0.441116
0.448118
0.476038
0.481869
0.493599
0.502745
0.516077
0.524445
0.541345
0.548504
0.56125
0.569135
0.581161
0.595901
0.611527
0.625346
0.640062
0.647686
0.659783
0.665117
0.67539
0.680663
0.691085
0.698394
0.708286
0.72088
0.728711
0.738951
0.752092
0.762412
0.775286
0.794796
0.810296
0.823872
0.839313
0.856122
0.869114
0.884674
0.900698
0.918425
0.938757
0.954654
0.972628
0.986956
1.0021
1.01746
1.03469
1.0477
1.0653
1.07863
1.09239
1.1064
1.11726
1.13347
1.14584
1.16101
1.175
1.18484
1.19638
1.21706
1.23552
1.26293
1.28597
1.30468
1.32838
1.36659
1.41891
1.45017
1.46985
1.50928
1.56719
1.61008
1.64274
1.66409
1.70404
1.75066
1.77242
1.81998
1.87177
1.89733
1.93337
1.97691
2.03498
2.11906
2.23077
2.3043
2.40109
2.69985
2.77391
3.50149
