0.256479
0.256479
0.306576
0.31669
0.345782
0.352564
0.370791
0.374878
0.392095
0.39991
0.417297
0.428956
0.442128
0.447904
0.459353
0.462528
0.476474
0.480341
0.493334
0.500721
0.508294
0.519483
0.525934
0.533012
0.541048
0.548902
0.556884
0.566246
0.578356
0.588697
0.603611
0.613097
0.62954
0.635242
0.652578
0.657921
0.674686
0.679491
0.694003
0.698675
0.719398
0.726381
0.739456
0.744234
0.761555
0.768957
0.788527
0.801222
0.81426
0.833349
0.848832
0.866813
0.886745
0.909186
0.922194
0.938764
0.953393
0.965855
0.978622
1.0002
1.01552
1.02942
1.04586
1.07054
1.08038
1.09836
1.11877
1.14287
1.16386
1.19836
1.23354
1.25752
1.28185
1.30137
1.31933
1.34645
1.3798
1.41344
1.43301
1.45649
1.47633
1.56943
1.62612
1.68387
1.70914
1.73827
1.80138
1.85474
1.88089
1.90593
1.9328
1.98873
2.05552
2.18611
2.28496
2.33896
2.47106
2.66451
2.74649
3.88545
