0.328
0.328
0.328
0.328
0.328
0.332
0.332
0.334
0.334
0.334
0.335
0.335
0.335
0.336
0.339
0.339
0.339
0.341
0.343
0.346
0.349
0.35
0.351
0.355
0.36
0.368
0.374
0.38
0.385
0.39
0.396
0.405
0.424
0.439
0.449
0.464
0.472
0.479
0.482
0.486
0.488
0.5
0.512
0.555
0.57
0.573
0.58
0.587
0.599
0.638
0.651
0.667
0.674
0.678
0.682
0.723
0.751
0.767
0.778
0.787
0.797
0.864
0.872
0.877
0.931
0.945
0.949
0.949
1
1.001
1.001
1.001
1.001
1.001
1.001
1.001
1.001
1.001
1.001
1.001
1.001
1.001
1.002
1.002
1.002
1.002
1.002
1.002
1.002
1.002
1.004
1.006
1.007
1.008
1.014
1.029
1.048
1.07
1.157
1.326
