0.264123
0.264123
0.29791
0.29791
0.329137
0.329137
0.338193
0.338193
0.341013
0.341013
0.357827
0.357827
0.37211
0.37211
0.379147
0.379147
0.422412
0.422412
0.450523
0.485223
0.485867
0.485867
0.557138
0.557138
0.561398
0.561398
0.59046
0.59046
0.596046
0.596046
0.626968
0.626968
0.62813
0.62813
0.67984
0.67984
0.714458
0.714458
0.729157
0.729157
0.774289
0.774289
0.776006
0.776006
0.791991
0.791991
0.811315
0.811315
0.857855
0.885963
0.887407
0.947524
0.95825
0.964071
0.996351
0.996351
1.01278
1.0227
1.0313
1.0313
1.04273
1.0617
1.06368
1.17538
1.21863
1.21863
1.23002
1.23002
1.26929
1.26929
1.27746
1.27746
1.28141
1.28944
1.30815
1.30815
1.32633
1.37378
1.3805
1.38622
1.40465
1.53481
1.55503
1.62568
1.66247
1.66247
1.79076
1.79076
1.82034
1.84694
1.84694
1.88627
2.01588
2.20038
2.26819
2.28877
2.48079
2.6621
2.80903
3.92624
