0.328
0.328
0.328
0.328
0.328
0.328
0.328
0.328
0.328
0.329
0.329
0.329
0.329
0.329
0.33
0.331
0.331
0.332
0.333
0.333
0.333
0.334
0.334
0.335
0.337
0.339
0.339
0.341
0.344
0.348
0.35
0.352
0.353
0.354
0.36
0.361
0.364
0.371
0.371
0.376
0.381
0.385
0.392
0.397
0.401
0.404
0.41
0.414
0.421
0.428
0.434
0.437
0.443
0.45
0.458
0.465
0.469
0.476
0.484
0.491
0.499
0.505
0.511
0.514
0.522
0.527
0.533
0.539
0.545
0.553
0.558
0.56
0.566
0.579
0.587
0.599
0.606
0.611
0.62
0.63
0.641
0.646
0.656
0.665
0.673
0.684
0.688
0.697
0.707
0.711
0.72
0.73
0.745
0.754
0.763
0.766
0.776
0.788
0.796
0.805
0.807
0.818
0.827
0.845
0.855
0.862
0.87
0.879
0.886
0.896
0.91
0.92
0.933
0.94
0.953
0.965
0.974
0.981
0.997
1.007
1.016
1.029
1.042
1.053
1.067
1.083
1.091
1.1
1.111
1.128
1.142
1.157
1.172
1.186
1.199
1.207
1.224
1.233
1.243
1.263
1.277
1.294
1.314
1.324
1.338
1.35
1.364
1.381
1.402
1.42
1.442
1.455
1.473
1.498
1.514
1.528
1.55
1.574
1.592
1.615
1.64
1.66
1.685
1.721
1.754
1.787
1.816
1.854
1.892
1.921
1.948
1.985
2.017
2.048
2.082
2.123
2.165
2.212
2.267
2.312
2.381
2.421
2.466
2.537
2.602
2.674
2.746
2.901
3.129
3.309
3.395
3.533
3.623
3.891
4.14
4.558
4.804
5.135
5.232
5.34
