0.158361
0.158361
0.178268
0.178268
0.180777
0.180777
0.198366
0.198366
0.212954
0.212954
0.249253
0.252103
0.256133
0.256133
0.256761
0.256761
0.294874
0.294874
0.296659
0.296659
0.303673
0.303673
0.321318
0.325193
0.325193
0.333195
0.333195
0.335957
0.335957
0.339488
0.339488
0.347209
0.347209
0.354822
0.354822
0.359514
0.359514
0.38249
0.38249
0.39344
0.39344
0.405868
0.405868
0.415438
0.415438
0.445286
0.446738
0.446738
0.455693
0.457912
0.457912
0.463016
0.464553
0.464553
0.46519
0.46519
0.472157
0.472157
0.478545
0.482718
0.488163
0.493802
0.494102
0.510464
0.510464
0.558505
0.564843
0.564843
0.56883
0.56883
0.573844
0.57958
0.57958
0.58818
0.58818
0.592994
0.592994
0.593096
0.593096
0.59492
0.596453
0.599869
0.599869
0.611388
0.622838
0.62409
0.62409
0.624986
0.625666
0.63205
0.63205
0.649568
0.655599
0.655599
0.663365
0.663365
0.664672
0.664672
0.667443
0.667443
0.674642
0.67515
0.684357
0.684357
0.691898
0.691898
0.696677
0.698593
0.700342
0.700342
0.700839
0.700839
0.704893
0.710833
0.720058
0.720956
0.720956
0.725885
0.752473
0.752473
0.762427
0.774028
0.785217
0.785422
0.789464
0.789464
0.79327
0.79327
0.79338
0.79338
0.794602
0.798058
0.806085
0.838106
0.851551
0.865127
0.866606
0.867941
0.867941
0.901416
0.901416
0.910087
0.910087
0.922475
0.926825
0.933568
0.936072
0.936072
0.948903
0.94986
0.955359
0.958155
0.958155
0.964749
0.985755
0.988999
0.998659
0.998659
1.00721
1.03398
1.03398
1.04085
1.06196
1.0806
1.08319
1.08555
1.08991
1.0909
1.11686
1.11714
1.13174
1.13174
1.13637
1.14095
1.14095
1.17977
1.18734
1.25463
1.25953
1.26145
1.30351
1.3244
1.35065
1.42714
1.44671
1.44676
1.45856
1.46226
1.46226
1.47492
1.47637
1.54168
1.71246
1.72643
1.73262
1.76382
1.78934
2.17464
2.50176
2.65686
