0
0
0
0
0
0
0
0
0
0
0
0
0
0
0
0
0
0
0
0
0
0
0
0
0
0
0
0
0
0
0
0
0
0
0
0
0
0
0
0
0
0
0.02
0.02
0.02
0.03
0.05
0.06
0.06
0.06
0.06
0.06
0.07
0.07
0.07
0.07
0.07
0.07
0.07
0.07
0.08
0.08
0.08
0.08
0.08
0.08
0.08
0.09
0.09
0.09
0.09
0.09
0.09
0.09
0.1
0.1
0.11
0.11
0.11
0.11
0.11
0.11
0.11
0.12
0.12
0.13
0.13
0.13
0.13
0.13
0.13
0.13
0.13
0.13
0.14
0.15
0.15
0.17
0.17
0.18
0.18
0.2
0.2
0.21
0.25
0.3
0.31
0.32
0.33
0.33
0.33
0.36
0.4
0.45
0.48
0.52
0.53
0.55
0.57
0.58
0.59
0.6
0.61
0.61
0.64
0.65
0.65
0.67
0.67
0.67
0.69
0.72
0.73
0.75
0.79
0.8
0.81
0.81
0.81
0.85
0.9
0.94
0.96
0.97
0.97
1.01
1.03
1.05
1.07
1.11
1.11
1.12
1.14
1.16
1.17
1.21
1.23
1.26
1.28
1.29
1.29
1.29
1.31
1.31
1.32
1.35
1.37
1.4
1.43
1.47
1.52
1.55
1.61
1.66
1.68
1.71
1.73
1.74
1.78
1.82
1.88
1.95
2.05
2.19
2.24
2.32
2.4
2.52
2.68
2.8
2.96
3.23
3.43
3.59
3.79
3.93
4.13
4.37
5.01
6.28
