0.273377
0.273377
0.288045
0.288045
0.297385
0.297385
0.30192
0.30192
0.30885
0.30885
0.334321
0.334321
0.339556
0.342437
0.342437
0.34918
0.34918
0.350092
0.350092
0.371513
0.371513
0.372638
0.372638
0.382834
0.384784
0.384784
0.390866
0.390866
0.408854
0.408854
0.411402
0.411402
0.411765
0.411765
0.413812
0.413812
0.416796
0.416796
0.417551
0.417551
0.426839
0.426839
0.436737
0.436737
0.446824
0.446824
0.446992
0.453034
0.453034
0.455282
0.455282
0.464239
0.464239
0.472089
0.472089
0.475314
0.481138
0.482103
0.482103
0.483905
0.483905
0.486447
0.486447
0.496963
0.496963
0.518364
0.518364
0.539668
0.539668
0.543076
0.544643
0.545283
0.545283
0.552378
0.552378
0.556231
0.560653
0.573093
0.573093
0.603457
0.603457
0.606629
0.619106
0.621284
0.641559
0.641559
0.648016
0.648016
0.658253
0.658253
0.660176
0.668351
0.669971
0.686169
0.695796
0.696976
0.698305
0.698305
0.708969
0.708969
0.710297
0.710297
0.718864
0.725091
0.725091
0.727737
0.737815
0.737815
0.746991
0.746991
0.750258
0.750258
0.750621
0.751222
0.752224
0.761304
0.767924
0.767924
0.779687
0.785767
0.785767
0.785832
0.791978
0.796971
0.799311
0.799311
0.804289
0.826828
0.826828
0.828423
0.835307
0.835307
0.845498
0.85154
0.861548
0.861653
0.864766
0.8662
0.885636
0.887475
0.887475
0.890654
0.891176
0.891176
0.911063
0.911063
0.915408
0.917161
0.971825
0.972259
0.984904
0.993324
0.997025
0.99714
0.99714
1.01718
1.02203
1.02203
1.02755
1.02755
1.02893
1.04703
1.04796
1.04962
1.0561
1.06351
1.06628
1.06866
1.06931
1.11233
1.11233
1.11321
1.1178
1.1178
1.13661
1.15407
1.15491
1.15491
1.15585
1.15691
1.19925
1.2362
1.25673
1.33365
1.38581
1.47303
1.47303
1.53536
1.58296
1.58592
1.65727
1.7607
1.7662
1.7819
1.78744
1.90014
1.91109
2.10966
2.57834
2.69187
