1
1
1
1
1
1
1
1
1
1
1
1
1
1
1
1
1
1
1
1
1
1
1
1
1
1
1
1
1
1
1
1
1
1
1
1
1
1
1
1
1
1
1
1
1
1
1
1
1
1
1
1
1
1
1
1
1
1
1
1
1
1
1
1
1
1
1
1
1
1
1
1
1
1
1
1
1
1
1
1
1
1
1
1
1
1
1
1
1
1
1
1
1
1
1
1
1
1
1
1
1
1
1
1
1
1
1
1
1
1
1
1
1
1
1
1
1
1
1
1
1
1
1
1
1
1
1
1
1
1
1
1
1
1
1
1
1
1
1
1
1
1
1
1
1.039
1.059
1.061
1.064
1.107
1.138
1.15
1.202
1.22
1.284
1.305
1.342
1.364
1.373
1.376
1.378
1.415
1.426
1.468
1.526
1.557
1.582
1.615
1.634
1.642
1.677
1.688
1.698
1.716
1.764
1.785
1.83
1.925
2.024
2.125
2.211
2.289
2.382
2.482
2.596
2.693
2.783
2.856
2.923
2.992
3.11
3.347
3.508
3.711
3.926
4.097
4.33
4.609
5.046
5.201
5.37
