0.167124
0.167124
0.186364
0.187759
0.214853
0.216941
0.234326
0.236732
0.249105
0.252041
0.263829
0.268589
0.277783
0.282193
0.291613
0.296293
0.305456
0.312554
0.320381
0.326469
0.333451
0.339
0.346519
0.353497
0.359715
0.364485
0.370958
0.37766
0.383466
0.388701
0.392666
0.399115
0.402729
0.409043
0.41416
0.419625
0.425137
0.430427
0.435878
0.441342
0.446079
0.451105
0.455938
0.46151
0.465224
0.470123
0.473429
0.47784
0.481596
0.485176
0.488873
0.493335
0.496751
0.501312
0.505034
0.509133
0.512317
0.51689
0.521018
0.52595
0.529547
0.534405
0.538363
0.541768
0.545924
0.550228
0.553763
0.55749
0.56106
0.56331
0.567272
0.57043
0.574089
0.577799
0.581376
0.5853
0.589706
0.593947
0.59771
0.600669
0.604597
0.607333
0.6109
0.614495
0.61885
0.621638
0.625857
0.629313
0.633572
0.63698
0.640532
0.64464
0.648802
0.654219
0.657631
0.662354
0.665073
0.669795
0.672796
0.677027
0.680609
0.684065
0.688415
0.692401
0.695756
0.700251
0.704704
0.709556
0.714224
0.719002
0.723803
0.729098
0.735065
0.740555
0.746243
0.752432
0.757151
0.762309
0.768303
0.773613
0.780989
0.786825
0.792356
0.797671
0.804241
0.810435
0.816283
0.822178
0.828023
0.833959
0.840115
0.845809
0.85159
0.857183
0.863617
0.870303
0.875431
0.881905
0.888539
0.895233
0.90234
0.91015
0.915701
0.924045
0.931822
0.939341
0.945893
0.955576
0.962143
0.970386
0.976884
0.985221
0.992924
0.999917
1.00636
1.01481
1.02231
1.0308
1.03868
1.0458
1.05595
1.06473
1.07219
1.08075
1.08872
1.09788
1.106
1.11563
1.12487
1.13326
1.14798
1.1592
1.17398
1.18702
1.20705
1.22214
1.24037
1.25971
1.28157
1.29789
1.31844
1.34356
1.37613
1.40296
1.43292
1.46172
1.48572
1.50429
1.51579
1.53525
1.56736
1.59031
1.62584
1.65243
1.69716
1.76455
1.88454
1.98876
2.58136
2.99113
