0.166779
0.166779
0.187228
0.187453
0.210778
0.2119
0.23334
0.234608
0.250148
0.253915
0.268786
0.276944
0.288644
0.298909
0.306564
0.312388
0.320223
0.328058
0.334413
0.34309
0.347912
0.355097
0.358497
0.36642
0.3696
0.378722
0.38203
0.39035
0.39562
0.403213
0.407786
0.413833
0.418148
0.425661
0.430311
0.43764
0.441486
0.44679
0.451834
0.456306
0.459654
0.463468
0.467732
0.471623
0.476244
0.47988
0.484666
0.489123
0.492946
0.496963
0.500145
0.5031
0.506958
0.509781
0.513333
0.516229
0.519252
0.522728
0.525243
0.529181
0.531947
0.535575
0.538909
0.543014
0.546131
0.550334
0.553909
0.556858
0.560347
0.563441
0.567285
0.570763
0.574406
0.57702
0.580929
0.583949
0.587056
0.590182
0.593687
0.596258
0.599221
0.602752
0.606875
0.610058
0.613311
0.616753
0.620666
0.624298
0.627588
0.631309
0.634546
0.63772
0.641637
0.644303
0.648567
0.651764
0.655407
0.658787
0.663331
0.668128
0.671667
0.677066
0.682855
0.687194
0.690773
0.695966
0.699759
0.703866
0.708893
0.713751
0.718643
0.723765
0.728255
0.733561
0.738385
0.743318
0.747134
0.751206
0.757261
0.763278
0.768456
0.772288
0.778394
0.781979
0.78725
0.791318
0.796706
0.801508
0.807515
0.81306
0.819657
0.824893
0.830147
0.837408
0.843825
0.852455
0.858569
0.865621
0.872555
0.881158
0.887943
0.896153
0.903499
0.911263
0.920116
0.92777
0.934198
0.941187
0.94976
0.959544
0.968697
0.97708
0.985912
0.995135
1.00363
1.01267
1.0208
1.02767
1.03477
1.04337
1.05259
1.0598
1.06762
1.07541
1.0832
1.09012
1.09915
1.10518
1.11559
1.12461
1.13899
1.14821
1.15741
1.17079
1.18375
1.19732
1.21134
1.23069
1.25643
1.28324
1.31806
1.34956
1.37087
1.38798
1.40669
1.42574
1.45088
1.46765
1.48153
1.50633
1.53597
1.5799
1.62038
1.65126
1.69474
1.73402
1.79855
1.98558
2.59192
2.72309
