0.154794
0.154794
0.155288
0.155288
0.174841
0.174841
0.197709
0.197709
0.218607
0.218607
0.22087
0.22087
0.222872
0.222872
0.25937
0.25937
0.263128
0.263128
0.268465
0.268465
0.274229
0.274229
0.290601
0.290601
0.294616
0.294616
0.299095
0.299095
0.30393
0.30393
0.304014
0.304014
0.305331
0.305331
0.309808
0.309808
0.312526
0.315755
0.315755
0.322615
0.322615
0.325306
0.325306
0.325864
0.32596
0.32596
0.326983
0.326983
0.329314
0.329314
0.342686
0.342686
0.345649
0.345649
0.350277
0.350277
0.350522
0.350522
0.350824
0.350824
0.360972
0.361667
0.361667
0.362476
0.366546
0.366546
0.381565
0.381565
0.382758
0.390248
0.39069
0.39069
0.395245
0.395245
0.396955
0.396955
0.407621
0.407621
0.40883
0.40883
0.411386
0.411386
0.412469
0.412469
0.414824
0.414824
0.4265
0.4265
0.443664
0.446192
0.452424
0.452424
0.452706
0.45565
0.45565
0.456709
0.456709
0.456978
0.468477
0.469527
0.471782
0.471782
0.473105
0.473105
0.480266
0.482261
0.482261
0.482846
0.482846
0.48852
0.489753
0.49348
0.495441
0.495441
0.497312
0.50575
0.50575
0.508592
0.508592
0.510055
0.516896
0.517512
0.522138
0.528239
0.528239
0.536969
0.53728
0.53728
0.540364
0.540364
0.541027
0.541027
0.542089
0.542089
0.542602
0.548426
0.558508
0.558508
0.564092
0.564098
0.564098
0.578494
0.58392
0.591003
0.593231
0.593234
0.593234
0.59353
0.594557
0.611833
0.614503
0.614503
0.615137
0.615137
0.615681
0.61646
0.61646
0.619898
0.623817
0.624624
0.624624
0.625479
0.62813
0.62813
0.629087
0.629486
0.630216
0.630216
0.6328
0.6328
0.636633
0.638999
0.640419
0.64596
0.650819
0.650819
0.653416
0.653416
0.662376
0.673491
0.673491
0.676048
0.676048
0.677837
0.677837
0.67984
0.67984
0.686318
0.686318
0.686464
0.686554
0.686554
0.690039
0.690039
0.690919
0.69263
0.695685
0.695685
0.696742
0.698833
0.701203
0.711564
0.711564
0.713782
0.721745
0.727657
0.727657
0.728076
0.728329
0.743244
0.743244
0.771067
0.774353
0.775016
0.775016
0.776116
0.776116
0.777816
0.782451
0.791614
0.791614
0.791695
0.79535
0.79535
0.809982
0.811315
0.811315
0.811773
0.811773
0.826387
0.831449
0.832585
0.833161
0.83372
0.83372
0.855924
0.864578
0.895363
0.900987
0.901029
0.901029
0.903061
0.905662
0.90567
0.907805
0.911679
0.911679
0.92972
0.92972
0.94847
0.94847
0.970862
0.970862
0.971514
0.971514
0.972468
0.976586
0.990166
0.990166
0.99168
0.99168
0.992613
0.992613
1.00173
1.00173
1.01362
1.01804
1.05276
1.05361
1.06959
1.07151
1.07151
1.07156
1.0966
1.1
1.10381
1.11034
1.11034
1.1303
1.1303
1.16223
1.17531
1.18566
1.22015
1.22212
1.22332
1.24352
1.25267
1.26666
1.32302
1.40465
1.41802
1.45689
1.47194
1.50818
1.52058
1.5859
1.75131
1.78224
2.4325
