0.161802
0.161802
0.173651
0.173651
0.185702
0.185876
0.197374
0.197716
0.209446
0.2101
0.216588
0.217707
0.225201
0.226746
0.231841
0.234963
0.240813
0.242534
0.248048
0.250481
0.255981
0.259041
0.264266
0.267031
0.27057
0.27391
0.277951
0.281124
0.284047
0.28716
0.290481
0.293514
0.296579
0.299152
0.302316
0.30512
0.307943
0.310505
0.31356
0.316175
0.318696
0.320884
0.324268
0.32618
0.329317
0.331416
0.334945
0.336737
0.340118
0.341979
0.344367
0.346301
0.348416
0.350659
0.352643
0.35551
0.35768
0.360148
0.361985
0.363819
0.365659
0.367243
0.369112
0.371549
0.373568
0.376067
0.378225
0.380658
0.382326
0.383983
0.385653
0.3873
0.389095
0.390332
0.392617
0.394004
0.396242
0.397703
0.400153
0.402503
0.404506
0.406199
0.407973
0.409913
0.411782
0.413724
0.415439
0.417238
0.41902
0.420719
0.422505
0.42428
0.426061
0.42819
0.430049
0.43199
0.433674
0.436373
0.438119
0.441028
0.443098
0.445582
0.447732
0.449384
0.451483
0.453565
0.45641
0.4585
0.460687
0.463085
0.465291
0.468348
0.470527
0.47367
0.476119
0.478889
0.481186
0.48403
0.4865
0.488752
0.491263
0.493929
0.496897
0.499744
0.502432
0.505313
0.508078
0.510616
0.512852
0.516249
0.51911
0.521862
0.525569
0.528371
0.531159
0.533942
0.536609
0.53914
0.542064
0.544674
0.547358
0.549987
0.55249
0.55502
0.55737
0.559759
0.562045
0.564956
0.567936
0.570384
0.572768
0.575883
0.578569
0.581044
0.583866
0.586367
0.589153
0.591195
0.594215
0.596457
0.599029
0.601176
0.604403
0.607281
0.609746
0.612286
0.614691
0.616846
0.619688
0.622574
0.625324
0.627499
0.629755
0.632741
0.635256
0.637975
0.640674
0.643633
0.646759
0.649045
0.651966
0.654384
0.65707
0.659949
0.662896
0.666105
0.668701
0.671953
0.674396
0.678146
0.681182
0.683673
0.686824
0.690427
0.693905
0.696381
0.699918
0.702899
0.706005
0.708743
0.711255
0.7139
0.716883
0.720375
0.722715
0.72586
0.729293
0.732475
0.735773
0.738957
0.743149
0.746642
0.750515
0.754503
0.758754
0.762273
0.765407
0.769087
0.772813
0.776848
0.779795
0.783752
0.787806
0.791866
0.795518
0.799923
0.80406
0.808189
0.813103
0.819664
0.824783
0.830674
0.836817
0.843375
0.849056
0.855717
0.862327
0.867436
0.873408
0.878055
0.884307
0.888668
0.894861
0.900889
0.906017
0.911777
0.916722
0.921149
0.926758
0.93253
0.940332
0.946261
0.951696
0.957349
0.962455
0.967897
0.973891
0.981509
0.987322
0.993845
1.00074
1.00944
1.01804
1.02869
1.03921
1.05023
1.06116
1.072
1.08111
1.09189
1.10183
1.11073
1.12243
1.1315
1.14168
1.15005
1.16381
1.18127
1.19558
1.21101
1.22695
1.24101
1.25474
1.2701
1.28789
1.30456
1.32573
1.35745
1.38597
1.41153
1.4385
1.46479
1.48999
1.51252
1.54917
1.58318
1.62181
1.67615
1.80999
2.2821
