0.59
0.75
0.82
0.86
0.88
0.94
1.06
1.14
1.19
1.23
1.24
1.25
1.27
1.27
1.29
1.33
1.33
1.33
1.37
1.41
1.42
1.46
1.5
1.52
1.54
1.56
1.58
1.62
1.64
1.65
1.65
1.66
1.66
1.67
1.71
1.72
1.73
1.74
1.76
1.78
1.83
1.85
1.91
1.96
1.99
2.01
2.04
2.09
2.11
2.14
2.15
2.17
2.18
2.18
2.18
2.21
2.23
2.25
2.26
2.28
2.31
2.32
2.34
2.36
2.37
2.37
2.38
2.39
2.42
2.44
2.44
2.44
2.45
2.45
2.49
2.52
2.54
2.55
2.55
2.55
2.57
2.58
2.58
2.58
2.59
2.62
2.62
2.63
2.63
2.64
2.65
2.65
2.65
2.66
2.67
2.7
2.71
2.75
2.77
2.81
2.85
2.87
2.89
2.93
2.94
2.95
2.98
3.01
3.02
3.03
3.04
3.05
3.08
3.1
3.13
3.16
3.2
3.23
3.24
3.24
3.24
3.24
3.26
3.29
3.33
3.34
3.34
3.35
3.35
3.37
3.38
3.39
3.4
3.41
3.42
3.43
3.43
3.43
3.43
3.44
3.46
3.46
3.47
3.49
3.49
3.49
3.49
3.51
3.51
3.53
3.53
3.55
3.58
3.58
3.61
3.62
3.62
3.63
3.65
3.66
3.67
3.68
3.71
3.71
3.76
3.77
3.78
3.81
3.87
3.91
3.94
3.96
3.99
4.01
4.05
4.06
4.06
4.08
4.12
4.15
4.18
4.21
4.23
4.23
4.24
4.24
4.27
4.27
4.28
4.28
4.31
4.34
4.34
4.34
4.35
4.35
4.35
4.36
4.36
4.37
4.38
4.4
4.41
4.41
4.42
4.45
4.48
4.49
4.5
4.53
4.55
4.58
4.58
4.61
4.65
4.69
4.72
4.74
4.74
4.74
4.78
4.82
4.84
4.86
4.87
4.89
4.92
4.96
4.97
5.01
5.02
5.09
5.11
5.18
5.2
5.21
5.24
5.27
5.28
5.3
5.31
5.32
5.33
5.34
5.35
5.35
5.38
5.41
5.48
5.52
5.56
5.59
5.66
5.7
5.78
5.81
5.85
5.92
5.96
6.01
6.08
6.1
6.17
6.26
6.3
6.37
6.43
6.48
6.51
6.56
6.6
6.64
6.7
6.74
6.8
6.91
7
7.12
7.2
7.26
7.36
7.46
7.56
7.78
7.96
8.21
8.63
9.06
9.9
10.87
11.42
11.88
12.66
13.41
14.43
15.7
17.87
20.71
23.88
29.29
