1
1
1
1
1
1
1
1
1
1
1
1
1
1
1
1
1
1
1
1
1
1
1
1
1
1
1
1
1
1
1
1
1
1
1
1
1
1
1
1
1
1
1
1
1
1
1
1
1
1
1
1
1
1
1
1
1
1
1
1
1
1
1
1
1
1
1
1
1
1
1
1
1
1
1
1
1
1
1
1
1
1
1
1
1
1
1
1
1
1
1
1
1
1
1
1
1
1
1
1
1
1
1
1
1
1
1
1
1
1
1
1
1
1
1
1
1
1
1
1
1
1
1
1
1
1
1
1
1
1
1
1
1
1
1
1
1
1
1
1
1
1
1
1
1
1
1
1
1
1
1
1
1
1
1
1
1
1
1
1
1
1
1
1
1
1
1
1
1
1
1
1
1
1
1
1
1
1
1
1
1
1
1
1
1
1
1
1
1
1
1
1
1
1
1
1
1
1
1
1
1
1
1
1
1
1
1
1
1
1
1
1
1
1
1
1
1
1
1
1
1
1
1
1
1
1
1
1
1
1
1
1
1
1
1
1
1
1
1
1
1
1
1
1
1.037
1.059
1.067
1.068
1.068
1.069
1.076
1.127
1.145
1.149
1.2
1.221
1.232
1.256
1.262
1.277
1.28
1.285
1.298
1.321
1.329
1.332
1.356
1.371
1.407
1.417
1.432
1.479
1.49
1.491
1.529
1.601
1.654
1.708
1.751
1.801
1.824
1.89
1.96
2.064
2.182
2.311
2.446
2.557
2.736
2.943
3.027
3.179
3.267
3.44
3.603
3.72
3.85
4.214
4.574
5.317
