0.328
0.328
0.328
0.328
0.328
0.328
0.328
0.328
0.328
0.328
0.328
0.328
0.328
0.328
0.328
0.328
0.328
0.328
0.328
0.329
0.33
0.331
0.331
0.332
0.332
0.332
0.333
0.333
0.333
0.334
0.334
0.334
0.334
0.335
0.335
0.336
0.336
0.336
0.336
0.336
0.337
0.338
0.338
0.339
0.339
0.339
0.339
0.341
0.342
0.343
0.343
0.343
0.343
0.343
0.343
0.345
0.346
0.346
0.346
0.347
0.347
0.347
0.348
0.35
0.35
0.351
0.351
0.351
0.352
0.352
0.353
0.354
0.354
0.354
0.356
0.356
0.356
0.356
0.356
0.357
0.357
0.357
0.359
0.36
0.361
0.363
0.363
0.364
0.364
0.364
0.364
0.366
0.367
0.369
0.37
0.37
0.37
0.371
0.372
0.373
0.374
0.374
0.374
0.376
0.376
0.377
0.378
0.378
0.378
0.379
0.381
0.381
0.382
0.382
0.386
0.386
0.387
0.388
0.388
0.39
0.391
0.391
0.392
0.392
0.392
0.392
0.393
0.394
0.397
0.399
0.402
0.405
0.408
0.41
0.411
0.414
0.418
0.418
0.418
0.418
0.421
0.421
0.421
0.422
0.425
0.427
0.427
0.429
0.43
0.433
0.435
0.439
0.439
0.44
0.443
0.447
0.452
0.456
0.46
0.464
0.467
0.47
0.479
0.489
0.495
0.501
0.506
0.512
0.514
0.516
0.518
0.521
0.521
0.522
0.524
0.526
0.527
0.529
0.532
0.533
0.537
0.542
0.544
0.546
0.549
0.553
0.555
0.558
0.56
0.562
0.564
0.566
0.568
0.576
0.581
0.588
0.601
0.61
0.616
0.624
0.631
0.635
0.641
0.642
0.646
0.648
0.654
0.665
0.67
0.68
0.691
0.701
0.708
0.716
0.722
0.724
0.728
0.73
0.732
0.736
0.74
0.743
0.747
0.751
0.758
0.767
0.774
0.783
0.793
0.808
0.818
0.821
0.824
0.831
0.84
0.845
0.847
0.858
0.87
0.882
0.891
0.898
0.901
0.903
0.909
0.915
0.925
0.93
0.94
0.951
0.959
0.961
0.961
0.967
0.983
1.002
1.009
1.011
1.015
1.015
1.018
1.02
1.023
1.024
1.025
1.028
1.029
1.031
1.034
1.04
1.046
1.05
1.057
1.064
1.068
1.074
1.079
1.096
1.102
1.11
1.117
1.138
1.16
1.193
1.232
1.283
1.321
1.359
1.395
1.446
1.483
1.538
1.589
1.706
1.798
1.911
2.034
2.188
2.403
2.667
