0
0
0
0
0
0
0
0
0
0
0
0
0
0
0
0
0
0
0
0
0
0
0
0
0
0
0
0
0
0
0
0
0
0
0
0
0.04
0.13
0.24
0.32
0.41
0.5
0.57
0.69
0.76
0.8
0.85
0.91
0.95
0.97
0.98
0.98
0.98
0.98
0.98
0.98
0.98
0.98
0.98
0.98
0.98
0.98
0.98
0.98
0.98
0.98
0.98
0.98
0.98
0.98
0.98
0.98
0.98
0.98
0.98
0.98
0.98
0.98
0.98
0.98
0.98
0.98
0.98
0.98
0.98
0.98
0.99
1
1.06
1.09
1.14
1.16
1.2
1.24
1.27
1.31
1.37
1.41
1.5
1.56
1.62
1.66
1.72
1.76
1.8
1.83
1.85
1.86
1.87
1.87
1.87
1.89
1.9
1.92
1.93
1.95
1.95
1.96
1.96
1.96
1.96
1.96
1.96
1.96
1.96
1.96
1.96
1.96
1.96
1.96
1.96
1.96
1.96
1.96
1.96
1.96
1.96
1.96
1.96
1.96
1.96
1.96
1.96
1.99
2
2.07
2.09
2.16
2.22
2.28
2.38
2.42
2.48
2.5
2.54
2.58
2.61
2.63
2.67
2.71
2.71
2.71
2.72
2.74
2.75
2.76
2.8
2.83
2.85
2.86
2.88
2.91
2.94
2.94
2.94
2.94
2.94
2.94
2.94
2.94
2.94
2.94
2.94
2.94
2.94
2.94
2.94
2.94
2.94
2.94
2.94
2.94
2.96
2.97
2.99
3.02
3.07
3.12
3.15
3.22
3.28
3.36
3.38
3.46
3.5
3.57
3.58
3.6
3.63
3.66
3.7
3.73
3.74
3.74
3.77
3.8
3.8
3.83
3.85
3.86
3.88
3.88
3.88
3.89
3.92
3.92
3.92
3.92
3.92
3.92
3.92
3.92
3.92
3.92
3.92
3.92
3.92
3.92
3.92
3.92
3.93
3.94
3.95
3.99
4.05
4.08
4.11
4.16
4.23
4.3
4.34
4.37
4.41
4.45
4.5
4.56
4.59
4.61
4.65
4.66
4.7
4.74
4.81
4.83
4.86
4.88
4.9
4.91
4.91
4.92
4.93
4.94
4.97
5.01
5.06
5.17
5.26
5.33
5.39
5.41
5.44
5.48
5.55
5.57
5.62
5.68
5.71
5.73
5.84
6
6.15
6.4
6.58
6.64
6.67
6.73
6.87
7.15
7.49
8.18
