0.206915
0.206915
0.279116
0.281094
0.325521
0.331165
0.370016
0.37453
0.415082
0.420843
0.43996
0.450373
0.46769
0.48143
0.496195
0.514792
0.525074
0.555214
0.563807
0.590988
0.602526
0.618339
0.635289
0.645452
0.662237
0.671353
0.692577
0.705005
0.720063
0.732784
0.744384
0.755714
0.767733
0.777633
0.795979
0.816143
0.831782
0.841228
0.8468
0.85355
0.858622
0.867684
0.876089
0.883802
0.898825
0.910185
0.920878
0.932685
0.945447
0.96202
0.975477
0.986183
0.999142
1.01059
1.02172
1.03452
1.04946
1.06345
1.07595
1.0901
1.10399
1.1166
1.1284
1.14109
1.15279
1.16524
1.17679
1.18922
1.20463
1.21634
1.2302
1.24131
1.25721
1.26953
1.28094
1.2926
1.31491
1.37178
1.38724
1.40427
1.47963
1.48849
1.51725
1.5553
1.57948
1.6302
1.66793
1.70073
1.74534
1.82171
1.86167
1.92865
1.9924
2.04245
2.135
2.17981
2.23243
2.30281
2.7889
3.59048
