0.328
0.328
0.328
0.328
0.33
0.332
0.333
0.334
0.335
0.335
0.337
0.337
0.339
0.342
0.343
0.346
0.348
0.349
0.35
0.354
0.36
0.364
0.369
0.371
0.381
0.386
0.391
0.402
0.415
0.431
0.442
0.453
0.46
0.468
0.478
0.49
0.504
0.517
0.527
0.538
0.555
0.575
0.596
0.616
0.631
0.653
0.67
0.699
0.714
0.739
0.76
0.778
0.801
0.823
0.847
0.868
0.898
0.925
0.947
0.97
0.99
1.026
1.05
1.083
1.106
1.138
1.167
1.204
1.235
1.266
1.308
1.343
1.382
1.418
1.451
1.508
1.561
1.621
1.7
1.791
1.896
1.961
2.006
2.173
2.33
2.412
2.525
2.627
2.736
2.876
2.982
3.18
3.403
3.569
3.758
3.996
4.206
4.317
4.606
4.894
