0.150366
0.150366
0.162433
0.162433
0.175897
0.175897
0.251214
0.251214
0.274137
0.274137
0.34051
0.34051
0.368855
0.368855
0.381181
0.381181
0.472424
0.472424
0.512601
0.512601
0.552244
0.552244
0.590535
0.590535
0.591312
0.591312
0.641387
0.650434
0.650499
0.650499
0.698295
0.705148
0.705148
0.706032
0.706032
0.770096
0.770096
0.797146
0.797146
0.818342
0.873557
0.873557
0.875107
0.880749
0.880749
0.881109
0.890665
0.932323
0.932323
0.961425
0.981818
1.05662
1.05941
1.07961
1.07977
1.0853
1.10202
1.10276
1.10301
1.10674
1.13845
1.13845
1.15684
1.16947
1.18524
1.18524
1.19295
1.22975
1.22975
1.23321
1.23321
1.28676
1.28676
1.29584
1.31291
1.33262
1.35103
1.35328
1.38077
1.38077
1.38822
1.49519
1.49519
1.55293
1.56067
1.60953
1.72118
1.73823
1.75345
1.75677
1.80987
1.8286
1.92638
2.19404
2.21519
2.39235
2.58405
2.62459
3.11034
3.3156
