0.190838
0.190838
0.245733
0.245733
0.272105
0.272105
0.303661
0.303661
0.332153
0.332268
0.35872
0.360101
0.389539
0.393102
0.418296
0.421845
0.453291
0.463002
0.486166
0.493039
0.510825
0.519767
0.543889
0.559348
0.599057
0.610877
0.626626
0.638105
0.655184
0.666369
0.673044
0.689095
0.697636
0.713502
0.724928
0.739159
0.751133
0.767206
0.803933
0.819927
0.839596
0.853799
0.863142
0.870817
0.886422
0.896429
0.911141
0.92508
0.945699
0.959521
0.974483
0.988196
0.99983
1.01285
1.02209
1.0319
1.04246
1.05358
1.06321
1.07635
1.0869
1.10131
1.1148
1.12787
1.14
1.15202
1.16348
1.1775
1.19459
1.2112
1.22466
1.24501
1.26001
1.27816
1.30564
1.32182
1.35989
1.39468
1.41644
1.44329
1.47643
1.50422
1.53915
1.5518
1.57938
1.6223
1.66189
1.68856
1.74268
1.78501
1.85366
1.92324
1.98575
2.03879
2.13034
2.17986
2.23883
2.31136
2.77097
3.59048
