0.169885
0.169885
0.186242
0.186242
0.209728
0.209728
0.228366
0.228457
0.24771
0.247865
0.261827
0.262331
0.277574
0.280065
0.292494
0.29621
0.305734
0.309258
0.319206
0.322368
0.331855
0.334563
0.344328
0.348057
0.354844
0.359357
0.365681
0.372113
0.378725
0.382538
0.388638
0.393001
0.399488
0.404948
0.408149
0.413709
0.417968
0.422963
0.42687
0.431664
0.435687
0.441425
0.445392
0.449773
0.454948
0.457927
0.461386
0.465081
0.469052
0.473532
0.476835
0.481323
0.484882
0.48842
0.493008
0.497081
0.500484
0.50395
0.506696
0.510853
0.514903
0.517796
0.521744
0.524568
0.529344
0.534105
0.53809
0.542645
0.546297
0.55017
0.553704
0.557234
0.561255
0.565283
0.569224
0.571993
0.576162
0.579629
0.583991
0.587749
0.591582
0.596425
0.599955
0.604032
0.607722
0.61106
0.614584
0.617952
0.621619
0.624247
0.626697
0.62993
0.634364
0.637305
0.641425
0.64577
0.651554
0.655781
0.661478
0.666371
0.67018
0.674431
0.6779
0.683564
0.686662
0.69066
0.694522
0.698828
0.702449
0.706549
0.709849
0.713266
0.717555
0.721198
0.724351
0.728475
0.732405
0.736962
0.741691
0.746997
0.751777
0.756428
0.760508
0.764323
0.769187
0.772926
0.777164
0.781114
0.786359
0.791801
0.796492
0.801342
0.805706
0.809543
0.814159
0.818924
0.824486
0.831688
0.837017
0.843063
0.849673
0.857247
0.862921
0.870419
0.87842
0.884697
0.892221
0.899112
0.905677
0.913069
0.920977
0.928267
0.935383
0.943207
0.95105
0.958367
0.967862
0.97868
0.986583
0.997635
1.00797
1.02002
1.0347
1.04461
1.05454
1.06571
1.0753
1.08786
1.09893
1.11148
1.12648
1.14471
1.15964
1.17253
1.19363
1.20978
1.23243
1.2471
1.26414
1.27929
1.29386
1.30649
1.3194
1.333
1.34793
1.36626
1.39153
1.41383
1.43648
1.45644
1.47755
1.49993
1.52409
1.57868
1.60561
1.64025
1.66827
1.73698
1.85651
2.23202
