0.7
0.78
0.83
0.86
0.87
0.95
1.01
1.17
1.3
1.4
1.45
1.5
1.51
1.53
1.53
1.55
1.57
1.58
1.6
1.61
1.61
1.63
1.64
1.65
1.65
1.65
1.66
1.67
1.68
1.71
1.76
1.8
1.82
1.83
1.87
1.91
1.96
1.98
1.99
2.05
2.09
2.16
2.17
2.18
2.19
2.2
2.23
2.23
2.24
2.25
2.26
2.29
2.33
2.34
2.38
2.42
2.44
2.45
2.46
2.47
2.47
2.47
2.47
2.47
2.47
2.48
2.49
2.49
2.49
2.49
2.49
2.5
2.51
2.52
2.55
2.55
2.56
2.57
2.57
2.58
2.61
2.61
2.64
2.66
2.66
2.71
2.76
2.79
2.83
2.86
2.89
2.9
2.91
2.92
2.94
2.95
2.97
3.01
3.03
3.06
3.07
3.09
3.11
3.12
3.13
3.14
3.17
3.18
3.22
3.22
3.22
3.24
3.24
3.27
3.28
3.3
3.33
3.35
3.36
3.37
3.38
3.39
3.39
3.39
3.41
3.42
3.42
3.48
3.49
3.49
3.52
3.53
3.55
3.57
3.57
3.61
3.66
3.69
3.72
3.74
3.76
3.81
3.83
3.86
3.91
3.94
3.98
4.02
4.04
4.04
4.1
4.15
4.16
4.16
4.17
4.21
4.24
4.25
4.28
4.32
4.38
4.41
4.45
4.47
4.54
4.6
4.63
4.7
4.74
4.78
4.81
4.86
4.9
4.93
4.96
5.01
5.06
5.2
5.31
5.43
5.51
5.55
5.58
5.72
5.79
6.0
6.13
6.51
6.95
8.11
8.93
9.55
10.41
11.27
12.08
13.52
14.71
15.94
17.09
29.0
