0.151113
0.151113
0.151691
0.151691
0.162512
0.162512
0.174977
0.174977
0.198441
0.198441
0.216563
0.216563
0.264469
0.265063
0.265063
0.289965
0.289965
0.30153
0.30153
0.30375
0.30375
0.3075
0.3075
0.308211
0.308211
0.313903
0.313903
0.330525
0.377093
0.377093
0.377386
0.383963
0.383963
0.405673
0.405673
0.422545
0.432923
0.432923
0.449007
0.45735
0.45735
0.470446
0.470446
0.47107
0.486527
0.486527
0.487341
0.487341
0.487931
0.487931
0.499345
0.499345
0.505818
0.505818
0.510039
0.510039
0.521104
0.523564
0.523564
0.531535
0.538089
0.543334
0.548961
0.548961
0.550095
0.550095
0.566251
0.566251
0.566884
0.566884
0.578041
0.578041
0.584048
0.587499
0.587499
0.590818
0.590818
0.600464
0.600464
0.601665
0.601665
0.6101
0.6101
0.613173
0.625244
0.625672
0.625672
0.628291
0.628291
0.629536
0.629536
0.631361
0.631361
0.633593
0.633593
0.634607
0.637005
0.64356
0.65816
0.670402
0.672759
0.672817
0.672817
0.680799
0.682055
0.685188
0.686379
0.686379
0.697456
0.69803
0.701635
0.704187
0.70601
0.716531
0.716531
0.72143
0.728382
0.737871
0.740955
0.747221
0.747221
0.750317
0.750317
0.754563
0.771453
0.771453
0.77878
0.77878
0.78669
0.793039
0.807972
0.809873
0.818196
0.818196
0.826086
0.826086
0.845493
0.857905
0.857905
0.863469
0.863469
0.880417
0.880417
0.895082
0.895082
0.903777
0.905578
0.911825
0.916149
0.931116
0.964922
0.971368
1.00883
1.02133
1.0219
1.0219
1.0289
1.03268
1.05341
1.06322
1.08283
1.12283
1.12519
1.12519
1.15041
1.16457
1.18743
1.19169
1.20285
1.20299
1.20299
1.21337
1.22555
1.22555
1.22877
1.22877
1.23095
1.24374
1.25182
1.281
1.33917
1.35048
1.35048
1.39147
1.39199
1.39199
1.43123
1.43438
1.44949
1.46138
1.51751
1.56121
1.58087
1.61401
1.61446
1.63264
1.67963
1.78725
1.83854
2.23454
