0.230247
0.230247
0.236692
0.236692
0.241177
0.241177
0.252412
0.252412
0.252565
0.252565
0.268595
0.268595
0.277843
0.296462
0.296462
0.304408
0.304408
0.319049
0.319049
0.327569
0.327569
0.343427
0.346103
0.346103
0.350195
0.353948
0.353948
0.359292
0.359292
0.363085
0.363085
0.384376
0.384376
0.388467
0.388467
0.390976
0.391206
0.391206
0.392432
0.39361
0.39361
0.40084
0.40084
0.403204
0.403594
0.403594
0.406733
0.406733
0.41755
0.41755
0.425069
0.437543
0.437543
0.467531
0.467531
0.474277
0.489613
0.489613
0.503955
0.503955
0.515804
0.520512
0.520512
0.532743
0.532743
0.536084
0.539716
0.539716
0.543546
0.543546
0.545097
0.545097
0.547829
0.547829
0.555145
0.558297
0.5596
0.5596
0.562729
0.562729
0.565784
0.565784
0.566448
0.57366
0.576012
0.577887
0.577887
0.591744
0.612816
0.612816
0.618059
0.618059
0.619165
0.619165
0.620664
0.625514
0.626131
0.63102
0.634057
0.634057
0.644822
0.648353
0.659041
0.659041
0.659728
0.659728
0.660135
0.660135
0.672959
0.672959
0.678495
0.678495
0.701955
0.701955
0.704122
0.704122
0.71474
0.715631
0.715631
0.721386
0.721386
0.72363
0.727363
0.729722
0.744402
0.755784
0.761159
0.761159
0.771208
0.78052
0.78052
0.783173
0.818794
0.870856
0.870856
0.874009
0.874009
0.883472
0.883789
0.887815
0.887815
0.896247
0.899981
0.906974
0.906974
0.916915
0.941748
0.951651
0.951651
0.954102
0.983402
0.983402
1.00391
1.02247
1.02862
1.02862
1.06009
1.06009
1.06903
1.06909
1.07896
1.08972
1.09774
1.09897
1.10584
1.10584
1.12873
1.14839
1.14839
1.17271
1.24762
1.28371
1.30545
1.31066
1.33902
1.33902
1.34515
1.3625
1.36731
1.36731
1.37281
1.40864
1.41622
1.43311
1.43311
1.4529
1.45983
1.47314
1.47314
1.47736
1.49107
1.49107
1.55505
1.56828
1.62255
1.64762
1.79127
1.79516
1.87512
2.28091
