1
1
1
1
1
1
1
1
1
1
1
1
1
1
1
1
1
1
1
1
1
1
1
1
1
1
1
1
1
1
1
1
1
1
1
1
1
1
1
1
1
1
1
1
1
1
1
1
1
1
1
1
1
1
1
1
1
1
1
1
1
1
1
1
1
1
1
1
1
1
1
1
1
1
1
1
1
1
1
1
1
1
1
1
1
1
1
1
1
1
1
1
1
1
1
1
1
1
1
1
1
1
1
1
1
1
1
1
1
1
1
1
1
1
1
1
1
1
1
1
1
1
1
1
1
1
1
1
1
1
1
1
1
1
1
1
1
1
1
1
1
1
1
1
1
1
1
1.048
1.073
1.074
1.084
1.089
1.089
1.139
1.165
1.166
1.173
1.227
1.254
1.324
1.343
1.357
1.363
1.368
1.441
1.452
1.462
1.463
1.468
1.471
1.473
1.549
1.553
1.629
1.636
1.706
1.716
1.776
1.789
1.849
1.859
1.886
1.892
1.948
2.073
2.143
2.24
2.264
2.332
2.525
2.555
2.89
3.001
3.168
3.478
3.685
4.266
4.471
4.727
4.852
