0.03
0.06
0.09
0.11
0.16
0.2
0.27
0.37
0.5
0.6
0.67
0.79
0.86
0.92
0.98
0.98
0.98
0.98
0.98
0.98
0.98
0.98
0.98
0.98
0.98
0.98
0.98
0.98
0.98
0.98
0.98
0.98
0.98
0.98
0.98
0.98
0.98
0.98
0.98
0.98
0.98
0.98
0.98
0.98
0.98
0.98
0.98
0.98
0.98
0.98
0.98
0.98
0.98
0.98
0.98
0.98
0.98
0.98
0.98
0.98
0.98
1.01
1.02
1.04
1.11
1.18
1.25
1.33
1.39
1.48
1.58
1.63
1.7
1.76
1.76
1.77
1.77
1.79
1.81
1.86
1.89
1.89
1.91
1.93
1.95
1.96
1.96
1.96
1.96
1.96
1.96
1.96
1.96
1.96
1.96
1.96
1.96
1.96
1.96
1.96
1.96
1.96
1.96
1.96
1.96
1.96
1.96
1.96
2.02
2.05
2.07
2.11
2.16
2.23
2.29
2.37
2.45
2.53
2.55
2.6
2.65
2.66
2.73
2.76
2.81
2.85
2.88
2.91
2.93
2.93
2.94
2.94
2.94
2.94
2.94
2.94
2.96
2.97
2.97
2.98
3.08
3.18
3.42
3.57
3.68
3.77
3.82
3.88
3.91
3.91
3.91
3.92
3.94
3.96
3.99
4.05
4.15
4.36
4.52
4.67
4.82
4.98
5.05
5.2
5.6
