0.01
0.03
0.07
0.2
0.4
0.55
0.66
0.78
0.82
0.91
0.94
0.94
0.97
0.98
0.98
0.98
0.98
0.98
0.98
0.98
0.98
0.98
0.98
0.98
0.98
0.98
0.98
0.98
0.98
0.98
0.98
0.98
0.98
0.98
0.98
0.98
0.98
0.98
0.98
0.98
0.98
0.98
0.98
0.98
0.98
0.98
0.98
0.98
0.98
0.98
0.98
0.98
0.98
0.98
0.98
0.98
0.99
0.99
1.0
1.01
1.02
1.06
1.09
1.11
1.16
1.25
1.3
1.39
1.54
1.69
1.73
1.77
1.82
1.88
1.91
1.92
1.94
1.94
1.94
1.95
1.96
1.96
1.96
1.96
1.96
1.96
1.96
1.96
1.96
1.96
1.96
1.96
1.96
1.96
1.96
1.96
1.96
1.96
1.96
1.96
1.96
1.96
1.96
1.96
1.96
1.96
1.96
1.96
1.96
1.96
1.96
1.96
1.96
1.96
1.96
1.96
1.96
1.96
1.96
1.97
2.0
2.0
2.02
2.04
2.04
2.07
2.12
2.16
2.24
2.27
2.31
2.38
2.43
2.53
2.59
2.69
2.8
2.9
2.92
2.93
2.93
2.94
2.94
2.94
2.94
2.94
2.94
2.94
2.94
2.94
2.94
2.94
2.94
2.94
2.94
2.94
2.94
2.94
2.94
2.94
2.94
2.94
2.94
2.94
2.94
2.95
2.96
2.99
3.02
3.05
3.07
3.1
3.12
3.13
3.13
3.14
3.16
3.17
3.17
3.19
3.2
3.23
3.31
3.37
3.46
3.56
3.66
3.72
3.74
3.81
3.87
3.91
3.91
3.92
3.92
3.92
3.92
3.92
3.92
3.92
3.92
3.92
3.92
3.92
3.92
3.92
3.93
3.93
3.93
3.93
3.95
3.97
3.97
3.99
4.05
4.07
4.09
4.1
4.14
4.17
4.19
4.24
4.31
4.39
4.49
4.64
4.73
4.8
4.84
4.86
4.88
4.92
4.96
4.99
5.01
5.02
5.05
5.07
5.07
5.08
5.11
5.13
5.16
5.19
5.24
5.32
5.38
5.49
5.6
5.71
5.83
5.89
6.0
6.08
6.13
6.15
6.22
6.28
6.41
6.59
6.79
6.94
7.06
7.28
7.55
7.83
8.24
9.08
