0.75
0.93
1.13
1.27
1.33
1.46
1.47
1.48
1.49
1.49
1.55
1.58
1.61
1.61
1.62
1.67
1.69
1.7
1.7
1.71
1.71
1.76
1.82
1.88
1.97
2.02
2.09
2.1
2.15
2.16
2.19
2.2
2.27
2.27
2.27
2.29
2.31
2.35
2.36
2.37
2.38
2.38
2.39
2.44
2.44
2.44
2.46
2.47
2.47
2.48
2.49
2.49
2.49
2.51
2.52
2.52
2.53
2.55
2.56
2.56
2.56
2.56
2.56
2.56
2.56
2.58
2.6
2.6
2.61
2.62
2.62
2.62
2.62
2.62
2.66
2.67
2.71
2.76
2.8
2.84
2.86
2.92
3.03
3.04
3.05
3.06
3.07
3.08
3.09
3.1
3.11
3.11
3.12
3.14
3.15
3.17
3.17
3.19
3.19
3.2
3.25
3.26
3.26
3.29
3.29
3.32
3.33
3.34
3.35
3.36
3.37
3.37
3.38
3.38
3.39
3.42
3.43
3.44
3.45
3.45
3.46
3.46
3.47
3.47
3.47
3.47
3.49
3.49
3.49
3.49
3.49
3.5
3.51
3.52
3.52
3.54
3.56
3.57
3.58
3.6
3.6
3.61
3.64
3.68
3.73
3.75
3.8
3.82
3.82
3.82
3.84
3.85
3.88
3.88
3.88
3.9
3.91
3.93
3.95
3.98
4.04
4.06
4.1
4.12
4.13
4.15
4.17
4.19
4.21
4.24
4.24
4.25
4.25
4.27
4.27
4.31
4.31
4.32
4.32
4.33
4.33
4.36
4.36
4.36
4.36
4.4
4.42
4.43
4.44
4.46
4.47
4.48
4.49
4.51
4.51
4.53
4.55
4.58
4.6
4.61
4.62
4.62
4.63
4.66
4.71
4.72
4.81
4.87
4.87
4.91
4.93
4.93
4.96
4.96
4.96
4.97
5
5
5.02
5.02
5.05
5.09
5.1
5.11
5.15
5.17
5.18
5.19
5.22
5.22
5.23
5.27
5.31
5.35
5.38
5.42
5.44
5.45
5.51
5.55
5.61
5.62
5.65
5.68
5.71
5.72
5.76
5.78
5.82
5.87
5.89
5.93
5.94
5.97
6
6.01
6.06
6.11
6.2
6.29
6.33
6.35
6.42
6.52
6.54
6.57
6.63
6.67
6.72
6.77
6.82
6.94
7.02
7.13
7.24
7.27
7.34
7.39
7.51
7.68
7.91
8.19
8.43
8.87
9.35
9.88
10.69
11.46
12.24
12.86
13.64
14.74
15.87
17.06
18.82
20.44
23.67
26.6
29.22
33.05
