0.150202
0.150202
0.158544
0.158544
0.164405
0.164652
0.171976
0.172492
0.180979
0.181592
0.1891
0.190508
0.198503
0.199951
0.204821
0.20658
0.211816
0.214157
0.220493
0.222997
0.227929
0.231683
0.236585
0.239488
0.243153
0.246794
0.249364
0.253118
0.256362
0.259828
0.263621
0.266804
0.269366
0.27328
0.276924
0.279881
0.282206
0.284688
0.287345
0.289023
0.291509
0.293799
0.29615
0.298393
0.300576
0.302437
0.304575
0.306671
0.308671
0.310674
0.312253
0.313982
0.316188
0.317747
0.320361
0.32216
0.324429
0.326653
0.328615
0.330838
0.332065
0.33435
0.33628
0.338624
0.341014
0.343443
0.345506
0.347943
0.35065
0.353039
0.355763
0.358271
0.360563
0.363377
0.366529
0.368832
0.37154
0.373834
0.376111
0.378791
0.381132
0.38389
0.386918
0.388675
0.391254
0.394644
0.397516
0.399557
0.402091
0.404655
0.406293
0.408275
0.410412
0.412182
0.414977
0.416939
0.419107
0.421324
0.423301
0.425986
0.428416
0.430864
0.433109
0.434972
0.436988
0.439165
0.441702
0.443943
0.446357
0.448529
0.451109
0.453725
0.455447
0.458227
0.460254
0.463006
0.464855
0.467517
0.470023
0.472265
0.474836
0.476719
0.479569
0.481529
0.48422
0.485879
0.488526
0.490583
0.493137
0.495663
0.498387
0.500443
0.503185
0.506359
0.50891
0.511462
0.514233
0.516486
0.518656
0.521533
0.524074
0.527272
0.529326
0.53254
0.53458
0.537699
0.540504
0.543415
0.54576
0.548662
0.551548
0.554355
0.557243
0.559838
0.562731
0.565486
0.568128
0.570816
0.573732
0.577128
0.579572
0.583165
0.585653
0.590147
0.594006
0.597084
0.600853
0.603855
0.606388
0.609034
0.612456
0.615036
0.61736
0.620161
0.623015
0.625647
0.628385
0.6318
0.634715
0.637802
0.640492
0.642912
0.645723
0.648181
0.65048
0.653606
0.656058
0.658899
0.662032
0.665142
0.668338
0.671113
0.674341
0.677402
0.680504
0.683915
0.686914
0.689464
0.692226
0.695027
0.697764
0.700719
0.703451
0.706629
0.709322
0.711866
0.714508
0.717652
0.720665
0.723528
0.726371
0.729362
0.731936
0.734888
0.738329
0.741706
0.745142
0.7479
0.750734
0.75357
0.756889
0.759883
0.762962
0.766902
0.770075
0.77333
0.777616
0.781108
0.785702
0.790111
0.794837
0.799922
0.805125
0.810062
0.814362
0.819806
0.824449
0.829891
0.836403
0.841349
0.848224
0.854998
0.861597
0.867787
0.874692
0.880419
0.886534
0.8933
0.900068
0.907352
0.913484
0.920467
0.928546
0.934718
0.94146
0.949223
0.956644
0.962486
0.96982
0.977453
0.982697
0.991531
0.998123
1.00537
1.01442
1.0236
1.03321
1.0433
1.05294
1.06175
1.06966
1.07944
1.08945
1.09996
1.10996
1.11798
1.1279
1.13792
1.14956
1.15989
1.17019
1.18271
1.20288
1.22225
1.24178
1.2594
1.27577
1.29316
1.3134
1.33265
1.35076
1.37675
1.40647
1.4337
1.46671
1.50175
1.54013
1.58262
1.65995
2.05769
