0.152073
0.152073
0.152944
0.152944
0.153867
0.153867
0.156759
0.156759
0.164118
0.164118
0.165173
0.177588
0.187177
0.19267
0.19267
0.200495
0.200495
0.228144
0.237131
0.237131
0.256539
0.256539
0.264123
0.264123
0.269449
0.269449
0.270735
0.270735
0.274342
0.274342
0.278849
0.278849
0.284965
0.284965
0.285132
0.285132
0.288289
0.288289
0.289354
0.289354
0.293833
0.293833
0.295575
0.295575
0.299212
0.299212
0.306919
0.306919
0.312943
0.312943
0.320175
0.322254
0.322254
0.323118
0.323118
0.323191
0.323519
0.323519
0.325724
0.325724
0.330579
0.330579
0.330887
0.330887
0.335157
0.337064
0.337064
0.349107
0.3509
0.359991
0.359991
0.36109
0.36796
0.36796
0.373264
0.373264
0.374755
0.379694
0.379694
0.381877
0.381877
0.383053
0.383053
0.386982
0.39002
0.395291
0.395291
0.396138
0.396138
0.396179
0.397551
0.398537
0.398821
0.407691
0.407691
0.408922
0.408922
0.4099
0.4099
0.416305
0.416305
0.419926
0.419926
0.420651
0.422975
0.422975
0.441833
0.446121
0.44645
0.44645
0.446525
0.446525
0.448432
0.448432
0.449953
0.449953
0.449969
0.450792
0.450855
0.450855
0.452354
0.452354
0.459888
0.459888
0.462271
0.462271
0.466051
0.471645
0.472087
0.472087
0.473049
0.476379
0.476379
0.481092
0.483821
0.483821
0.489902
0.489902
0.494558
0.494558
0.506201
0.509211
0.510137
0.510591
0.517028
0.519681
0.525935
0.529728
0.529728
0.531858
0.535059
0.535059
0.536094
0.536094
0.537428
0.544775
0.54924
0.554953
0.561774
0.561774
0.562511
0.562893
0.563667
0.567635
0.567635
0.572806
0.574889
0.577971
0.582001
0.582001
0.588367
0.589715
0.596012
0.596939
0.596939
0.602788
0.602788
0.607871
0.609405
0.610079
0.61917
0.620019
0.626335
0.630598
0.630598
0.640241
0.647128
0.647128
0.648453
0.648453
0.648577
0.648577
0.649331
0.650382
0.651811
0.660329
0.660329
0.666491
0.666491
0.670253
0.670253
0.683466
0.684057
0.684057
0.692597
0.692597
0.694305
0.711508
0.715217
0.715217
0.719619
0.719619
0.722473
0.724012
0.752891
0.753666
0.75373
0.75373
0.754007
0.756418
0.759942
0.762544
0.762544
0.773785
0.814168
0.831068
0.838278
0.846603
0.846603
0.846619
0.846619
0.860334
0.8694
0.8694
0.870383
0.878783
0.878946
0.886828
0.886982
0.886982
0.889172
0.889172
0.899807
0.922889
0.932223
0.941601
0.941874
0.946655
0.954947
0.956901
0.959877
0.963699
0.970666
0.971758
0.971758
0.977608
0.977608
0.97903
0.988468
1.01413
1.01413
1.0196
1.02143
1.02143
1.03239
1.04493
1.04708
1.05102
1.05323
1.05323
1.05329
1.05935
1.06413
1.0834
1.11429
1.11767
1.12709
1.12709
1.14754
1.14754
1.15438
1.19069
1.20016
1.24283
1.26894
1.294
1.29799
1.29895
1.30263
1.32086
1.36751
1.44496
1.45912
1.47348
1.49139
1.53268
1.54162
1.59317
2.02268
2.09666
