0.153523
0.153523
0.156483
0.156483
0.159071
0.159071
0.161007
0.161007
0.169115
0.169115
0.176884
0.176884
0.192726
0.192726
0.202218
0.202218
0.202228
0.202228
0.210236
0.210236
0.216003
0.216003
0.221286
0.22271
0.22271
0.229133
0.229133
0.250415
0.250415
0.263346
0.263945
0.263945
0.281083
0.281083
0.287712
0.287712
0.289216
0.289216
0.292165
0.292165
0.295826
0.295826
0.304171
0.316234
0.316234
0.319911
0.319911
0.324563
0.324563
0.332833
0.332833
0.333571
0.333782
0.333782
0.336363
0.336363
0.336781
0.336781
0.341176
0.341176
0.341452
0.347314
0.347314
0.348902
0.348902
0.348963
0.348963
0.35281
0.35281
0.352938
0.352938
0.358866
0.365714
0.365714
0.366864
0.36844
0.36844
0.376964
0.377298
0.377298
0.38862
0.38862
0.392133
0.395684
0.395684
0.400368
0.40141
0.40141
0.402692
0.402692
0.411673
0.41278
0.415457
0.419226
0.42683
0.430588
0.436067
0.436067
0.440076
0.440076
0.441855
0.441855
0.443414
0.445252
0.445252
0.449007
0.452413
0.452413
0.455209
0.455209
0.457526
0.464047
0.464047
0.465808
0.465808
0.470456
0.472059
0.472059
0.476188
0.476188
0.477107
0.477523
0.482119
0.483745
0.485635
0.494305
0.494586
0.494586
0.500809
0.515127
0.525965
0.525965
0.528417
0.528417
0.530255
0.530255
0.530558
0.537381
0.537381
0.54608
0.54608
0.546745
0.546745
0.546767
0.54948
0.551305
0.558385
0.558385
0.55904
0.55904
0.568928
0.573891
0.573891
0.577817
0.577817
0.578103
0.588367
0.588869
0.588869
0.593342
0.59813
0.59813
0.601334
0.601334
0.607904
0.609025
0.611193
0.611193
0.617387
0.617387
0.619955
0.619955
0.621061
0.643305
0.650104
0.651572
0.651572
0.655804
0.655804
0.658147
0.659028
0.662313
0.664407
0.668137
0.668604
0.668701
0.672776
0.677566
0.681292
0.681292
0.684521
0.684521
0.685003
0.685265
0.685265
0.688345
0.688345
0.694463
0.694463
0.699628
0.701937
0.709293
0.709293
0.711266
0.711266
0.712248
0.712248
0.717235
0.717235
0.721898
0.728065
0.728065
0.732321
0.740515
0.741215
0.741215
0.74349
0.760253
0.763962
0.776645
0.792384
0.801222
0.809688
0.817603
0.825286
0.825547
0.827364
0.835489
0.836963
0.838237
0.84039
0.843765
0.850442
0.850887
0.855217
0.857103
0.857103
0.873256
0.873256
0.87757
0.87757
0.87815
0.891326
0.904937
0.906836
0.908878
0.918137
0.919655
0.931995
0.938583
0.957956
0.969664
0.969664
0.976903
0.97709
0.97709
0.989448
1.01215
1.01481
1.01912
1.01912
1.02306
1.02368
1.02368
1.04624
1.04861
1.04861
1.05227
1.05754
1.05754
1.06089
1.08103
1.08328
1.09048
1.09348
1.09348
1.10257
1.10257
1.13476
1.14181
1.14446
1.14446
1.15924
1.16176
1.1699
1.18871
1.20064
1.28746
1.29852
1.34881
1.3665
1.3665
1.38971
1.40767
1.41457
1.45478
1.46094
1.64128
1.69138
1.92256
