0.206252
0.206252
0.264118
0.264118
0.304805
0.304805
0.346607
0.346607
0.378
0.378093
0.407787
0.411116
0.435077
0.441829
0.465538
0.475029
0.488168
0.501844
0.508702
0.524386
0.530894
0.542877
0.549484
0.564323
0.572454
0.58586
0.59397
0.607338
0.614598
0.6257
0.636325
0.649167
0.656918
0.667286
0.675374
0.684525
0.69423
0.701992
0.714512
0.725916
0.743846
0.761501
0.782379
0.798978
0.812855
0.82173
0.835877
0.846777
0.861039
0.872698
0.890229
0.903051
0.928392
0.945719
0.961094
0.987291
1.00114
1.0192
1.03194
1.04692
1.06277
1.07561
1.09416
1.10602
1.12067
1.13359
1.14591
1.15219
1.16137
1.1682
1.17782
1.18709
1.20157
1.21437
1.22486
1.24062
1.26082
1.29102
1.32702
1.36058
1.41548
1.46257
1.49421
1.53228
1.56006
1.5994
1.63083
1.65606
1.67392
1.69936
1.71875
1.74579
1.79905
2.00123
2.25672
2.60077
2.67961
2.78701
3.04364
3.16328
