0.211642
0.211642
0.269736
0.269736
0.30214
0.308162
0.329459
0.332148
0.35082
0.356063
0.374046
0.383038
0.398376
0.415313
0.432096
0.448827
0.459463
0.474548
0.487498
0.501189
0.514518
0.524475
0.536043
0.546539
0.562282
0.575534
0.582679
0.597782
0.603363
0.618598
0.624559
0.636455
0.643843
0.655698
0.664688
0.672547
0.681485
0.69193
0.699976
0.721384
0.733681
0.754376
0.771563
0.786017
0.801118
0.809595
0.826417
0.843748
0.857405
0.873383
0.894997
0.911223
0.932566
0.954561
0.968995
0.985208
0.999676
1.02131
1.02939
1.04525
1.05881
1.07305
1.08767
1.09777
1.11084
1.12977
1.14204
1.15297
1.17182
1.18902
1.20444
1.21906
1.2363
1.25409
1.26475
1.27931
1.30087
1.31428
1.33744
1.36026
1.39019
1.42177
1.45172
1.48536
1.52506
1.56947
1.60462
1.63949
1.6663
1.68104
1.72095
1.75088
1.7754
1.9407
2.20633
2.55958
2.65291
2.73262
2.99291
3.08866
