0.02
0.19
0.43
0.6
0.68
0.72
0.74
0.75
0.81
0.83
0.83
0.83
0.83
0.83
0.84
0.84
0.84
0.85
0.85
0.85
0.85
0.86
0.87
0.87
0.88
0.89
0.9
0.94
0.98
1.04
1.09
1.2
1.28
1.33
1.39
1.41
1.46
1.49
1.52
1.52
1.55
1.56
1.59
1.59
1.61
1.62
1.62
1.63
1.64
1.64
1.66
1.67
1.67
1.68
1.68
1.69
1.69
1.7
1.71
1.73
1.74
1.75
1.77
1.78
1.83
1.86
1.93
1.96
2.02
2.06
2.13
2.18
2.23
2.25
2.29
2.31
2.33
2.34
2.35
2.37
2.38
2.41
2.41
2.43
2.44
2.48
2.53
2.53
2.58
2.62
2.69
2.69
2.72
2.74
2.78
2.82
2.87
2.87
2.89
2.99
3.05
3.1
3.18
3.25
3.26
3.3
3.32
3.33
3.35
3.43
3.46
3.5
3.56
3.64
3.7
3.72
3.78
3.84
3.88
3.94
4.0
4.04
4.1
4.15
4.2
4.23
4.28
4.29
4.4
4.45
4.53
4.59
4.7
4.76
4.81
4.9
4.91
4.93
4.99
5.02
5.11
5.14
5.21
5.32
5.39
5.43
5.49
5.57
5.75
5.83
5.88
5.96
6.03
6.08
6.18
6.26
6.35
6.52
6.58
6.65
6.72
6.81
6.9
7.01
7.15
7.21
7.28
7.39
7.46
7.6
7.64
7.75
7.83
7.98
8.12
8.26
8.38
8.54
8.61
8.69
8.94
9.12
9.3
9.46
9.59
9.87
10.17
10.39
10.66
11.08
11.4
11.74
12.24
12.79
13.92
15.94
17.04
19.36
21.09
23.78
