1
1
1
1
1
1
1
1
1
1
1
1
1
1
1
1
1
1
1
1
1
1
1
1
1
1
1
1
1
1
1
1
1
1
1
1
1
1
1
1
1
1
1
1
1
1
1
1
1
1
1
1
1
1
1
1
1
1
1
1
1
1
1
1
1
1
1
1
1
1
1
1
1
1
1
1
1
1
1
1
1
1
1
1
1
1
1
1
1
1
1
1
1
1
1
1
1
1
1
1
1
1
1
1
1
1
1
1
1
1
1
1
1
1
1
1
1
1
1
1
1
1
1
1
1
1
1
1
1
1
1
1
1
1
1
1
1
1
1
1
1
1
1
1
1
1
1
1
1
1.017
1.04
1.056
1.07
1.071
1.088
1.158
1.174
1.245
1.271
1.274
1.278
1.279
1.347
1.397
1.435
1.453
1.485
1.557
1.608
1.63
1.636
1.642
1.646
1.677
1.716
1.75
1.815
1.89
1.989
2.075
2.197
2.275
2.315
2.379
2.457
2.535
2.6
2.705
2.815
2.959
3.06
3.146
3.227
3.379
3.614
3.737
4.073
4.187
4.416
4.802
