0.170259
0.170259
0.189544
0.192566
0.209193
0.214035
0.227613
0.235763
0.245455
0.252723
0.260331
0.269389
0.274843
0.281405
0.285331
0.290964
0.294954
0.300787
0.30428
0.309511
0.313438
0.319211
0.322993
0.326693
0.330237
0.334656
0.338241
0.341777
0.345464
0.350407
0.355431
0.359795
0.365189
0.369126
0.373802
0.378742
0.384368
0.388553
0.394683
0.398254
0.402663
0.406483
0.410147
0.41443
0.418304
0.422784
0.426665
0.43031
0.435123
0.438331
0.442786
0.446668
0.450673
0.454889
0.459203
0.462737
0.466644
0.470066
0.474491
0.477436
0.481239
0.484131
0.488622
0.491939
0.495021
0.498991
0.50284
0.507174
0.510728
0.514528
0.518362
0.522563
0.527098
0.531909
0.536587
0.539853
0.544233
0.549476
0.553703
0.557293
0.562484
0.567075
0.571938
0.576373
0.581367
0.58589
0.590593
0.59535
0.601156
0.606255
0.611589
0.617314
0.62159
0.625688
0.630559
0.637211
0.642947
0.649126
0.655655
0.660703
0.665798
0.671336
0.676201
0.681591
0.686816
0.691105
0.694555
0.698791
0.703068
0.709046
0.714733
0.722332
0.727554
0.733751
0.740412
0.745466
0.751441
0.757425
0.764546
0.770872
0.778473
0.785231
0.792745
0.798415
0.804076
0.80902
0.813976
0.819473
0.822972
0.827921
0.832176
0.838023
0.843684
0.848021
0.852671
0.858226
0.863913
0.869894
0.87673
0.882914
0.890568
0.897488
0.905395
0.91294
0.919004
0.925469
0.932622
0.939882
0.946115
0.949941
0.954931
0.96066
0.966439
0.971489
0.978636
0.985309
0.994685
1.00294
1.01286
1.0189
1.02631
1.03319
1.04004
1.04967
1.05805
1.0675
1.07586
1.08674
1.09709
1.11016
1.12027
1.13056
1.13879
1.14932
1.16002
1.16889
1.1777
1.18504
1.19498
1.20792
1.2261
1.25187
1.277
1.30092
1.3374
1.36791
1.38735
1.39932
1.42556
1.4551
1.48695
1.52159
1.54803
1.58568
1.62424
1.67195
1.71563
1.76064
1.88045
2.25553
