0.226748
0.226748
0.235108
0.235108
0.244985
0.244985
0.26102
0.26102
0.273711
0.273711
0.293221
0.293221
0.295657
0.295657
0.304575
0.304575
0.320246
0.322097
0.322097
0.326711
0.326711
0.33349
0.33349
0.350256
0.350256
0.356583
0.362692
0.362692
0.363833
0.363833
0.366594
0.369212
0.369212
0.372973
0.384227
0.384227
0.412414
0.412414
0.417225
0.417225
0.418308
0.418308
0.425924
0.425924
0.42922
0.42922
0.429333
0.432896
0.435839
0.435839
0.462827
0.462827
0.465175
0.465175
0.470174
0.470174
0.489885
0.503667
0.503667
0.504659
0.504659
0.509482
0.513176
0.513176
0.514887
0.514887
0.523143
0.523143
0.529361
0.529361
0.532098
0.537997
0.543067
0.547949
0.547949
0.55079
0.556046
0.562258
0.588877
0.588877
0.589264
0.613
0.613
0.618355
0.619088
0.642021
0.646468
0.65136
0.65136
0.655523
0.658579
0.658579
0.660085
0.660887
0.668458
0.668458
0.669382
0.671534
0.68807
0.694619
0.694619
0.698909
0.698909
0.706228
0.706228
0.707808
0.714137
0.721421
0.728037
0.730461
0.730461
0.733176
0.734808
0.741501
0.766625
0.774796
0.774796
0.78186
0.78186
0.781957
0.790417
0.790417
0.803247
0.832937
0.832937
0.838698
0.838698
0.841591
0.841615
0.841615
0.859688
0.86752
0.86752
0.875514
0.882663
0.885338
0.885338
0.888442
0.888442
0.894199
0.900089
0.903406
0.909085
0.921729
0.939659
0.969716
0.969716
0.970279
0.98128
0.981551
0.981551
0.983904
0.98615
0.9955
0.996062
0.996062
1.01708
1.02819
1.02819
1.04444
1.05663
1.05663
1.05913
1.06631
1.08844
1.09985
1.09985
1.12459
1.13382
1.14592
1.14775
1.14775
1.1488
1.17547
1.19976
1.21394
1.22705
1.22705
1.25936
1.29405
1.32366
1.35129
1.37967
1.38435
1.39221
1.42651
1.43555
1.43849
1.44997
1.50976
1.55587
1.57162
1.64181
1.65154
1.65267
1.73137
1.81934
1.82848
1.97338
2.17445
