0.160226
0.160226
0.160972
0.160972
0.162475
0.162475
0.175194
0.175194
0.176335
0.176335
0.180555
0.180555
0.205378
0.205378
0.207649
0.207649
0.21098
0.21098
0.225091
0.225091
0.226748
0.226748
0.236138
0.236665
0.236665
0.25931
0.25931
0.26102
0.26102
0.271206
0.271206
0.273711
0.273711
0.280136
0.280136
0.29357
0.29357
0.297479
0.297479
0.302051
0.302318
0.302318
0.312396
0.312396
0.315422
0.315422
0.322315
0.322315
0.327501
0.327501
0.331558
0.331558
0.331903
0.331903
0.341483
0.341483
0.345575
0.345575
0.34715
0.354623
0.357369
0.357369
0.358827
0.359078
0.359078
0.361607
0.368963
0.368963
0.38109
0.384227
0.384227
0.389118
0.39169
0.39169
0.396081
0.396081
0.400599
0.400599
0.408529
0.408529
0.413602
0.413602
0.418933
0.418933
0.423138
0.423138
0.428803
0.429706
0.429895
0.429895
0.431696
0.431696
0.433163
0.433163
0.433195
0.433195
0.436075
0.436465
0.441668
0.443884
0.443884
0.452301
0.458886
0.458886
0.459145
0.459145
0.459338
0.462331
0.462331
0.462827
0.462827
0.474379
0.474379
0.47467
0.47467
0.475106
0.481069
0.481069
0.484705
0.484705
0.485061
0.488718
0.488718
0.490515
0.492095
0.495726
0.495726
0.49765
0.49765
0.503518
0.503518
0.503937
0.503971
0.508222
0.512782
0.512795
0.514818
0.514818
0.519437
0.519437
0.520929
0.520929
0.521935
0.521935
0.526372
0.533016
0.537997
0.537997
0.543067
0.546523
0.557456
0.565114
0.565114
0.569284
0.570335
0.571297
0.571297
0.571468
0.57626
0.57626
0.57665
0.580593
0.583122
0.583122
0.589275
0.589275
0.590897
0.591796
0.591796
0.596524
0.59951
0.603978
0.609154
0.617172
0.624276
0.624501
0.635528
0.635693
0.638055
0.641168
0.641168
0.643438
0.658579
0.658579
0.659959
0.659959
0.660887
0.664597
0.664986
0.664986
0.666017
0.667141
0.667141
0.67583
0.67583
0.68079
0.68079
0.688146
0.688569
0.689049
0.694619
0.694619
0.706228
0.706228
0.711224
0.723814
0.743058
0.744555
0.746022
0.747172
0.747172
0.74779
0.74779
0.748403
0.750538
0.767237
0.773733
0.785747
0.786104
0.786679
0.786679
0.799652
0.799652
0.800799
0.806496
0.806496
0.807938
0.813001
0.814792
0.818113
0.82001
0.825892
0.825892
0.82929
0.835555
0.835555
0.840348
0.866011
0.884935
0.88863
0.903781
0.903938
0.914206
0.919995
0.919995
0.921431
0.933537
0.939271
0.939317
0.948806
0.95049
0.952021
0.957273
0.980336
0.983904
0.984128
0.984128
0.99625
1.00309
1.01706
1.01706
1.02808
1.03204
1.03273
1.04597
1.05663
1.05663
1.05914
1.06175
1.0749
1.0749
1.10604
1.10655
1.1284
1.14116
1.15348
1.17447
1.1749
1.17614
1.18458
1.18644
1.19232
1.19919
1.20029
1.20943
1.25865
1.26223
1.28289
1.30044
1.37791
1.39221
1.39221
1.39677
1.43555
1.43849
1.4964
1.63523
1.75766
1.83071
2.17445
