0.159507
0.159507
0.169447
0.169447
0.182133
0.182235
0.192323
0.192722
0.201881
0.202961
0.210821
0.212488
0.220749
0.222634
0.228068
0.230571
0.235054
0.237472
0.241899
0.24427
0.248918
0.251809
0.255397
0.259218
0.262353
0.265125
0.267787
0.271152
0.273907
0.277003
0.279095
0.282185
0.284719
0.287396
0.289556
0.293085
0.295182
0.299226
0.301322
0.304613
0.306228
0.309774
0.311952
0.314989
0.316589
0.319485
0.321791
0.324104
0.325993
0.328556
0.330382
0.332745
0.334967
0.336922
0.33885
0.341207
0.343734
0.346316
0.348391
0.350836
0.353244
0.355063
0.357235
0.359225
0.361763
0.363793
0.366519
0.368639
0.371181
0.373176
0.375659
0.377504
0.379856
0.381433
0.384063
0.386176
0.388896
0.391875
0.393928
0.395917
0.398028
0.400713
0.403101
0.406126
0.408283
0.410631
0.4123
0.41453
0.416496
0.418635
0.420632
0.42271
0.424416
0.42619
0.427879
0.43047
0.432702
0.43497
0.437518
0.439923
0.442131
0.444034
0.445856
0.448284
0.450613
0.452434
0.455172
0.456969
0.45897
0.461449
0.4641
0.466342
0.468241
0.470065
0.471905
0.473984
0.476059
0.478353
0.480344
0.48288
0.484475
0.486524
0.488049
0.489955
0.491835
0.493865
0.495921
0.497977
0.500162
0.502413
0.504554
0.506582
0.508547
0.510746
0.512465
0.514347
0.516612
0.51845
0.520306
0.522573
0.524449
0.526362
0.528706
0.531094
0.533199
0.535802
0.537646
0.539649
0.54197
0.544474
0.546869
0.549433
0.551985
0.554435
0.556707
0.558405
0.560343
0.562683
0.564812
0.566938
0.569544
0.572356
0.574964
0.577577
0.5801
0.583151
0.585495
0.58786
0.590649
0.593481
0.595974
0.598855
0.601475
0.603982
0.6072
0.610194
0.613002
0.616488
0.619523
0.62282
0.625217
0.628222
0.631332
0.634573
0.638679
0.642744
0.645566
0.648829
0.653578
0.656377
0.659919
0.663187
0.66737
0.670544
0.67437
0.678244
0.682082
0.685436
0.68891
0.692903
0.696933
0.700054
0.703564
0.706397
0.709777
0.713468
0.716963
0.719867
0.723369
0.727123
0.730998
0.735115
0.739543
0.743559
0.747356
0.751588
0.756338
0.760925
0.764537
0.768596
0.773116
0.776247
0.780777
0.785452
0.789378
0.793293
0.796907
0.80031
0.804062
0.807723
0.81094
0.814492
0.818161
0.821324
0.825573
0.8291
0.833263
0.839816
0.846157
0.850987
0.857122
0.861966
0.867439
0.873539
0.878984
0.885217
0.891247
0.896543
0.902611
0.908587
0.915846
0.92229
0.928108
0.937055
0.944458
0.95133
0.958643
0.966181
0.973058
0.981305
0.990659
0.997933
1.00549
1.01339
1.01865
1.0246
1.0312
1.03971
1.04681
1.0546
1.06157
1.06925
1.07908
1.08647
1.09554
1.10674
1.11546
1.12354
1.13113
1.14159
1.148
1.15531
1.16319
1.17061
1.18111
1.1939
1.21049
1.22358
1.23876
1.26232
1.30031
1.34019
1.37397
1.3945
1.41997
1.52661
1.58661
1.75157
1.8642
2.25524
