0.01
0.02
0.04
0.1
0.13
0.23
0.32
0.46
0.55
0.68
0.8
0.88
0.9
0.94
0.94
0.97
0.98
0.98
0.98
0.98
0.98
0.98
0.98
0.98
0.98
0.98
0.98
0.98
0.98
0.98
0.98
0.98
0.98
0.98
0.98
0.98
0.98
0.98
0.98
0.98
0.98
0.98
0.98
0.98
0.98
0.98
0.98
0.98
0.98
0.98
0.98
0.98
0.98
0.98
0.98
0.98
0.98
0.99
0.99
1.01
1.03
1.06
1.1
1.14
1.19
1.21
1.24
1.27
1.31
1.33
1.37
1.44
1.48
1.54
1.58
1.61
1.66
1.75
1.78
1.81
1.84
1.87
1.93
1.95
1.95
1.96
1.96
1.96
1.96
1.96
1.96
1.96
1.96
1.96
1.96
1.96
1.96
1.96
1.96
1.96
1.96
1.96
1.97
1.98
1.98
2.0
2.03
2.05
2.09
2.11
2.14
2.17
2.18
2.2
2.23
2.24
2.27
2.28
2.32
2.34
2.36
2.38
2.39
2.41
2.43
2.47
2.48
2.56
2.59
2.63
2.65
2.66
2.68
2.7
2.71
2.73
2.73
2.75
2.76
2.78
2.78
2.82
2.82
2.82
2.83
2.84
2.85
2.86
2.87
2.89
2.9
2.91
2.92
2.92
2.92
2.96
2.97
3.02
3.11
3.13
3.16
3.18
3.23
3.27
3.28
3.3
3.34
3.35
3.38
3.41
3.43
3.44
3.46
3.47
3.47
3.48
3.49
3.55
3.58
3.58
3.62
3.64
3.67
3.67
3.69
3.7
3.71
3.71
3.74
3.75
3.75
3.77
3.77
3.79
3.79
3.81
3.85
3.85
3.88
3.88
3.9
3.92
3.93
3.95
3.96
3.97
4.0
4.05
4.11
4.18
4.23
4.32
4.37
4.39
4.41
4.44
4.44
4.45
4.46
4.46
4.47
4.48
4.48
4.49
4.51
4.52
4.52
4.54
4.55
4.56
4.59
4.64
4.69
4.72
4.77
4.84
4.88
4.93
4.97
5.01
5.09
5.17
5.24
5.28
5.3
5.34
5.36
5.38
5.39
5.41
5.43
5.45
5.47
5.49
5.57
5.69
5.79
5.85
5.89
5.92
6.0
6.07
6.18
6.29
6.38
6.49
6.64
6.82
6.96
7.18
7.47
7.8
8.25
