0.328
0.328
0.328
0.328
0.328
0.328
0.328
0.328
0.328
0.328
0.328
0.328
0.329
0.329
0.329
0.331
0.332
0.332
0.333
0.333
0.333
0.333
0.333
0.333
0.334
0.334
0.334
0.334
0.334
0.334
0.334
0.334
0.335
0.335
0.336
0.336
0.336
0.336
0.336
0.338
0.338
0.338
0.338
0.338
0.339
0.339
0.34
0.34
0.34
0.34
0.34
0.341
0.341
0.342
0.342
0.342
0.342
0.343
0.343
0.344
0.345
0.345
0.345
0.345
0.345
0.346
0.346
0.346
0.347
0.347
0.348
0.348
0.349
0.351
0.351
0.351
0.351
0.352
0.352
0.352
0.353
0.354
0.355
0.355
0.356
0.357
0.358
0.358
0.359
0.36
0.361
0.361
0.361
0.362
0.362
0.362
0.362
0.362
0.364
0.364
0.368
0.369
0.369
0.37
0.37
0.37
0.37
0.374
0.375
0.376
0.376
0.377
0.377
0.377
0.377
0.38
0.381
0.382
0.382
0.383
0.384
0.385
0.39
0.391
0.392
0.393
0.397
0.397
0.398
0.399
0.403
0.405
0.405
0.405
0.407
0.407
0.408
0.411
0.413
0.415
0.415
0.416
0.421
0.422
0.426
0.426
0.43
0.433
0.434
0.437
0.44
0.444
0.446
0.446
0.448
0.451
0.452
0.453
0.455
0.458
0.46
0.461
0.465
0.467
0.47
0.473
0.475
0.481
0.49
0.494
0.499
0.499
0.503
0.511
0.516
0.524
0.527
0.53
0.534
0.537
0.54
0.542
0.545
0.549
0.553
0.558
0.564
0.566
0.571
0.578
0.581
0.586
0.587
0.594
0.598
0.604
0.607
0.61
0.61
0.616
0.62
0.626
0.633
0.637
0.647
0.65
0.659
0.665
0.666
0.671
0.674
0.676
0.685
0.691
0.695
0.697
0.705
0.71
0.722
0.73
0.738
0.752
0.757
0.764
0.767
0.769
0.772
0.779
0.783
0.787
0.793
0.808
0.823
0.826
0.833
0.838
0.843
0.851
0.853
0.859
0.864
0.873
0.878
0.887
0.899
0.909
0.914
0.921
0.927
0.93
0.939
0.95
0.958
0.967
0.977
0.981
0.987
0.994
1
1.012
1.024
1.038
1.044
1.05
1.057
1.064
1.069
1.082
1.096
1.107
1.118
1.121
1.132
1.145
1.154
1.165
1.177
1.188
1.198
1.213
1.226
1.241
1.263
1.277
1.296
1.321
1.351
1.376
1.402
1.45
1.501
1.553
1.616
1.653
1.702
1.754
1.821
2.068
2.21
2.415
