0.152314
0.152314
0.152714
0.152714
0.153341
0.153341
0.154439
0.154439
0.154673
0.154673
0.155807
0.155807
0.158405
0.158405
0.165968
0.165968
0.167394
0.167394
0.199918
0.199918
0.20395
0.20395
0.20672
0.209163
0.209163
0.223097
0.223097
0.223837
0.228248
0.228248
0.229494
0.229494
0.229823
0.229823
0.236245
0.236245
0.244786
0.244786
0.253844
0.253844
0.259034
0.259034
0.271211
0.271211
0.271294
0.271294
0.28385
0.28385
0.289088
0.289088
0.290372
0.290372
0.297101
0.297101
0.308371
0.313739
0.313739
0.33132
0.33132
0.332083
0.332563
0.332563
0.338351
0.340295
0.344708
0.344708
0.352545
0.352545
0.353985
0.353985
0.357534
0.357534
0.365383
0.365383
0.368484
0.368484
0.370339
0.39153
0.39153
0.393925
0.393925
0.394536
0.401244
0.401244
0.403577
0.403593
0.403593
0.40815
0.40815
0.408867
0.408867
0.410858
0.410858
0.415141
0.417624
0.417624
0.419001
0.420242
0.420242
0.428191
0.433081
0.433081
0.433151
0.433151
0.434694
0.434694
0.436526
0.441551
0.441551
0.450176
0.462079
0.46215
0.463667
0.464952
0.464952
0.468403
0.470283
0.470283
0.470355
0.472869
0.472869
0.476466
0.48304
0.483436
0.484516
0.484516
0.486841
0.489014
0.489014
0.493732
0.493732
0.496351
0.496351
0.50102
0.50102
0.501036
0.501708
0.501708
0.506477
0.506891
0.506891
0.507292
0.507292
0.513291
0.513291
0.51334
0.516296
0.516296
0.516981
0.527231
0.527231
0.536525
0.536563
0.536563
0.536978
0.542857
0.542857
0.544938
0.544938
0.545152
0.545152
0.546019
0.54693
0.554208
0.554208
0.565091
0.565091
0.571584
0.571584
0.572747
0.573708
0.57689
0.57689
0.579273
0.581247
0.581247
0.582209
0.583091
0.583091
0.588152
0.588152
0.595099
0.59616
0.597539
0.601398
0.603403
0.603403
0.60746
0.60746
0.607474
0.607474
0.610756
0.616837
0.617691
0.617691
0.619625
0.619865
0.619865
0.622348
0.628605
0.62892
0.62892
0.631509
0.635295
0.645266
0.646481
0.647691
0.650775
0.650775
0.656223
0.681593
0.681898
0.681898
0.682281
0.682281
0.692207
0.701844
0.704905
0.72433
0.724701
0.726284
0.726602
0.73203
0.73203
0.734695
0.747841
0.749084
0.756278
0.756278
0.760053
0.760053
0.765595
0.765595
0.773492
0.775279
0.802872
0.813192
0.81351
0.81351
0.81383
0.815981
0.82023
0.828461
0.830418
0.841391
0.844923
0.84929
0.876946
0.876946
0.89557
0.903309
0.910111
0.912173
0.912885
0.914245
0.918464
0.918464
0.923484
0.934623
0.938997
0.973217
0.978282
0.978282
0.981756
0.986304
0.986304
0.994811
0.994811
0.999636
1.02466
1.02466
1.02929
1.03129
1.04741
1.04741
1.06216
1.07617
1.07617
1.08439
1.08729
1.08729
1.10133
1.11593
1.13654
1.1926
1.22636
1.24893
1.27228
1.28515
1.28647
1.29069
1.38045
1.4859
1.52446
1.59471
1.61179
1.6187
1.65094
1.91397
1.99288
