0.154664
0.154664
0.160863
0.160929
0.168378
0.168702
0.177072
0.178226
0.184038
0.185299
0.192644
0.19413
0.200658
0.202373
0.207012
0.211178
0.215463
0.218698
0.221573
0.223547
0.227105
0.229174
0.232007
0.23435
0.236829
0.239282
0.242516
0.244795
0.247411
0.24922
0.252218
0.253849
0.256354
0.258681
0.261685
0.264096
0.266349
0.269435
0.273035
0.275035
0.277795
0.280508
0.283205
0.285566
0.287982
0.290766
0.293367
0.296461
0.298366
0.301167
0.303224
0.305804
0.308882
0.31103
0.313549
0.316227
0.318541
0.322003
0.323636
0.326202
0.328232
0.330349
0.33236
0.334461
0.336083
0.3383
0.340815
0.342855
0.345232
0.347657
0.350048
0.35198
0.354494
0.356225
0.359202
0.361571
0.363741
0.36642
0.368429
0.371282
0.373525
0.376002
0.377756
0.380182
0.382339
0.385355
0.387502
0.389805
0.39263
0.395218
0.397782
0.399896
0.402365
0.404647
0.406746
0.409486
0.411949
0.414277
0.416263
0.41873
0.421281
0.423888
0.426671
0.428859
0.431449
0.43322
0.435554
0.437689
0.440097
0.442127
0.444557
0.446593
0.44871
0.450831
0.453413
0.455296
0.457527
0.459804
0.461722
0.463853
0.465834
0.467668
0.469809
0.471759
0.473699
0.475824
0.477049
0.479703
0.481815
0.484029
0.486339
0.488876
0.491348
0.493301
0.495054
0.496681
0.49934
0.501522
0.503947
0.505958
0.508136
0.511145
0.512996
0.515867
0.518829
0.521563
0.524094
0.526159
0.528485
0.531831
0.534709
0.537916
0.541437
0.544165
0.547378
0.550824
0.552955
0.555585
0.558401
0.560909
0.56371
0.566005
0.568493
0.571399
0.573743
0.577123
0.580191
0.582947
0.585781
0.588167
0.59085
0.59391
0.596512
0.599107
0.601704
0.60406
0.60668
0.609504
0.611683
0.614847
0.617858
0.620855
0.624298
0.627658
0.631096
0.634343
0.637736
0.640557
0.644198
0.647249
0.65003
0.653573
0.656873
0.660223
0.663718
0.666993
0.670429
0.674481
0.67856
0.683002
0.685677
0.690401
0.694551
0.698083
0.702065
0.706324
0.709333
0.713191
0.716539
0.721401
0.725154
0.729133
0.733124
0.737218
0.740038
0.745079
0.749207
0.752866
0.757013
0.761508
0.765695
0.76956
0.774016
0.778528
0.782422
0.785498
0.790099
0.793349
0.796969
0.800116
0.804102
0.807879
0.811374
0.815679
0.820033
0.824207
0.828214
0.833046
0.836884
0.841718
0.846537
0.852441
0.856607
0.862064
0.866481
0.873044
0.878021
0.882934
0.889071
0.893391
0.899001
0.903105
0.90729
0.912107
0.91762
0.922005
0.926972
0.931472
0.936005
0.94183
0.946848
0.952646
0.958766
0.96492
0.971112
0.976527
0.981853
0.987225
0.993712
0.999393
1.00701
1.01519
1.02471
1.03295
1.04218
1.05264
1.06488
1.07474
1.08647
1.10426
1.11798
1.13161
1.14688
1.1607
1.17807
1.19672
1.21443
1.23111
1.24653
1.26681
1.29696
1.33597
1.39178
1.47604
1.54538
1.6102
1.66173
1.75501
1.96049
2.18878
