0.03
0.22
0.44
0.57
0.68
0.71
0.73
0.73
0.73
0.74
0.76
0.76
0.79
0.79
0.79
0.8
0.81
0.82
0.84
0.84
0.84
0.85
0.89
0.9
0.9
0.97
1
1.06
1.1
1.15
1.21
1.32
1.34
1.39
1.41
1.44
1.44
1.45
1.45
1.45
1.46
1.46
1.48
1.5
1.51
1.53
1.53
1.54
1.55
1.55
1.57
1.58
1.6
1.63
1.67
1.68
1.69
1.71
1.73
1.79
1.84
1.84
1.89
1.93
1.94
1.95
1.97
1.98
1.98
1.99
2.01
2.04
2.06
2.08
2.1
2.13
2.14
2.17
2.2
2.23
2.24
2.27
2.29
2.32
2.33
2.34
2.35
2.35
2.39
2.4
2.4
2.4
2.44
2.48
2.51
2.52
2.53
2.55
2.6
2.62
2.63
2.63
2.65
2.67
2.7
2.72
2.75
2.81
2.85
2.9
2.92
2.94
2.99
3
3.04
3.07
3.12
3.16
3.18
3.19
3.2
3.23
3.23
3.25
3.27
3.27
3.32
3.35
3.38
3.4
3.41
3.47
3.5
3.52
3.53
3.56
3.59
3.59
3.59
3.6
3.65
3.69
3.69
3.71
3.75
3.75
3.79
3.8
3.84
3.87
3.93
3.96
4.02
4.04
4.08
4.12
4.14
4.16
4.22
4.27
4.29
4.33
4.33
4.35
4.38
4.43
4.47
4.5
4.54
4.58
4.62
4.67
4.7
4.73
4.77
4.78
4.81
4.84
4.9
4.91
4.95
4.99
5.04
5.08
5.13
5.17
5.19
5.19
5.23
5.29
5.31
5.32
5.38
5.44
5.49
5.53
5.55
5.57
5.62
5.68
5.71
5.78
5.81
5.84
5.85
5.91
5.99
6.01
6.07
6.11
6.17
6.18
6.23
6.27
6.33
6.37
6.41
6.44
6.47
6.51
6.53
6.54
6.57
6.64
6.75
6.84
6.89
6.91
6.97
7.01
7.06
7.09
7.16
7.21
7.24
7.26
7.37
7.44
7.52
7.59
7.7
7.81
7.88
7.95
8.03
8.07
8.09
8.16
8.3
8.41
8.46
8.55
8.63
8.71
8.81
8.89
9.09
9.13
9.21
9.34
9.44
9.66
9.73
9.83
9.89
10.08
10.22
10.29
10.48
10.61
10.79
10.92
11.03
11.26
11.43
11.63
11.84
11.95
12.17
12.32
12.48
12.65
12.86
13.09
13.4
13.69
13.93
14.19
14.46
14.88
15.42
16.14
16.86
18.2
19.4
21.21
22.46
24.04
26.6
29.9
