0.152126
0.152126
0.183275
0.183275
0.185627
0.185627
0.186775
0.186775
0.190969
0.190969
0.202562
0.202562
0.204322
0.204322
0.214082
0.214082
0.218836
0.218836
0.224183
0.224183
0.235591
0.235591
0.236525
0.236525
0.236569
0.236569
0.24188
0.24188
0.244366
0.244366
0.245122
0.245122
0.261108
0.261108
0.26115
0.26115
0.262401
0.267416
0.269746
0.270499
0.270499
0.284657
0.284657
0.28923
0.28923
0.290071
0.290071
0.293958
0.293958
0.294475
0.294475
0.303016
0.303016
0.311124
0.311411
0.311411
0.316136
0.316136
0.319495
0.319495
0.325648
0.325648
0.327387
0.327387
0.334283
0.334283
0.336548
0.342333
0.342333
0.346178
0.346178
0.347103
0.347103
0.349441
0.349441
0.350715
0.353354
0.353354
0.364832
0.365963
0.366618
0.367398
0.367398
0.371732
0.371732
0.37396
0.37396
0.377029
0.377029
0.38058
0.38058
0.382066
0.387427
0.391132
0.391132
0.399962
0.400152
0.400152
0.400363
0.400363
0.400808
0.400808
0.402016
0.402832
0.40595
0.41261
0.41261
0.413037
0.416731
0.416731
0.426793
0.426793
0.428915
0.430752
0.432582
0.432582
0.434572
0.438742
0.438742
0.439194
0.439194
0.439729
0.439729
0.451603
0.454661
0.458471
0.45945
0.468821
0.468821
0.47502
0.476981
0.478874
0.479948
0.484463
0.48793
0.48793
0.488182
0.488182
0.488286
0.488286
0.49047
0.49047
0.494933
0.494933
0.49542
0.496166
0.502656
0.507001
0.510565
0.510933
0.510933
0.513882
0.532015
0.532841
0.532841
0.533168
0.533168
0.53422
0.538532
0.538532
0.539092
0.54848
0.551778
0.557967
0.559946
0.559946
0.560092
0.560092
0.563634
0.57878
0.578917
0.585394
0.585394
0.592618
0.592618
0.599262
0.607833
0.609583
0.609583
0.611832
0.615758
0.631193
0.641489
0.641489
0.644301
0.64548
0.657861
0.659324
0.660669
0.677948
0.680734
0.680734
0.68139
0.683607
0.687584
0.693852
0.695092
0.695092
0.697594
0.69787
0.69787
0.700578
0.700578
0.704726
0.704726
0.705831
0.705831
0.711749
0.717312
0.717312
0.730489
0.730879
0.730879
0.731775
0.731775
0.732713
0.733682
0.733682
0.734747
0.738388
0.738388
0.741071
0.743057
0.743057
0.744774
0.775867
0.775867
0.779949
0.779949
0.784404
0.784404
0.787497
0.792366
0.799439
0.799439
0.799989
0.804247
0.806895
0.819999
0.833028
0.834408
0.836028
0.836028
0.841541
0.841541
0.841867
0.846065
0.856335
0.864668
0.864668
0.898634
0.898634
0.900434
0.907402
0.911018
0.912008
0.92123
0.925844
0.93204
0.945204
0.949411
0.953474
0.967167
0.983936
0.988785
1.01776
1.02714
1.03799
1.03919
1.03919
1.0531
1.05337
1.05356
1.05356
1.05867
1.06035
1.06035
1.06306
1.08806
1.08806
1.10942
1.1186
1.1374
1.17802
1.1831
1.1831
1.18824
1.27473
1.29543
1.32383
1.35766
1.35919
1.38648
1.39779
1.50504
1.50504
1.54207
2.02994
2.17445
2.17445
