0.255271
0.255271
0.275567
0.275567
0.336836
0.336836
0.353215
0.353215
0.359122
0.361545
0.390364
0.390364
0.401767
0.401767
0.425906
0.425906
0.458888
0.458888
0.485573
0.485573
0.520661
0.520661
0.52399
0.52399
0.611718
0.611718
0.621464
0.621464
0.655869
0.655869
0.663406
0.663406
0.663696
0.676109
0.697909
0.697909
0.707137
0.707137
0.717455
0.717455
0.720003
0.722565
0.767008
0.767008
0.785726
0.794075
0.803229
0.803229
0.828174
0.828174
0.828668
0.879987
0.879987
0.916247
0.916247
0.918193
0.918193
0.996427
1.00219
1.00219
1.01243
1.0278
1.0487
1.08545
1.08545
1.09431
1.10353
1.12108
1.18255
1.18763
1.20745
1.22216
1.22955
1.22955
1.29344
1.29344
1.32009
1.36898
1.42472
1.43403
1.44173
1.44173
1.47261
1.57361
1.57361
1.58601
1.58601
1.61248
1.67716
1.75111
1.75148
1.75148
1.87617
1.87617
2.22291
2.28813
2.29674
2.33757
2.60989
2.80888
