0.224696
0.224696
0.288493
0.289096
0.321489
0.322429
0.346782
0.35162
0.372017
0.379659
0.390686
0.400066
0.408826
0.417526
0.425951
0.4361
0.447577
0.454903
0.467407
0.475205
0.486593
0.501985
0.51178
0.525629
0.536076
0.547537
0.55998
0.570937
0.578449
0.594568
0.599492
0.613323
0.618949
0.63463
0.647069
0.660521
0.670855
0.676361
0.693804
0.704437
0.72342
0.750841
0.781374
0.799657
0.816361
0.834927
0.853768
0.86861
0.885093
0.892287
0.912864
0.929562
0.959345
0.974237
0.990738
1.00329
1.01603
1.02808
1.04235
1.05596
1.06661
1.08405
1.0982
1.11304
1.12391
1.14174
1.16701
1.19562
1.22363
1.245
1.26229
1.28218
1.3159
1.34567
1.36926
1.3947
1.42068
1.43645
1.45699
1.47058
1.50264
1.52058
1.55418
1.58616
1.60902
1.62984
1.65235
1.68875
1.71925
1.75097
1.77057
1.79354
1.83864
1.86496
2.03032
2.10569
2.27855
2.37378
2.56369
2.69964
