0.25394
0.25394
0.307273
0.307273
0.344613
0.344613
0.370247
0.373221
0.373221
0.404938
0.404938
0.431394
0.431394
0.433093
0.433093
0.441127
0.441127
0.451257
0.451257
0.505822
0.505822
0.552719
0.552719
0.578545
0.611514
0.611514
0.642668
0.642668
0.645037
0.645037
0.675338
0.675338
0.691078
0.691078
0.695664
0.695664
0.711459
0.711459
0.715095
0.716959
0.716959
0.808743
0.813184
0.813184
0.846359
0.852803
0.869206
0.869206
0.877356
0.877356
0.913458
0.913458
0.951764
0.955314
0.955314
0.991813
0.991813
1.00154
1.02093
1.03013
1.10797
1.17464
1.21584
1.26058
1.26058
1.26567
1.27017
1.27146
1.27146
1.27938
1.28095
1.28956
1.35068
1.36689
1.37963
1.38521
1.40565
1.41399
1.42541
1.42541
1.433
1.433
1.499
1.499
1.50793
1.56914
1.6589
1.80275
1.82933
1.8662
1.8662
1.87825
1.90409
1.90409
1.98766
2.01728
2.42763
2.42763
2.43741
2.82202
