0.74
0.77
0.81
0.82
0.83
0.9
0.98
1.06
1.09
1.14
1.16
1.18
1.21
1.25
1.3
1.33
1.4
1.44
1.47
1.47
1.48
1.5
1.51
1.51
1.52
1.52
1.55
1.58
1.6
1.64
1.64
1.66
1.68
1.72
1.78
1.81
1.84
1.88
1.9
1.91
1.92
1.96
1.98
1.98
2
2.01
2.04
2.05
2.06
2.07
2.1
2.14
2.14
2.15
2.17
2.2
2.24
2.25
2.27
2.29
2.29
2.3
2.3
2.31
2.31
2.31
2.33
2.35
2.36
2.39
2.4
2.41
2.42
2.43
2.45
2.46
2.47
2.48
2.48
2.49
2.49
2.49
2.49
2.5
2.54
2.57
2.58
2.58
2.61
2.66
2.71
2.74
2.77
2.82
2.82
2.84
2.84
2.85
2.89
2.91
2.93
2.97
2.98
3.02
3.04
3.09
3.12
3.14
3.15
3.17
3.18
3.18
3.19
3.21
3.21
3.23
3.25
3.25
3.3
3.34
3.36
3.4
3.41
3.42
3.44
3.47
3.48
3.53
3.56
3.6
3.64
3.67
3.69
3.71
3.71
3.72
3.74
3.76
3.79
3.82
3.84
3.87
3.88
3.91
4
4.03
4.06
4.09
4.09
4.09
4.11
4.13
4.17
4.2
4.23
4.26
4.3
4.34
4.39
4.43
4.45
4.46
4.47
4.5
4.53
4.59
4.63
4.67
4.79
4.85
4.89
4.97
5.07
5.14
5.19
5.26
5.28
5.37
5.5
5.67
5.79
6.04
6.14
6.29
6.51
6.8
7.29
7.62
7.96
8.57
9.44
10.9
11.5
12.19
13.19
15.14
16.91
18.13
19.96
22.84
