0.153542
0.153542
0.16934
0.16934
0.185104
0.185104
0.190297
0.190297
0.213104
0.213104
0.244671
0.244671
0.265993
0.265993
0.270445
0.270445
0.30171
0.30171
0.329379
0.329379
0.330999
0.330999
0.342593
0.342593
0.347292
0.347292
0.351154
0.367315
0.367315
0.371075
0.371075
0.379431
0.379431
0.379543
0.379543
0.384562
0.384562
0.385023
0.385023
0.39149
0.394224
0.396947
0.396947
0.39824
0.39824
0.40084
0.40084
0.405665
0.405665
0.410018
0.410597
0.417887
0.417887
0.426226
0.426226
0.426365
0.426365
0.427706
0.427706
0.429597
0.435415
0.438407
0.438407
0.440673
0.440673
0.465884
0.465884
0.469391
0.484275
0.490512
0.490512
0.492044
0.49485
0.49485
0.506764
0.510365
0.522138
0.529396
0.537883
0.546087
0.546087
0.554823
0.555739
0.555739
0.560318
0.56106
0.56106
0.570905
0.58466
0.58466
0.595569
0.596207
0.616984
0.616984
0.623519
0.623519
0.647131
0.655003
0.66188
0.66188
0.665118
0.665118
0.678389
0.690084
0.690084
0.694172
0.694172
0.699666
0.710493
0.714893
0.714893
0.718177
0.731941
0.731941
0.736029
0.738642
0.759243
0.759243
0.764322
0.771442
0.77566
0.77566
0.776902
0.77773
0.784606
0.806536
0.806767
0.816047
0.819561
0.852223
0.867163
0.867609
0.867609
0.869891
0.869891
0.876643
0.879024
0.879024
0.883138
0.883841
0.894464
0.91778
0.920233
0.920233
0.923251
0.923523
0.93002
0.940531
0.954645
0.954645
0.964933
0.966003
0.96665
0.983871
1.01486
1.03029
1.03029
1.03265
1.04181
1.04599
1.06489
1.06492
1.10189
1.10191
1.10483
1.10483
1.10506
1.11066
1.11246
1.14989
1.16229
1.16698
1.17096
1.18506
1.19761
1.20368
1.20368
1.22245
1.23389
1.23665
1.24628
1.26212
1.32644
1.32644
1.32898
1.42326
1.43798
1.43798
1.44909
1.52414
1.59397
1.60676
1.6288
1.75148
1.75148
1.78299
1.86426
1.9216
2.25957
2.37647
