0.164004
0.164004
0.180072
0.180072
0.196487
0.196487
0.216544
0.216544
0.230775
0.230839
0.2433
0.243653
0.255477
0.255782
0.26918
0.270908
0.28592
0.286911
0.297062
0.299384
0.305355
0.30799
0.315625
0.318703
0.32514
0.32776
0.332246
0.33485
0.338674
0.344296
0.347233
0.352625
0.354873
0.359153
0.361426
0.366134
0.369589
0.373555
0.37665
0.379883
0.383896
0.388093
0.391894
0.395151
0.399012
0.402141
0.405539
0.409213
0.412625
0.416505
0.420035
0.425215
0.428924
0.434241
0.437494
0.441914
0.445279
0.448344
0.451373
0.455474
0.459197
0.463743
0.467319
0.47035
0.473991
0.477958
0.480953
0.48448
0.487403
0.491319
0.495273
0.499989
0.503715
0.508701
0.512438
0.517186
0.522396
0.527363
0.531915
0.53734
0.541668
0.547245
0.552468
0.556827
0.561899
0.566902
0.571589
0.576092
0.580777
0.58585
0.590572
0.596869
0.602622
0.607333
0.612712
0.618601
0.625055
0.630303
0.63642
0.64198
0.646685
0.65188
0.657371
0.663596
0.668709
0.673982
0.678188
0.68405
0.688714
0.695565
0.701072
0.707012
0.711737
0.718185
0.722214
0.725801
0.730895
0.735984
0.741747
0.746812
0.751285
0.756488
0.762642
0.768381
0.773247
0.778597
0.78437
0.790998
0.796105
0.801041
0.807098
0.812779
0.818842
0.824624
0.831154
0.838873
0.845302
0.851365
0.858866
0.865992
0.873327
0.881378
0.888985
0.895338
0.901519
0.906976
0.91421
0.921407
0.927841
0.934554
0.942557
0.950522
0.958294
0.966618
0.975875
0.983896
0.990895
0.997783
1.00638
1.01727
1.02839
1.03637
1.04652
1.05641
1.06512
1.07493
1.08544
1.09668
1.10596
1.11711
1.12845
1.13821
1.15011
1.16041
1.171
1.19053
1.23469
1.25081
1.2665
1.28298
1.30022
1.31577
1.33959
1.35571
1.37172
1.39841
1.42107
1.4373
1.45432
1.46984
1.50677
1.54104
1.59617
1.6916
1.76229
1.78701
1.8164
2.06669
2.40517
2.57708
