0
0
0
0
0
0
0
0
0
0
0
0
0
0
0
0
0
0
0
0
0
0
0
0
0
0
0
0
0
0
0
0
0
0
0
0
0
0
0
0
0
0.02
0.03
0.03
0.03
0.04
0.04
0.04
0.04
0.04
0.05
0.05
0.05
0.05
0.05
0.05
0.05
0.06
0.06
0.06
0.06
0.06
0.06
0.06
0.06
0.06
0.06
0.06
0.06
0.07
0.07
0.07
0.07
0.07
0.08
0.08
0.08
0.08
0.08
0.08
0.08
0.08
0.08
0.09
0.09
0.09
0.09
0.09
0.09
0.09
0.09
0.09
0.09
0.1
0.1
0.1
0.1
0.1
0.11
0.11
0.11
0.11
0.12
0.12
0.12
0.13
0.13
0.13
0.13
0.16
0.16
0.17
0.18
0.18
0.18
0.18
0.19
0.19
0.19
0.2
0.22
0.27
0.28
0.32
0.37
0.38
0.39
0.39
0.41
0.43
0.43
0.44
0.46
0.47
0.47
0.49
0.51
0.51
0.52
0.54
0.57
0.59
0.63
0.66
0.67
0.69
0.73
0.74
0.76
0.77
0.81
0.84
0.85
0.88
0.94
1
1.05
1.05
1.08
1.1
1.12
1.12
1.12
1.12
1.13
1.14
1.15
1.15
1.17
1.18
1.21
1.22
1.24
1.25
1.25
1.28
1.3
1.3
1.32
1.37
1.38
1.43
1.47
1.59
1.66
1.71
1.8
1.88
1.96
2.02
2.06
2.2
2.37
2.59
2.86
3.11
3.36
3.65
4.08
5.56
