0.01
0.03
0.03
0.05
0.06
0.14
0.24
0.37
0.53
0.66
0.81
0.91
0.96
0.98
0.98
0.98
0.98
0.98
0.98
0.98
0.98
0.98
0.98
0.98
0.98
0.98
0.98
0.98
0.98
0.98
0.98
0.98
0.98
0.98
0.98
0.98
0.98
0.98
0.98
0.98
0.98
0.98
0.98
0.98
0.98
0.98
0.98
0.98
0.98
0.98
0.98
0.98
0.98
0.98
0.98
0.98
0.98
0.98
0.98
1.0
1.0
1.01
1.02
1.05
1.12
1.19
1.24
1.3
1.41
1.47
1.53
1.57
1.61
1.65
1.67
1.73
1.76
1.82
1.83
1.91
1.92
1.94
1.96
1.96
1.96
1.96
1.96
1.96
1.96
1.96
1.96
1.96
1.96
1.96
1.96
1.96
1.96
1.96
1.96
1.96
1.96
1.96
1.96
1.96
1.96
1.96
1.96
1.96
1.96
1.96
1.96
1.98
1.99
2.02
2.11
2.15
2.21
2.32
2.38
2.46
2.49
2.54
2.6
2.64
2.65
2.67
2.67
2.67
2.68
2.68
2.7
2.73
2.77
2.8
2.84
2.86
2.92
2.94
2.98
3.03
3.09
3.17
3.22
3.29
3.35
3.48
3.54
3.61
3.62
3.69
3.71
3.73
3.77
3.81
3.85
4.02
4.1
4.22
4.34
4.42
4.54
4.58
4.7
4.93
5.25
5.72
