0.175846
0.175846
0.197772
0.197772
0.220259
0.220729
0.24479
0.247011
0.259122
0.263331
0.274056
0.2784
0.285599
0.289138
0.298232
0.302278
0.309161
0.31513
0.321207
0.32682
0.331921
0.336564
0.34204
0.346999
0.351311
0.356688
0.360583
0.368746
0.372701
0.378303
0.382262
0.388096
0.391929
0.395737
0.399046
0.403852
0.407915
0.412712
0.416096
0.42048
0.423421
0.426924
0.429685
0.433404
0.436224
0.439218
0.44248
0.445294
0.447423
0.449764
0.452789
0.455659
0.458154
0.462
0.465088
0.46857
0.47148
0.474375
0.476599
0.480979
0.484633
0.489405
0.493482
0.498481
0.503075
0.508894
0.514131
0.51917
0.524688
0.529723
0.535234
0.54004
0.545681
0.551915
0.557122
0.561175
0.56628
0.570583
0.57614
0.582027
0.58599
0.590132
0.594409
0.598406
0.602729
0.606851
0.610614
0.614764
0.619625
0.624416
0.628167
0.632237
0.637431
0.641857
0.646183
0.651001
0.655353
0.660397
0.664761
0.669953
0.674739
0.678943
0.683913
0.689453
0.69388
0.698409
0.702418
0.706914
0.712373
0.717009
0.723106
0.727811
0.732594
0.736555
0.741136
0.745031
0.749757
0.753778
0.757921
0.761659
0.768011
0.773755
0.778295
0.783159
0.788986
0.79485
0.801486
0.806349
0.81328
0.82083
0.826897
0.834133
0.842775
0.849987
0.857302
0.864379
0.871941
0.878405
0.884893
0.891951
0.898171
0.907992
0.913543
0.919078
0.925389
0.932493
0.940208
0.944546
0.950919
0.957671
0.96369
0.971495
0.976722
0.983863
0.993152
1.00082
1.01078
1.02092
1.02986
1.0414
1.05123
1.06277
1.07128
1.08059
1.08971
1.09916
1.10856
1.11717
1.12885
1.13904
1.14909
1.16175
1.17347
1.18643
1.19911
1.21657
1.24254
1.26241
1.27984
1.28915
1.30767
1.3216
1.33724
1.35071
1.36663
1.39302
1.41749
1.44404
1.4548
1.48903
1.52248
1.55856
1.60946
1.68202
1.76284
1.78162
1.8447
2.08262
2.2957
2.54829
