0.155326
0.155326
0.163996
0.163996
0.175975
0.175975
0.185361
0.186137
0.194792
0.196245
0.206605
0.207149
0.21506
0.215894
0.220469
0.22159
0.227586
0.229537
0.234733
0.23744
0.242619
0.244039
0.248383
0.250719
0.255626
0.25839
0.261738
0.265423
0.268114
0.271604
0.274992
0.278403
0.282248
0.285304
0.287885
0.290346
0.292832
0.295608
0.298958
0.301246
0.304007
0.306907
0.308893
0.311847
0.314734
0.317523
0.319398
0.322434
0.324408
0.326724
0.328371
0.330419
0.332621
0.334595
0.3362
0.337854
0.339348
0.341391
0.343901
0.346209
0.348006
0.349724
0.351385
0.353199
0.354993
0.356487
0.358273
0.360115
0.361748
0.363215
0.365815
0.367835
0.369722
0.371743
0.373713
0.376054
0.377884
0.380612
0.382204
0.384626
0.386665
0.388436
0.390819
0.392647
0.394483
0.395892
0.397854
0.399569
0.402217
0.403923
0.406257
0.408894
0.410709
0.413122
0.414776
0.417329
0.419101
0.421059
0.42276
0.424906
0.426576
0.428922
0.431008
0.432548
0.434776
0.436666
0.438827
0.441009
0.442901
0.444813
0.446635
0.448508
0.450619
0.452852
0.454604
0.456715
0.458786
0.460848
0.463012
0.464485
0.465903
0.46774
0.469992
0.47183
0.474097
0.476061
0.477864
0.479962
0.482018
0.483984
0.486163
0.488261
0.49036
0.492806
0.495098
0.497457
0.500177
0.502951
0.505533
0.508021
0.509944
0.512261
0.514604
0.517231
0.51929
0.521792
0.523309
0.526102
0.528369
0.530134
0.532032
0.534502
0.536648
0.539
0.541015
0.543591
0.546022
0.548544
0.551439
0.553854
0.557003
0.559274
0.561852
0.564932
0.56765
0.570265
0.572929
0.575462
0.577834
0.580675
0.583035
0.58553
0.588193
0.590166
0.593218
0.595543
0.597836
0.599743
0.60239
0.604485
0.607133
0.609484
0.611379
0.613616
0.616463
0.618787
0.620771
0.623274
0.626166
0.62849
0.630932
0.632988
0.635969
0.638965
0.642522
0.645368
0.648133
0.651519
0.653949
0.656788
0.659615
0.662944
0.666301
0.66977
0.67289
0.676535
0.68093
0.684763
0.689033
0.693278
0.696842
0.701471
0.704506
0.70799
0.712083
0.715849
0.720199
0.724302
0.727593
0.731271
0.734594
0.738074
0.742866
0.747261
0.750171
0.75344
0.758065
0.762804
0.767911
0.771713
0.776827
0.781603
0.785258
0.790543
0.796103
0.802159
0.808287
0.813471
0.818843
0.824415
0.829561
0.835224
0.842687
0.848842
0.855469
0.86025
0.866405
0.872761
0.878004
0.884118
0.89055
0.895625
0.901159
0.907441
0.914219
0.92019
0.926223
0.934719
0.941261
0.949212
0.958845
0.969049
0.977558
0.9861
0.994987
1.00444
1.01172
1.02082
1.02788
1.0351
1.04276
1.04907
1.0573
1.06698
1.07385
1.08256
1.09283
1.10554
1.12229
1.13915
1.15388
1.17871
1.20162
1.22381
1.25409
1.29202
1.3102
1.3489
1.37021
1.39487
1.41311
1.44877
1.48453
1.52625
1.58551
1.64986
1.72494
1.80164
1.91605
2.68489
