0.150662
0.150662
0.152479
0.152479
0.152665
0.152665
0.156513
0.156513
0.170938
0.170938
0.176203
0.176203
0.17647
0.17647
0.176703
0.176703
0.212244
0.212244
0.217101
0.217101
0.219287
0.219287
0.221589
0.221589
0.231051
0.232079
0.232079
0.23268
0.23268
0.239987
0.239987
0.247159
0.247159
0.254641
0.270657
0.270657
0.277629
0.277629
0.279269
0.279269
0.283001
0.28532
0.28532
0.290754
0.290754
0.29444
0.29444
0.295912
0.295912
0.297951
0.304557
0.304557
0.318732
0.319725
0.319725
0.32528
0.337767
0.337767
0.339255
0.33937
0.34004
0.34004
0.346922
0.350861
0.350861
0.354718
0.363309
0.363371
0.363371
0.364985
0.364985
0.365456
0.365456
0.365494
0.365494
0.371511
0.371511
0.374223
0.374223
0.380863
0.380863
0.380953
0.380953
0.381376
0.381376
0.382052
0.382266
0.382266
0.392945
0.399286
0.403702
0.403725
0.403725
0.415937
0.415937
0.418893
0.418893
0.420051
0.420051
0.426489
0.426489
0.431569
0.436719
0.437485
0.437485
0.440441
0.440441
0.442396
0.447898
0.447898
0.45149
0.45149
0.456259
0.456692
0.456692
0.457323
0.459618
0.459618
0.463345
0.463345
0.467191
0.467191
0.473012
0.473012
0.477526
0.485147
0.491266
0.496318
0.496318
0.500026
0.500026
0.504096
0.504096
0.504725
0.504725
0.504849
0.504849
0.513214
0.513214
0.519696
0.519833
0.519833
0.520581
0.520581
0.52213
0.526613
0.526613
0.526901
0.526901
0.530528
0.540228
0.545672
0.545672
0.547792
0.547792
0.548092
0.549164
0.554667
0.565236
0.582575
0.586154
0.590526
0.59464
0.59464
0.599472
0.600616
0.616153
0.624527
0.627409
0.627409
0.628016
0.628144
0.628361
0.628361
0.628366
0.641297
0.641297
0.643509
0.651384
0.653062
0.653062
0.653901
0.654585
0.658574
0.664692
0.669355
0.671337
0.671337
0.67496
0.67496
0.679267
0.689825
0.689825
0.698675
0.698675
0.712244
0.712244
0.716732
0.716732
0.717448
0.717448
0.720593
0.720633
0.720633
0.725904
0.726365
0.728786
0.730132
0.730132
0.731749
0.731749
0.732003
0.74179
0.743673
0.74639
0.74639
0.747994
0.750019
0.751819
0.751819
0.757011
0.757246
0.757246
0.758555
0.758555
0.767057
0.773969
0.777504
0.786848
0.786848
0.78706
0.78706
0.787606
0.787606
0.788484
0.789766
0.791488
0.801739
0.808427
0.833024
0.837598
0.851843
0.85281
0.868918
0.87118
0.886595
0.887781
0.888006
0.898557
0.920857
0.925813
0.928014
0.93916
0.954451
0.959911
0.963556
0.965841
0.974599
0.978008
0.978008
0.987893
0.989103
0.999342
1.02908
1.03237
1.0332
1.03745
1.04588
1.05253
1.05253
1.07691
1.07895
1.08058
1.08411
1.08411
1.09306
1.12388
1.12433
1.12433
1.12499
1.13067
1.13076
1.13403
1.14701
1.14882
1.19282
1.29875
1.32644
1.32644
1.3269
1.35391
1.38013
1.40654
1.44085
1.6383
1.7503
1.75791
1.85394
2.14368
2.37647
