0.156319
0.156319
0.161037
0.161037
0.167009
0.167009
0.169381
0.17349
0.17349
0.185615
0.185615
0.203718
0.213694
0.213694
0.215257
0.215257
0.21571
0.21571
0.218509
0.218509
0.230761
0.230761
0.231019
0.237654
0.237654
0.264764
0.264764
0.284397
0.284397
0.302653
0.302653
0.303182
0.303182
0.309962
0.309962
0.316594
0.319721
0.326062
0.326062
0.32732
0.330031
0.330031
0.331009
0.331009
0.334195
0.335356
0.335356
0.347639
0.347639
0.351932
0.351932
0.354565
0.355391
0.3647
0.3647
0.368009
0.368009
0.371849
0.37754
0.37754
0.379482
0.379989
0.383972
0.389187
0.389187
0.389328
0.389328
0.391203
0.391203
0.392996
0.393181
0.393181
0.396484
0.396484
0.400416
0.400416
0.400796
0.403805
0.403805
0.403931
0.403931
0.408238
0.410313
0.410313
0.4105
0.4105
0.417356
0.417356
0.417363
0.420072
0.425031
0.425031
0.427868
0.439669
0.439669
0.440725
0.446011
0.446339
0.446426
0.448245
0.448245
0.448262
0.448262
0.451158
0.45483
0.45483
0.459816
0.459816
0.462706
0.462706
0.464019
0.464019
0.470158
0.470158
0.471639
0.472196
0.472196
0.472218
0.473048
0.474197
0.474197
0.4747
0.483594
0.483594
0.486137
0.489312
0.489312
0.489676
0.489676
0.490075
0.493383
0.493587
0.495712
0.495712
0.499475
0.499557
0.500262
0.500484
0.501874
0.50455
0.508749
0.509079
0.509999
0.511626
0.519852
0.520053
0.520053
0.52032
0.52032
0.531486
0.535985
0.53619
0.53619
0.545425
0.545425
0.555658
0.5584
0.5584
0.56438
0.564444
0.564444
0.564541
0.569977
0.573546
0.575851
0.575851
0.580458
0.580458
0.583258
0.58619
0.590063
0.590179
0.590179
0.597527
0.600809
0.600809
0.602226
0.602226
0.603568
0.603568
0.604714
0.611118
0.612631
0.613408
0.613408
0.619307
0.620391
0.620391
0.622057
0.623574
0.626928
0.626928
0.630793
0.636442
0.636442
0.641338
0.641338
0.647209
0.648519
0.648519
0.652542
0.652542
0.652642
0.654264
0.658289
0.668783
0.671013
0.673321
0.67514
0.67514
0.695131
0.697069
0.7001
0.707042
0.721152
0.72618
0.72618
0.737489
0.738062
0.742514
0.744088
0.749866
0.749866
0.752194
0.752194
0.75346
0.75346
0.774931
0.782544
0.788346
0.794246
0.79805
0.798365
0.798444
0.798444
0.798585
0.801547
0.806462
0.809425
0.815278
0.819981
0.82684
0.832927
0.833962
0.836851
0.843454
0.862592
0.867069
0.867069
0.870795
0.878482
0.890488
0.897598
0.897598
0.900213
0.909408
0.920885
0.930737
0.931279
0.944542
0.950708
0.952393
0.957175
0.959299
0.959299
0.966236
0.979671
1.01363
1.0193
1.01965
1.03339
1.03387
1.0486
1.0486
1.0487
1.09441
1.0965
1.12631
1.13858
1.14716
1.15111
1.25208
1.27492
1.27492
1.28686
1.30855
1.31485
1.31596
1.33782
1.34084
1.37914
1.46826
1.58226
1.6632
1.66636
1.66766
1.81603
1.89471
1.95837
2.80907
