0.20162
0.20162
0.289106
0.289106
0.293099
0.293756
0.293756
0.351442
0.352844
0.352844
0.411984
0.411984
0.469195
0.488413
0.488413
0.56995
0.56995
0.58036
0.58036
0.58545
0.610783
0.610783
0.629017
0.691032
0.691032
0.700306
0.709595
0.709595
0.721452
0.721452
0.778585
0.842372
0.842372
0.851742
0.855601
0.855601
0.887447
0.892194
0.892194
0.899421
0.914576
0.914576
0.95621
0.974536
1.03781
1.06924
1.0778
1.0778
1.07867
1.07867
1.08029
1.11698
1.12116
1.12116
1.13207
1.13207
1.14843
1.16153
1.19803
1.20639
1.24872
1.27475
1.28517
1.29607
1.31348
1.33148
1.33148
1.33491
1.35808
1.36155
1.36255
1.38547
1.39149
1.41919
1.41919
1.42041
1.45062
1.46585
1.46585
1.46831
1.47389
1.48829
1.5129
1.54747
1.54747
1.60085
1.62196
1.63081
1.65983
1.67643
1.70659
1.72148
1.77021
1.87189
1.9629
2.03389
2.03582
2.34988
2.56802
2.93675
