0.02
0.08
0.19
0.33
0.42
0.66
0.76
0.84
0.89
0.94
0.96
0.98
0.98
0.98
0.98
0.98
0.98
0.98
0.98
0.98
0.98
0.98
0.98
0.98
0.98
0.98
0.98
0.98
0.98
0.98
0.98
0.98
0.98
0.98
0.98
0.98
0.98
0.98
0.98
0.98
0.98
0.98
0.98
0.98
1.02
1.1
1.16
1.27
1.38
1.45
1.52
1.56
1.58
1.63
1.74
1.79
1.84
1.86
1.91
1.92
1.93
1.93
1.95
1.96
1.96
1.96
1.96
1.96
1.96
1.96
1.96
1.96
1.96
1.96
1.96
1.96
1.96
1.96
1.96
1.96
1.96
1.96
1.96
1.96
1.96
1.96
1.96
1.96
1.98
2.0
2.03
2.05
2.11
2.16
2.24
2.35
2.43
2.47
2.55
2.66
2.71
2.79
2.82
2.82
2.87
2.88
2.92
2.92
2.93
2.94
2.94
2.94
2.94
2.94
2.94
2.94
2.94
2.94
2.94
2.94
2.94
2.95
2.97
3.01
3.03
3.09
3.14
3.23
3.37
3.5
3.59
3.67
3.74
3.81
3.87
3.91
3.92
3.92
3.92
3.93
3.94
3.95
4.05
4.18
4.34
4.48
4.72
4.81
4.93
5.06
5.16
5.52
5.85
6.46
