0.328
0.328
0.328
0.328
0.329
0.329
0.33
0.33
0.332
0.332
0.332
0.333
0.334
0.334
0.334
0.335
0.335
0.335
0.335
0.336
0.338
0.338
0.338
0.338
0.34
0.341
0.342
0.343
0.343
0.343
0.344
0.344
0.344
0.344
0.345
0.345
0.345
0.346
0.347
0.348
0.35
0.35
0.35
0.35
0.353
0.354
0.354
0.354
0.354
0.354
0.355
0.355
0.355
0.356
0.358
0.36
0.362
0.362
0.364
0.365
0.366
0.367
0.367
0.367
0.372
0.372
0.374
0.374
0.375
0.376
0.378
0.378
0.38
0.381
0.383
0.384
0.385
0.386
0.391
0.393
0.393
0.394
0.394
0.395
0.398
0.4
0.403
0.404
0.406
0.411
0.415
0.421
0.423
0.425
0.426
0.427
0.431
0.435
0.44
0.452
0.459
0.465
0.473
0.479
0.491
0.496
0.499
0.501
0.502
0.503
0.507
0.51
0.511
0.515
0.52
0.522
0.53
0.531
0.535
0.54
0.543
0.547
0.55
0.562
0.575
0.597
0.609
0.621
0.629
0.633
0.635
0.643
0.65
0.655
0.675
0.706
0.715
0.721
0.725
0.728
0.736
0.744
0.753
0.772
0.817
0.83
0.837
0.88
0.897
0.9
0.911
0.918
0.949
0.964
0.964
0.998
0.998
1.001
1.001
1.001
1.001
1.001
1.001
1.001
1.001
1.001
1.002
1.002
1.002
1.002
1.002
1.002
1.003
1.004
1.005
1.005
1.006
1.006
1.006
1.007
1.009
1.009
1.011
1.012
1.013
1.015
1.016
1.018
1.021
1.024
1.03
1.032
1.039
1.042
1.047
1.056
1.075
1.085
1.118
1.223
