0.161888
0.161888
0.182842
0.183678
0.198944
0.199986
0.213178
0.21481
0.228927
0.230024
0.243497
0.24433
0.254844
0.257023
0.265886
0.267516
0.277693
0.280899
0.28781
0.291548
0.298085
0.30407
0.308926
0.314765
0.319651
0.324867
0.327942
0.332493
0.336997
0.341944
0.345845
0.351717
0.354893
0.359374
0.362342
0.366457
0.369261
0.373264
0.377031
0.380771
0.38618
0.390635
0.393866
0.39895
0.403566
0.40708
0.411401
0.413974
0.418344
0.423205
0.427429
0.431438
0.435314
0.439034
0.443085
0.44762
0.45081
0.453914
0.45769
0.461267
0.46441
0.469313
0.472589
0.476382
0.479602
0.483526
0.487223
0.492036
0.496331
0.501329
0.504814
0.509056
0.511919
0.515163
0.519525
0.523023
0.526126
0.529737
0.533589
0.53781
0.540794
0.544871
0.549459
0.553397
0.559307
0.564701
0.569698
0.574133
0.578789
0.583311
0.587157
0.592941
0.597998
0.603326
0.610235
0.615051
0.620262
0.624697
0.629793
0.635012
0.640421
0.645289
0.650332
0.657607
0.662689
0.66965
0.675768
0.681763
0.689236
0.694853
0.701452
0.707133
0.711631
0.716626
0.722003
0.726629
0.73293
0.740331
0.746701
0.753118
0.758837
0.763916
0.770448
0.778127
0.783717
0.791824
0.79888
0.807036
0.814376
0.821948
0.834592
0.844951
0.858043
0.86783
0.87926
0.891514
0.904194
0.913191
0.920974
0.9294
0.937888
0.946841
0.954687
0.963696
0.975886
0.99022
0.999198
1.00838
1.01828
1.02966
1.0396
1.05359
1.06358
1.07628
1.08672
1.09988
1.10976
1.12266
1.13246
1.14187
1.15144
1.15918
1.16896
1.17744
1.18785
1.19936
1.211
1.22361
1.23655
1.24677
1.25921
1.27144
1.28116
1.29068
1.29839
1.30645
1.31578
1.32714
1.34474
1.35919
1.37622
1.39126
1.40642
1.41684
1.42853
1.43666
1.44681
1.46015
1.47718
1.49142
1.50932
1.53168
1.5669
1.59646
1.62342
1.69061
1.91061
1.99944
2.0272
2.13421
