0.166664
0.166664
0.197446
0.198072
0.216738
0.219382
0.23787
0.24091
0.253366
0.256029
0.26469
0.267753
0.276142
0.278848
0.285805
0.289691
0.295847
0.299285
0.306468
0.310552
0.318386
0.321589
0.32704
0.330853
0.335409
0.341181
0.346429
0.35172
0.355914
0.361376
0.365108
0.370572
0.37438
0.377643
0.38233
0.387231
0.390806
0.394909
0.39876
0.402623
0.405575
0.409411
0.412719
0.416221
0.419264
0.422998
0.428109
0.431476
0.436658
0.440409
0.444067
0.447472
0.451478
0.455396
0.460304
0.463914
0.467686
0.471785
0.475621
0.479318
0.483441
0.487592
0.491925
0.496316
0.50058
0.504923
0.509067
0.513499
0.517406
0.521302
0.524585
0.529047
0.533424
0.538804
0.543178
0.548905
0.552838
0.557186
0.560636
0.565113
0.568475
0.572432
0.576422
0.581127
0.585222
0.58885
0.592219
0.596159
0.59993
0.603402
0.608382
0.612223
0.617787
0.621892
0.626736
0.631242
0.634849
0.638223
0.643105
0.647513
0.652386
0.658509
0.664059
0.669867
0.673932
0.680984
0.686077
0.692949
0.699196
0.705794
0.711277
0.717523
0.723343
0.72976
0.735516
0.741835
0.745915
0.752164
0.757451
0.762493
0.767518
0.773086
0.778901
0.785538
0.791338
0.798989
0.80687
0.813604
0.82047
0.827197
0.833471
0.840333
0.847288
0.853508
0.861049
0.869369
0.876605
0.885384
0.894506
0.901951
0.910286
0.918281
0.928397
0.940639
0.95006
0.961714
0.971008
0.981712
0.992742
1.00728
1.019
1.03231
1.04731
1.06095
1.07698
1.09024
1.10217
1.11346
1.12298
1.13256
1.14359
1.15325
1.16054
1.17211
1.18648
1.20415
1.21837
1.2358
1.24958
1.26433
1.27909
1.29176
1.3051
1.31502
1.32649
1.33786
1.34618
1.35527
1.36447
1.37433
1.38587
1.39801
1.41067
1.42306
1.4365
1.44641
1.46214
1.47921
1.49483
1.50701
1.52108
1.53932
1.56527
1.6035
1.63911
1.69377
1.84644
1.93611
2.00711
2.03374
