0.164032
0.164032
0.164898
0.164898
0.178816
0.178816
0.190187
0.190187
0.200679
0.200679
0.273115
0.273115
0.273897
0.273897
0.283282
0.283282
0.290164
0.292657
0.292657
0.296864
0.296864
0.313022
0.313022
0.32309
0.334091
0.334091
0.335163
0.335163
0.346614
0.346614
0.363869
0.363869
0.364565
0.364565
0.370497
0.370497
0.37555
0.377738
0.377738
0.383176
0.383176
0.385974
0.403877
0.403877
0.405184
0.405184
0.407665
0.407665
0.407847
0.407847
0.414727
0.414727
0.417905
0.420389
0.420389
0.448812
0.455713
0.476104
0.476104
0.481449
0.481449
0.483343
0.484363
0.484363
0.484745
0.503773
0.503773
0.506328
0.506966
0.506966
0.508874
0.513006
0.521934
0.525661
0.52611
0.526866
0.526866
0.526888
0.526888
0.54573
0.555742
0.555742
0.556038
0.557482
0.568557
0.568557
0.568779
0.572765
0.572765
0.583881
0.583881
0.589428
0.599262
0.618425
0.624735
0.625648
0.625919
0.644528
0.644528
0.646097
0.646097
0.660523
0.660523
0.669174
0.669174
0.676036
0.696865
0.696865
0.698937
0.699139
0.7069
0.707282
0.707282
0.711238
0.711238
0.714375
0.732618
0.745242
0.745242
0.74593
0.74593
0.761305
0.761305
0.77509
0.779888
0.787996
0.787996
0.802335
0.804413
0.806639
0.807399
0.807399
0.813953
0.839757
0.850115
0.861621
0.877992
0.933571
0.936787
0.940664
0.943731
0.951517
0.951517
0.952454
0.966971
0.97496
0.97496
0.982048
0.982757
0.982757
0.984272
1.01572
1.01572
1.01659
1.01845
1.01845
1.0354
1.0371
1.04108
1.04108
1.07177
1.07259
1.07259
1.07551
1.09683
1.10359
1.10359
1.11181
1.11181
1.12928
1.1369
1.15089
1.18472
1.20001
1.20001
1.20309
1.21441
1.24286
1.24659
1.30025
1.30025
1.30479
1.31036
1.31036
1.32168
1.356
1.356
1.41731
1.45764
1.4923
1.5044
1.52378
1.53904
1.54563
1.7935
1.8809
1.91047
1.96
2.01214
2.03792
