0.171236
0.171236
0.224384
0.224384
0.234527
0.234527
0.246275
0.246275
0.259796
0.259796
0.26926
0.26926
0.283678
0.283678
0.287172
0.287172
0.297027
0.297027
0.299911
0.31711
0.325162
0.325162
0.363893
0.363893
0.379374
0.379374
0.380741
0.398753
0.398753
0.404569
0.404569
0.409661
0.409661
0.428144
0.432638
0.432638
0.446395
0.465762
0.465762
0.477181
0.477181
0.479834
0.479834
0.482375
0.482375
0.483358
0.483358
0.490883
0.494438
0.494438
0.495299
0.496917
0.496917
0.497371
0.497371
0.509985
0.512224
0.512224
0.516189
0.516189
0.517645
0.517645
0.523035
0.523035
0.525404
0.525404
0.528183
0.528183
0.540296
0.540296
0.542554
0.54611
0.54611
0.547729
0.54851
0.551829
0.55305
0.553546
0.556939
0.556939
0.569141
0.569195
0.569195
0.573814
0.573814
0.58036
0.58036
0.582413
0.582413
0.591261
0.591305
0.591305
0.610261
0.610781
0.610781
0.621652
0.634824
0.634824
0.64095
0.649005
0.674169
0.674169
0.674418
0.683564
0.691025
0.710369
0.711156
0.711156
0.714406
0.714406
0.719771
0.720832
0.725065
0.725065
0.732964
0.732964
0.733424
0.734041
0.750289
0.775057
0.778456
0.784137
0.784701
0.790191
0.793668
0.811927
0.811927
0.812202
0.822533
0.823631
0.824273
0.833025
0.840738
0.84105
0.84105
0.853404
0.857855
0.882184
0.901325
0.901637
0.908767
0.91186
0.917331
0.932042
0.933456
0.944471
0.946429
0.952396
0.984052
0.994883
0.994883
1.00739
1.00739
1.00971
1.01129
1.04279
1.06117
1.08506
1.09603
1.09603
1.09697
1.12723
1.13207
1.13207
1.14945
1.16551
1.19534
1.24997
1.27475
1.28764
1.29369
1.29369
1.29746
1.29865
1.29865
1.3126
1.32096
1.35943
1.36822
1.37476
1.40536
1.41817
1.41919
1.41919
1.41972
1.43804
1.43804
1.45449
1.49476
1.53322
1.53576
1.55066
1.55066
1.56693
1.60157
1.66782
1.75944
1.90714
2.03389
2.05565
