0.149354
0.149354
0.154307
0.154307
0.15487
0.15487
0.156295
0.156295
0.23352
0.23352
0.280136
0.280136
0.298708
0.298708
0.298854
0.298854
0.313558
0.313558
0.325021
0.325021
0.338163
0.338163
0.353446
0.353446
0.363215
0.363215
0.369335
0.369335
0.375943
0.375943
0.376868
0.378917
0.378917
0.386559
0.386559
0.387309
0.387689
0.387689
0.388448
0.388448
0.392439
0.392439
0.394308
0.394753
0.394753
0.400185
0.400185
0.411372
0.418551
0.418551
0.424932
0.424932
0.431835
0.439302
0.446907
0.454931
0.454931
0.461753
0.461753
0.464483
0.472812
0.472812
0.476057
0.477878
0.483853
0.494827
0.494827
0.498337
0.498337
0.504467
0.504467
0.514296
0.514296
0.517234
0.527221
0.527221
0.528851
0.528851
0.529146
0.539795
0.539795
0.543241
0.555418
0.555418
0.56932
0.580376
0.580376
0.582358
0.584028
0.584028
0.585422
0.585422
0.591146
0.591146
0.599768
0.599768
0.599771
0.604007
0.606763
0.626761
0.643804
0.646031
0.65105
0.653287
0.656086
0.657113
0.667504
0.679663
0.679663
0.681887
0.681887
0.689377
0.689437
0.719202
0.720638
0.720638
0.721632
0.724322
0.724322
0.732829
0.747283
0.747283
0.749238
0.779295
0.782674
0.782674
0.791065
0.829874
0.837135
0.840007
0.843841
0.84918
0.856541
0.856541
0.914848
0.918628
0.947308
0.950156
0.952664
0.952664
0.963028
0.965668
0.971866
0.984323
0.984323
0.986409
0.995229
1.0001
1.00121
1.01217
1.02615
1.02615
1.07474
1.07553
1.1014
1.1014
1.11999
1.12244
1.13207
1.13207
1.14945
1.14945
1.16366
1.16637
1.18184
1.21616
1.21766
1.21766
1.22496
1.22558
1.2298
1.27194
1.28503
1.28708
1.29769
1.29865
1.29865
1.30221
1.30221
1.3318
1.33444
1.35862
1.40306
1.41919
1.41919
1.42915
1.43581
1.45491
1.46585
1.49143
1.54664
1.55075
1.7038
1.70986
1.74238
1.75944
1.86891
1.99409
2.05565
2.05565
