0.153748
0.153748
0.162257
0.162554
0.169704
0.17036
0.176985
0.17849
0.185142
0.188359
0.193446
0.196411
0.200463
0.203381
0.207307
0.210741
0.213895
0.217454
0.220567
0.22363
0.226954
0.230098
0.232976
0.23535
0.238307
0.240803
0.244092
0.247157
0.250028
0.252384
0.255848
0.258642
0.261513
0.263615
0.266933
0.269349
0.272226
0.27555
0.278015
0.279811
0.28208
0.284456
0.286593
0.288922
0.291261
0.294079
0.296288
0.298322
0.301603
0.303448
0.30559
0.307706
0.309582
0.311421
0.313092
0.315002
0.317275
0.319204
0.321238
0.323444
0.326334
0.328812
0.330962
0.333161
0.335081
0.337666
0.339581
0.341606
0.343602
0.34575
0.347607
0.349701
0.351709
0.354129
0.355906
0.358082
0.360171
0.362033
0.363594
0.364908
0.367007
0.368875
0.370719
0.372651
0.373977
0.376053
0.377326
0.378874
0.380575
0.382613
0.383576
0.385764
0.387612
0.389795
0.391386
0.392714
0.394619
0.396236
0.397771
0.399951
0.401481
0.403188
0.404777
0.406288
0.408228
0.409744
0.411676
0.413203
0.415048
0.41712
0.419042
0.420815
0.42289
0.425022
0.427052
0.429098
0.431343
0.433099
0.435041
0.436873
0.438458
0.441121
0.442739
0.445171
0.447275
0.449403
0.450952
0.453365
0.455876
0.457867
0.460032
0.462608
0.464703
0.466887
0.468903
0.470607
0.472973
0.475971
0.478223
0.480345
0.483466
0.485808
0.488739
0.491124
0.493829
0.496184
0.499448
0.502873
0.505787
0.507786
0.51032
0.512659
0.515354
0.51794
0.520591
0.523818
0.526558
0.529107
0.53131
0.534264
0.536649
0.538969
0.542475
0.546098
0.548725
0.551813
0.554519
0.557189
0.560005
0.562823
0.565972
0.568885
0.571858
0.574242
0.576714
0.579903
0.582271
0.58506
0.587507
0.590291
0.593427
0.595602
0.59836
0.600986
0.603551
0.605593
0.608511
0.611756
0.614657
0.616929
0.620411
0.623813
0.626509
0.629181
0.631988
0.635093
0.638005
0.640992
0.643878
0.646976
0.649532
0.652609
0.655249
0.658986
0.662249
0.665645
0.669127
0.672047
0.676374
0.6794
0.683616
0.687637
0.691429
0.69717
0.701103
0.706325
0.710774
0.716048
0.721419
0.725382
0.729669
0.733573
0.738683
0.744064
0.748927
0.75392
0.757999
0.762904
0.767121
0.772444
0.777727
0.783047
0.789228
0.795465
0.800826
0.806476
0.81157
0.816255
0.820848
0.826179
0.831747
0.8377
0.844532
0.849956
0.856218
0.862677
0.870217
0.877944
0.883847
0.891233
0.897856
0.904797
0.913008
0.919398
0.926661
0.934915
0.942345
0.949839
0.957728
0.966177
0.973708
0.982853
0.991912
1.00312
1.01117
1.02057
1.03076
1.03749
1.04462
1.05343
1.06256
1.07086
1.08292
1.0941
1.1034
1.11524
1.12553
1.13582
1.14688
1.15893
1.17124
1.18385
1.20332
1.22317
1.24882
1.27666
1.29672
1.31449
1.33086
1.3566
1.39621
1.42523
1.446
1.47135
1.49499
1.52688
1.57537
1.63232
1.77712
1.93822
