0
0
0
0
0
0
0
0
0
0
0
0
0
0
0
0
0
0
0
0
0
0
0
0
0
0
0
0
0
0
0.04
0.1
0.14
0.17
0.3
0.41
0.52
0.65
0.76
0.86
0.9
0.93
0.94
0.97
0.98
0.98
0.98
0.98
0.98
0.98
0.98
0.98
0.98
0.98
0.98
0.98
0.98
0.98
0.98
0.98
0.98
0.98
0.98
0.98
0.98
0.98
0.98
0.98
0.98
0.98
0.98
0.98
0.98
0.98
0.98
0.98
0.98
0.98
0.98
0.99
1.02
1.02
1.06
1.09
1.14
1.2
1.23
1.28
1.33
1.41
1.47
1.49
1.56
1.62
1.67
1.68
1.69
1.71
1.73
1.73
1.75
1.75
1.77
1.8
1.81
1.82
1.85
1.86
1.89
1.92
1.93
1.95
1.95
1.96
1.96
1.96
1.96
1.96
1.96
1.96
1.96
1.96
1.96
1.96
1.96
1.96
1.96
1.96
1.96
1.96
1.96
1.96
1.96
1.96
1.96
1.96
1.96
1.96
1.96
1.96
1.96
1.96
1.96
1.96
1.96
1.96
1.97
1.97
2
2.01
2.02
2.09
2.16
2.22
2.25
2.3
2.34
2.37
2.42
2.44
2.45
2.47
2.47
2.47
2.48
2.49
2.5
2.52
2.53
2.58
2.63
2.67
2.73
2.79
2.83
2.88
2.88
2.9
2.91
2.92
2.93
2.94
2.94
2.94
2.94
2.94
2.94
2.94
2.94
2.94
2.94
2.94
2.94
2.94
2.94
2.94
2.94
2.95
2.95
2.95
2.96
2.99
3.01
3.05
3.12
3.22
3.26
3.28
3.33
3.4
3.42
3.43
3.45
3.47
3.49
3.51
3.53
3.53
3.55
3.57
3.6
3.62
3.64
3.67
3.67
3.7
3.75
3.81
3.84
3.88
3.9
3.91
3.93
3.95
3.99
4.03
4.08
4.12
4.2
4.28
4.31
4.34
4.35
4.37
4.39
4.4
4.4
4.4
4.43
4.5
4.52
4.54
4.54
4.55
4.58
4.59
4.6
4.63
4.65
4.69
4.82
4.97
5.09
5.2
5.29
5.36
5.39
5.39
5.42
5.43
5.46
5.46
5.48
5.49
5.55
5.67
5.8
5.9
6.06
6.16
6.27
6.36
6.42
6.48
6.52
6.56
6.68
6.83
6.99
7.07
7.17
7.29
7.46
7.58
7.64
7.86
8.06
8.32
8.58
9.13
