0.328
0.328
0.328
0.328
0.328
0.328
0.328
0.328
0.328
0.328
0.328
0.328
0.328
0.329
0.329
0.33
0.331
0.332
0.333
0.333
0.333
0.333
0.334
0.334
0.334
0.334
0.334
0.335
0.335
0.336
0.336
0.336
0.336
0.336
0.337
0.337
0.337
0.339
0.339
0.339
0.34
0.34
0.34
0.34
0.341
0.341
0.341
0.341
0.342
0.342
0.343
0.344
0.344
0.345
0.345
0.345
0.345
0.346
0.347
0.348
0.349
0.351
0.351
0.351
0.351
0.352
0.352
0.352
0.353
0.353
0.354
0.354
0.355
0.355
0.355
0.355
0.357
0.357
0.357
0.36
0.363
0.363
0.363
0.363
0.364
0.365
0.365
0.365
0.366
0.366
0.368
0.368
0.368
0.369
0.37
0.371
0.371
0.372
0.372
0.372
0.374
0.375
0.377
0.38
0.381
0.382
0.383
0.383
0.384
0.384
0.385
0.385
0.386
0.387
0.388
0.389
0.389
0.392
0.392
0.393
0.394
0.394
0.396
0.397
0.397
0.398
0.398
0.401
0.403
0.404
0.405
0.406
0.407
0.407
0.409
0.409
0.41
0.41
0.411
0.412
0.416
0.416
0.417
0.42
0.42
0.421
0.423
0.423
0.424
0.429
0.431
0.431
0.433
0.435
0.438
0.441
0.445
0.449
0.452
0.456
0.463
0.465
0.47
0.474
0.484
0.489
0.492
0.498
0.501
0.504
0.509
0.514
0.517
0.517
0.521
0.521
0.522
0.524
0.525
0.527
0.529
0.53
0.532
0.533
0.537
0.538
0.543
0.547
0.553
0.554
0.557
0.557
0.564
0.567
0.572
0.578
0.588
0.597
0.605
0.61
0.619
0.623
0.627
0.631
0.636
0.641
0.642
0.647
0.651
0.658
0.667
0.671
0.677
0.688
0.701
0.708
0.714
0.719
0.725
0.728
0.732
0.742
0.749
0.754
0.762
0.772
0.782
0.791
0.796
0.805
0.808
0.816
0.82
0.833
0.84
0.848
0.851
0.86
0.866
0.876
0.883
0.896
0.904
0.911
0.912
0.92
0.925
0.934
0.94
0.948
0.95
0.956
0.957
0.962
0.97
0.978
0.986
0.993
0.998
0.999
1.003
1.011
1.016
1.016
1.018
1.024
1.027
1.028
1.028
1.028
1.03
1.033
1.036
1.042
1.052
1.063
1.075
1.089
1.1
1.11
1.117
1.13
1.154
1.171
1.186
1.21
1.231
1.261
1.303
1.341
1.391
1.452
1.497
1.541
1.595
1.716
1.791
1.95
2.402
2.943
