0.09
0.31
0.45
0.57
0.66
0.75
0.76
0.77
0.77
0.77
0.77
0.78
0.78
0.78
0.78
0.78
0.78
0.79
0.83
0.84
0.87
0.95
0.97
1.02
1.05
1.09
1.11
1.12
1.14
1.14
1.16
1.18
1.21
1.23
1.3
1.37
1.44
1.47
1.52
1.54
1.56
1.57
1.57
1.58
1.59
1.61
1.64
1.66
1.66
1.66
1.67
1.68
1.68
1.69
1.7
1.71
1.71
1.71
1.71
1.72
1.74
1.74
1.76
1.78
1.78
1.78
1.78
1.81
1.83
1.84
1.85
1.86
1.87
1.87
1.88
1.91
1.98
2.04
2.07
2.08
2.1
2.12
2.18
2.24
2.26
2.28
2.3
2.32
2.35
2.36
2.42
2.42
2.46
2.48
2.5
2.51
2.54
2.55
2.55
2.56
2.58
2.6
2.62
2.63
2.64
2.68
2.71
2.72
2.76
2.76
2.77
2.77
2.79
2.79
2.8
2.83
2.84
2.88
2.93
2.97
3.02
3.06
3.06
3.09
3.13
3.15
3.16
3.17
3.17
3.17
3.17
3.18
3.18
3.18
3.18
3.19
3.2
3.24
3.27
3.29
3.31
3.36
3.4
3.46
3.46
3.51
3.53
3.58
3.61
3.65
3.66
3.72
3.72
3.75
3.78
3.78
3.82
3.86
3.9
3.95
3.98
4
4.05
4.08
4.09
4.11
4.12
4.17
4.18
4.19
4.2
4.21
4.25
4.28
4.3
4.31
4.31
4.35
4.42
4.44
4.45
4.48
4.51
4.55
4.59
4.59
4.63
4.68
4.7
4.71
4.73
4.78
4.81
4.82
4.85
4.88
4.94
5
5.03
5.04
5.11
5.12
5.19
5.21
5.26
5.33
5.36
5.39
5.43
5.51
5.53
5.58
5.61
5.64
5.7
5.74
5.76
5.83
5.9
5.96
5.99
6.06
6.09
6.09
6.15
6.2
6.26
6.36
6.44
6.51
6.57
6.67
6.75
6.79
6.82
6.89
6.96
7.01
7.08
7.15
7.2
7.26
7.41
7.45
7.49
7.56
7.62
7.69
7.76
7.85
8.01
8.09
8.16
8.24
8.33
8.41
8.47
8.61
8.77
8.82
8.93
9.04
9.14
9.24
9.34
9.44
9.53
9.71
9.87
10
10.1
10.25
10.37
10.51
10.72
10.89
11.1
11.22
11.42
11.63
11.79
12.1
12.35
12.67
12.96
13.23
13.51
13.79
14.2
14.57
15.24
16.08
16.89
17.7
18.97
21.22
22.81
24.38
28.53
31.73
