0.278512
0.278512
0.355819
0.355819
0.396862
0.396862
0.426943
0.42703
0.453506
0.454277
0.490038
0.497843
0.520665
0.524551
0.544728
0.551129
0.564269
0.56991
0.583187
0.589219
0.600869
0.61244
0.621625
0.631349
0.639437
0.651513
0.657661
0.674511
0.683058
0.703002
0.718056
0.733179
0.747829
0.758168
0.770081
0.780354
0.791225
0.803731
0.815677
0.825102
0.836921
0.850601
0.864913
0.874364
0.886162
0.896508
0.906498
0.920757
0.933062
0.940647
0.955122
0.967536
0.981884
0.992633
1.0029
1.01622
1.02536
1.03593
1.04839
1.06147
1.07349
1.09519
1.10509
1.11639
1.12941
1.14471
1.15774
1.1712
1.18457
1.20035
1.213
1.2262
1.23717
1.25388
1.26527
1.2799
1.29842
1.31452
1.3445
1.35914
1.37171
1.39976
1.44411
1.46083
1.51862
1.60975
1.66169
1.73853
1.8531
1.89628
1.98254
2.05117
2.08959
2.1236
2.1593
2.21799
2.27883
2.4308
2.48436
2.66761
