0.28425
0.28425
0.353791
0.353791
0.396179
0.396179
0.431155
0.431241
0.459908
0.460235
0.486762
0.488376
0.512898
0.514651
0.531877
0.53373
0.552479
0.557935
0.568495
0.578399
0.58581
0.600079
0.606258
0.621224
0.627915
0.641295
0.648362
0.660149
0.665937
0.681089
0.692442
0.704188
0.715697
0.735533
0.74818
0.762149
0.778411
0.79458
0.807553
0.817199
0.827219
0.837354
0.845492
0.856368
0.864804
0.878492
0.887759
0.899797
0.908023
0.91792
0.932976
0.94288
0.955259
0.963619
0.976242
0.985473
0.996298
1.00858
1.02588
1.03623
1.05634
1.06791
1.07774
1.08872
1.10115
1.11698
1.12789
1.14052
1.14978
1.16493
1.17657
1.19076
1.2062
1.22872
1.24197
1.25945
1.28304
1.30384
1.31671
1.33362
1.35006
1.39112
1.4413
1.50252
1.55282
1.60842
1.6603
1.69827
1.74624
1.83044
1.91566
2.02837
2.06043
2.10227
2.13611
2.21191
2.27493
2.40847
2.45525
2.56556
