0.306963
0.306963
0.380454
0.380454
0.405373
0.405373
0.446205
0.446205
0.471972
0.471972
0.499228
0.557806
0.582401
0.582401
0.586712
0.608984
0.608984
0.611067
0.611067
0.619949
0.619949
0.625193
0.625193
0.627351
0.627351
0.630695
0.630695
0.644553
0.644553
0.662098
0.662098
0.686464
0.686464
0.700811
0.700811
0.707008
0.707008
0.762602
0.762602
0.775535
0.776628
0.776628
0.785353
0.829222
0.870749
0.870749
0.891263
0.894502
0.894502
0.894991
0.894991
0.905112
0.92031
0.944386
0.944386
0.98123
0.98123
1.03456
1.07832
1.08076
1.08076
1.13449
1.13449
1.15275
1.15275
1.15758
1.15758
1.16962
1.16964
1.19156
1.22216
1.22216
1.26603
1.26603
1.28357
1.29064
1.30187
1.32642
1.35762
1.38272
1.40345
1.45618
1.50136
1.52248
1.52248
1.54231
1.58996
1.65806
1.68717
1.70634
1.98599
2.06424
2.10416
2.10416
2.17783
2.24736
2.35827
2.42199
2.52126
2.72148
