0.328
0.328
0.328
0.328
0.328
0.328
0.328
0.33
0.33
0.331
0.332
0.333
0.335
0.335
0.335
0.336
0.337
0.338
0.34
0.34
0.343
0.345
0.345
0.346
0.348
0.349
0.352
0.355
0.357
0.359
0.366
0.37
0.376
0.382
0.394
0.407
0.423
0.442
0.453
0.476
0.487
0.515
0.559
0.578
0.59
0.602
0.64
0.698
0.706
0.712
0.742
0.747
0.752
0.802
0.831
0.877
0.892
0.912
0.916
0.922
0.922
0.966
0.979
0.999
1
1
1
1
1
1
1
1
1
1
1
1.001
1.001
1.001
1.001
1.001
1.001
1.001
1.001
1.001
1.001
1.001
1.001
1.001
1.001
1.001
1.001
1.003
1.003
1.005
1.01
1.017
1.105
1.112
1.203
1.214
