0.328
0.328
0.328
0.328
0.328
0.328
0.331
0.331
0.331
0.332
0.332
0.334
0.336
0.337
0.338
0.339
0.341
0.344
0.349
0.353
0.365
0.374
0.388
0.401
0.412
0.424
0.433
0.447
0.456
0.468
0.476
0.493
0.505
0.515
0.53
0.546
0.562
0.575
0.6
0.622
0.644
0.66
0.681
0.7
0.727
0.747
0.768
0.788
0.809
0.84
0.858
0.88
0.909
0.936
0.965
1
1.027
1.06
1.092
1.122
1.157
1.187
1.214
1.247
1.274
1.303
1.345
1.395
1.442
1.489
1.551
1.596
1.636
1.699
1.743
1.788
1.846
1.907
1.968
2.021
2.098
2.175
2.252
2.315
2.384
2.46
2.549
2.629
2.727
2.885
3.007
3.104
3.268
3.451
3.605
4.205
4.546
4.711
4.938
5.167
