0.163975
0.163975
0.195171
0.195236
0.226006
0.22638
0.248198
0.248979
0.271344
0.273558
0.285681
0.286437
0.297705
0.298637
0.30574
0.306745
0.316331
0.318299
0.326578
0.32869
0.336783
0.341323
0.347837
0.35091
0.356872
0.362048
0.369056
0.373471
0.378743
0.383129
0.38705
0.393621
0.398504
0.404595
0.408946
0.41453
0.418476
0.424081
0.428252
0.432456
0.436887
0.442521
0.446984
0.451568
0.455153
0.460484
0.464634
0.468732
0.472499
0.47626
0.481959
0.485552
0.489999
0.495541
0.500319
0.504539
0.509066
0.512368
0.517093
0.520345
0.524939
0.529431
0.532913
0.536631
0.541431
0.544541
0.549846
0.553492
0.557357
0.560809
0.56438
0.568235
0.57209
0.576307
0.580431
0.58425
0.587986
0.592289
0.595978
0.599494
0.603219
0.607153
0.610725
0.615553
0.618728
0.622798
0.627009
0.629968
0.63435
0.637381
0.642311
0.64683
0.651258
0.654148
0.657651
0.660823
0.664082
0.667268
0.671321
0.674905
0.679579
0.682922
0.687797
0.692063
0.697049
0.701358
0.705638
0.710606
0.715452
0.720205
0.724439
0.728853
0.73203
0.737777
0.743308
0.748786
0.753573
0.757847
0.762107
0.767094
0.771245
0.776392
0.782349
0.78956
0.79698
0.803489
0.809838
0.816924
0.824937
0.832519
0.841803
0.849578
0.859379
0.86769
0.876884
0.885057
0.892116
0.900662
0.909581
0.917626
0.926152
0.935661
0.944074
0.952305
0.959866
0.965924
0.971917
0.978601
0.985621
0.993059
1.00105
1.00935
1.01598
1.02384
1.03251
1.03997
1.0478
1.05633
1.06417
1.07544
1.0836
1.0939
1.10351
1.1119
1.12075
1.12968
1.13878
1.14738
1.15477
1.16101
1.16759
1.17353
1.18388
1.19302
1.20238
1.21211
1.22142
1.22873
1.23918
1.24681
1.25588
1.26618
1.27409
1.2858
1.29832
1.31139
1.33067
1.35017
1.36942
1.40043
1.42024
1.4512
1.4799
1.51207
1.5543
1.594
1.71879
1.86897
1.96782
2.13001
