0.17341
0.17341
0.207012
0.207012
0.263509
0.266477
0.266477
0.284762
0.284762
0.286651
0.286651
0.286669
0.286669
0.288665
0.288665
0.303367
0.303367
0.319507
0.319507
0.322566
0.322566
0.362298
0.362298
0.362567
0.362567
0.36431
0.36431
0.370059
0.37358
0.37358
0.3745
0.377973
0.377973
0.383943
0.384628
0.384628
0.396033
0.396033
0.412426
0.415708
0.418924
0.418924
0.430275
0.430275
0.432994
0.432994
0.442713
0.455359
0.455359
0.460754
0.48724
0.496945
0.497143
0.505414
0.505414
0.520452
0.520599
0.529787
0.529787
0.537399
0.537399
0.551165
0.551165
0.563066
0.563066
0.566712
0.566712
0.576276
0.576276
0.579111
0.581259
0.581259
0.583481
0.583481
0.594793
0.596552
0.596552
0.599682
0.599682
0.613389
0.613389
0.613706
0.615772
0.61747
0.619111
0.619487
0.62168
0.628854
0.64943
0.654625
0.666443
0.666443
0.670449
0.670449
0.683168
0.68364
0.684127
0.684127
0.696146
0.696146
0.6997
0.6997
0.716212
0.725754
0.725754
0.725988
0.740704
0.740704
0.745584
0.747372
0.748242
0.748242
0.752963
0.756381
0.756862
0.757606
0.773054
0.774184
0.778068
0.782008
0.782008
0.801024
0.801214
0.801214
0.845477
0.881514
0.890689
0.894781
0.898237
0.900202
0.906804
0.906804
0.915216
0.915216
0.920871
0.921832
0.929608
0.934031
0.934289
0.944035
0.947902
0.947902
0.957167
0.959087
0.960211
0.96892
0.98739
0.996006
0.999771
0.999771
1.01119
1.01417
1.03749
1.04976
1.05279
1.05279
1.06296
1.06692
1.06692
1.07422
1.08293
1.08293
1.09858
1.09858
1.10599
1.11547
1.11713
1.11713
1.12732
1.13348
1.14345
1.15171
1.15195
1.15275
1.15275
1.22989
1.2481
1.25294
1.25294
1.25555
1.25555
1.26603
1.26603
1.27136
1.30164
1.31391
1.32702
1.36118
1.4161
1.4161
1.42928
1.42944
1.45821
1.49225
1.54483
1.56863
1.71709
1.83528
1.87451
2.05643
