0.328
0.328
0.328
0.328
0.328
0.328
0.328
0.328
0.329
0.329
0.329
0.33
0.331
0.331
0.331
0.331
0.333
0.333
0.333
0.333
0.334
0.335
0.335
0.335
0.336
0.336
0.336
0.337
0.338
0.339
0.339
0.34
0.34
0.34
0.34
0.34
0.341
0.343
0.343
0.343
0.344
0.344
0.344
0.344
0.344
0.345
0.346
0.346
0.347
0.347
0.347
0.348
0.348
0.351
0.352
0.353
0.354
0.356
0.356
0.357
0.357
0.357
0.358
0.36
0.361
0.361
0.362
0.366
0.37
0.371
0.372
0.374
0.376
0.379
0.379
0.38
0.381
0.382
0.383
0.385
0.393
0.395
0.401
0.409
0.414
0.424
0.43
0.433
0.437
0.438
0.441
0.443
0.447
0.448
0.45
0.457
0.463
0.473
0.483
0.489
0.505
0.515
0.519
0.528
0.534
0.535
0.538
0.538
0.544
0.546
0.547
0.552
0.556
0.561
0.57
0.582
0.591
0.603
0.623
0.632
0.639
0.648
0.658
0.664
0.669
0.676
0.689
0.7
0.707
0.726
0.751
0.762
0.766
0.771
0.785
0.799
0.807
0.809
0.816
0.825
0.836
0.847
0.856
0.869
0.891
0.897
0.898
0.898
0.899
0.899
0.901
0.907
0.921
0.952
0.96
0.967
0.967
0.969
0.969
0.971
0.972
0.974
0.977
0.989
1.002
1.002
1.003
1.004
1.004
1.006
1.008
1.011
1.011
1.011
1.012
1.012
1.014
1.017
1.021
1.027
1.03
1.04
1.047
1.068
1.082
1.097
1.118
1.143
1.172
1.2
1.241
1.296
1.415
1.462
1.513
1.575
1.707
1.925
2.299
2.508
