0.3
0.52
0.67
0.76
0.76
0.76
0.77
0.77
0.77
0.77
0.8
0.91
0.96
1.01
1.02
1.03
1.06
1.09
1.11
1.11
1.15
1.24
1.28
1.33
1.36
1.42
1.46
1.48
1.55
1.59
1.62
1.66
1.71
1.72
1.77
1.79
1.8
1.86
1.89
1.92
1.92
1.97
1.97
1.99
2
2.01
2.02
2.02
2.02
2.06
2.09
2.1
2.11
2.2
2.26
2.29
2.29
2.33
2.35
2.39
2.48
2.53
2.53
2.54
2.54
2.59
2.62
2.62
2.64
2.64
2.66
2.74
2.77
2.79
2.82
2.87
2.89
2.9
2.93
2.94
2.94
2.96
2.99
3.04
3.05
3.09
3.12
3.18
3.22
3.33
3.38
3.4
3.44
3.48
3.51
3.54
3.56
3.59
3.61
3.65
3.71
3.73
3.79
3.82
3.87
3.9
3.96
3.98
4.05
4.09
4.12
4.14
4.16
4.2
4.29
4.32
4.33
4.37
4.41
4.47
4.51
4.51
4.56
4.63
4.69
4.71
4.75
4.81
4.89
4.98
5.05
5.1
5.18
5.2
5.26
5.29
5.3
5.35
5.44
5.51
5.58
5.65
5.71
5.78
5.85
5.94
6.02
6.13
6.21
6.27
6.3
6.38
6.45
6.56
6.62
6.71
6.75
6.86
6.94
7.04
7.09
7.18
7.28
7.39
7.49
7.6
7.73
7.88
8.02
8.16
8.28
8.41
8.63
8.78
8.98
9.2
9.39
9.53
9.69
9.86
10.06
10.24
10.45
10.61
10.86
11.13
11.43
11.82
12.08
12.64
13.22
13.85
14.55
15.57
16.53
18.46
19.85
20.98
22.82
28.48
