0.184633
0.184633
0.186165
0.186165
0.196463
0.196463
0.198949
0.198949
0.20805
0.20805
0.228553
0.228553
0.239276
0.239276
0.244985
0.244985
0.248065
0.248065
0.252596
0.252596
0.267498
0.267498
0.279381
0.279381
0.283122
0.283122
0.286587
0.286587
0.2868
0.2868
0.289619
0.289619
0.290769
0.290769
0.292078
0.292078
0.296613
0.298241
0.298241
0.298283
0.298283
0.307089
0.307089
0.310773
0.310773
0.312318
0.312318
0.313138
0.316133
0.316133
0.323001
0.323466
0.323466
0.333014
0.333014
0.333717
0.336115
0.336115
0.336592
0.336592
0.337168
0.337168
0.344712
0.344712
0.345307
0.345307
0.349659
0.349659
0.353498
0.363141
0.363598
0.363598
0.36558
0.371295
0.371295
0.375583
0.375583
0.376276
0.376276
0.381705
0.383426
0.383426
0.38455
0.38455
0.386464
0.386464
0.390462
0.390462
0.393205
0.399741
0.411409
0.412868
0.412868
0.413487
0.413487
0.427185
0.431407
0.435003
0.440817
0.440817
0.443001
0.449623
0.45123
0.451277
0.451277
0.452578
0.454244
0.455413
0.455413
0.462073
0.463171
0.469732
0.469937
0.469937
0.47038
0.470452
0.470452
0.475204
0.477806
0.478315
0.478315
0.487902
0.487902
0.496167
0.496167
0.50337
0.50378
0.504189
0.50481
0.507912
0.508424
0.509556
0.511951
0.515348
0.515348
0.516409
0.516409
0.518059
0.519575
0.519575
0.519978
0.519978
0.523221
0.524214
0.531723
0.531723
0.533431
0.537404
0.539791
0.540144
0.545105
0.545105
0.547871
0.557762
0.557762
0.564275
0.564275
0.56526
0.565441
0.567722
0.567722
0.568945
0.568945
0.572029
0.573288
0.573288
0.575751
0.583647
0.584632
0.593086
0.593218
0.597443
0.597443
0.603515
0.60383
0.604941
0.604941
0.612849
0.612849
0.616944
0.616944
0.617196
0.619858
0.619858
0.622862
0.622862
0.62591
0.635533
0.635533
0.640723
0.646264
0.649268
0.6533
0.6533
0.65444
0.661006
0.662946
0.666143
0.668545
0.668545
0.670236
0.676605
0.67825
0.691044
0.698452
0.700248
0.700248
0.700752
0.712754
0.714149
0.715685
0.728449
0.728501
0.728501
0.743915
0.743915
0.7504
0.751279
0.761462
0.765377
0.765377
0.780082
0.782417
0.786952
0.786952
0.792898
0.795055
0.795055
0.808727
0.81288
0.827706
0.827706
0.829023
0.829023
0.830536
0.837944
0.837944
0.847949
0.851172
0.853831
0.858163
0.858163
0.860289
0.862034
0.871183
0.871183
0.874084
0.875054
0.875229
0.900267
0.918897
0.926436
0.943028
0.956376
0.959345
0.970628
0.97307
0.979521
0.98082
0.98082
0.985314
0.987479
0.996757
1.0105
1.0105
1.01455
1.02919
1.03201
1.04038
1.05354
1.06403
1.06482
1.07307
1.07943
1.08943
1.11813
1.11892
1.12283
1.14626
1.15441
1.15544
1.15544
1.16865
1.16963
1.2115
1.25389
1.25958
1.26767
1.29233
1.31507
1.31507
1.33408
1.39708
1.43456
1.43601
1.49822
1.72432
1.84088
1.84966
1.92955
