0.151936
0.151936
0.161479
0.161479
0.171298
0.171341
0.180568
0.181014
0.190159
0.190776
0.200777
0.202193
0.210513
0.211209
0.218683
0.219667
0.227547
0.228479
0.235366
0.236451
0.243591
0.244291
0.250178
0.250973
0.25656
0.258335
0.262793
0.264733
0.268356
0.269603
0.272683
0.274312
0.277836
0.279619
0.282215
0.28415
0.287801
0.288875
0.291891
0.293212
0.295843
0.297998
0.300421
0.302513
0.305367
0.308026
0.310256
0.312187
0.314666
0.317088
0.319824
0.32228
0.324502
0.327377
0.329277
0.331512
0.334538
0.337519
0.340442
0.343008
0.345197
0.347947
0.34981
0.353012
0.355459
0.358111
0.361301
0.363431
0.365894
0.367949
0.371083
0.374046
0.376781
0.379333
0.381761
0.384848
0.387121
0.389253
0.391891
0.393687
0.39627
0.39896
0.401151
0.403064
0.405494
0.408223
0.410481
0.412596
0.415484
0.417451
0.419576
0.42215
0.425183
0.427277
0.430218
0.431887
0.434166
0.436507
0.438654
0.441368
0.443729
0.445839
0.447845
0.450114
0.451947
0.453855
0.456264
0.458074
0.460316
0.46217
0.464359
0.466457
0.46841
0.470712
0.472831
0.474639
0.476186
0.478572
0.480614
0.483327
0.485639
0.488218
0.490335
0.492719
0.494923
0.49685
0.498935
0.500998
0.503492
0.506287
0.508959
0.511208
0.513014
0.515344
0.517769
0.520282
0.522709
0.525789
0.528082
0.530283
0.532474
0.535046
0.53795
0.540896
0.543208
0.545561
0.548264
0.550835
0.553208
0.555952
0.558368
0.560199
0.563615
0.566203
0.56945
0.572682
0.575781
0.578187
0.581265
0.584174
0.587265
0.590837
0.594098
0.597998
0.601901
0.604835
0.607653
0.610562
0.613243
0.616698
0.619759
0.623656
0.62679
0.630193
0.63282
0.635556
0.637919
0.641161
0.644251
0.647559
0.649932
0.653007
0.655062
0.657273
0.659248
0.661788
0.66402
0.666556
0.669503
0.671692
0.674966
0.677281
0.680587
0.683332
0.686091
0.689248
0.691743
0.69495
0.698041
0.700782
0.703525
0.706224
0.708923
0.712376
0.715571
0.718555
0.720933
0.723859
0.727375
0.73017
0.733483
0.736637
0.739374
0.742329
0.745137
0.748278
0.751041
0.754066
0.757115
0.75971
0.762866
0.766245
0.76957
0.772854
0.776556
0.77991
0.782848
0.78614
0.789643
0.793226
0.797052
0.800785
0.803747
0.808734
0.812992
0.816729
0.821556
0.825877
0.830536
0.834991
0.839782
0.844249
0.848952
0.853203
0.857833
0.86269
0.866699
0.871526
0.87722
0.883598
0.889221
0.89592
0.902871
0.911065
0.919173
0.9285
0.936307
0.945112
0.953895
0.96305
0.971798
0.981222
0.991654
1.00114
1.01214
1.0221
1.03155
1.03981
1.04815
1.05793
1.06681
1.07581
1.08714
1.09732
1.1074
1.11821
1.13197
1.14521
1.16041
1.17519
1.1872
1.19889
1.20873
1.21919
1.23059
1.24151
1.25232
1.26581
1.28159
1.29692
1.31546
1.33134
1.35078
1.37236
1.40484
1.44361
1.50818
1.66616
1.7741
1.98739
