0.150584
0.150584
0.162346
0.162346
0.171372
0.171372
0.178694
0.178694
0.186377
0.186377
0.194222
0.194222
0.203953
0.203953
0.210492
0.210492
0.216675
0.216675
0.224879
0.224879
0.23248
0.232577
0.240293
0.241122
0.249365
0.250211
0.256721
0.258343
0.264456
0.266358
0.273644
0.275561
0.280146
0.282759
0.286118
0.287941
0.291512
0.294013
0.29709
0.298884
0.302308
0.304467
0.307083
0.309556
0.313198
0.316054
0.319055
0.322347
0.324673
0.327922
0.331036
0.333879
0.336276
0.339152
0.341897
0.344764
0.347922
0.350862
0.353175
0.355878
0.357948
0.360084
0.36336
0.365202
0.367884
0.370039
0.373086
0.375336
0.377536
0.379757
0.381965
0.384017
0.386531
0.388247
0.390608
0.392393
0.395198
0.39783
0.400646
0.402905
0.404646
0.407348
0.409591
0.411499
0.4138
0.416182
0.418966
0.420809
0.42345
0.425594
0.428331
0.430724
0.432537
0.434483
0.436851
0.438799
0.440944
0.442796
0.445044
0.447358
0.449478
0.451449
0.453525
0.456079
0.458201
0.45999
0.461867
0.463655
0.465866
0.467852
0.469967
0.472191
0.474538
0.476406
0.478281
0.479864
0.482084
0.484255
0.486061
0.487926
0.48952
0.491708
0.49382
0.496481
0.498275
0.500671
0.502633
0.504709
0.506967
0.50951
0.511484
0.513227
0.515463
0.517959
0.520332
0.522187
0.524277
0.52646
0.52952
0.531556
0.533517
0.535748
0.538069
0.540061
0.542409
0.544881
0.546995
0.548932
0.550927
0.553042
0.555054
0.557563
0.560494
0.562647
0.564485
0.566357
0.568344
0.570455
0.572617
0.574982
0.577361
0.579402
0.581997
0.584415
0.587097
0.589647
0.592243
0.594534
0.597077
0.599886
0.602694
0.605942
0.607959
0.61038
0.612675
0.615113
0.617717
0.620482
0.623004
0.626547
0.629269
0.632592
0.634942
0.637449
0.63965
0.642445
0.645273
0.647886
0.6504
0.652655
0.655012
0.657497
0.660068
0.662468
0.664876
0.667448
0.670101
0.673182
0.676389
0.679276
0.682231
0.685309
0.688625
0.69208
0.695296
0.698199
0.701531
0.704562
0.70843
0.712027
0.715744
0.719304
0.722958
0.727199
0.731116
0.734673
0.737583
0.7411
0.745145
0.748106
0.751774
0.754852
0.759136
0.762305
0.767337
0.77098
0.774405
0.778205
0.782149
0.785398
0.789763
0.79366
0.79793
0.801796
0.806471
0.810594
0.815238
0.819652
0.824385
0.82882
0.83368
0.838592
0.843511
0.847975
0.852462
0.858543
0.864894
0.869988
0.875741
0.881487
0.888574
0.89436
0.902209
0.909167
0.916362
0.924204
0.930908
0.939572
0.946921
0.953033
0.961219
0.967885
0.976369
0.984111
0.990004
0.995763
1.00269
1.0101
1.01908
1.02721
1.03758
1.04923
1.06329
1.07914
1.09109
1.10412
1.11966
1.13655
1.15006
1.16431
1.17866
1.19599
1.20705
1.224
1.23891
1.25265
1.26267
1.27647
1.2887
1.30315
1.31686
1.33554
1.35889
1.38677
1.42054
1.47321
1.6245
1.71092
1.83838
2.07614
