0.151027
0.151027
0.154488
0.154488
0.154857
0.154857
0.158322
0.158322
0.16606
0.16606
0.167645
0.167645
0.175571
0.175571
0.18276
0.18276
0.19313
0.19313
0.204664
0.205094
0.205094
0.209625
0.209625
0.217897
0.217897
0.22964
0.22964
0.234457
0.234457
0.236484
0.236484
0.239726
0.239726
0.248822
0.248822
0.253796
0.253796
0.273016
0.273016
0.279962
0.279962
0.282272
0.282272
0.285472
0.288939
0.304587
0.304587
0.310265
0.310265
0.318661
0.323408
0.323408
0.323994
0.323994
0.330186
0.330186
0.333824
0.333824
0.34568
0.34568
0.346974
0.348922
0.348922
0.349035
0.349862
0.349862
0.353421
0.353421
0.356219
0.356219
0.357148
0.357148
0.358251
0.376366
0.381233
0.381997
0.381997
0.393163
0.393163
0.393428
0.401592
0.401592
0.402503
0.404005
0.405124
0.405124
0.408326
0.408326
0.412049
0.412049
0.412508
0.416874
0.418924
0.418924
0.419533
0.419533
0.419678
0.419678
0.419962
0.419962
0.423131
0.42409
0.426927
0.427272
0.429515
0.429515
0.432926
0.432926
0.434639
0.434639
0.435742
0.435742
0.443669
0.443669
0.446096
0.447811
0.449006
0.449006
0.455839
0.4573
0.45784
0.45784
0.465428
0.465428
0.466875
0.466875
0.46976
0.46976
0.473258
0.473258
0.473916
0.478355
0.478355
0.48013
0.48013
0.48168
0.48168
0.484452
0.484452
0.484791
0.484791
0.486987
0.487109
0.487109
0.48868
0.489531
0.489531
0.500231
0.500923
0.503433
0.503458
0.503995
0.509173
0.510168
0.510168
0.510205
0.514621
0.5162
0.5162
0.518182
0.518182
0.52641
0.52714
0.529996
0.531815
0.533181
0.533181
0.53648
0.538269
0.554378
0.557262
0.565125
0.565125
0.572528
0.574296
0.577675
0.577675
0.579122
0.583962
0.587536
0.587536
0.591842
0.593607
0.595627
0.605056
0.605759
0.610639
0.611289
0.611289
0.616377
0.621728
0.621728
0.629895
0.629895
0.630562
0.631954
0.63608
0.649632
0.661857
0.661857
0.667153
0.667506
0.668245
0.670889
0.670889
0.680816
0.684098
0.684542
0.701013
0.706043
0.70948
0.712139
0.718438
0.728046
0.728046
0.73519
0.73519
0.736053
0.736053
0.741859
0.742346
0.748351
0.757683
0.757683
0.765959
0.796396
0.796396
0.796796
0.803544
0.820001
0.821737
0.824841
0.824841
0.826676
0.82926
0.833367
0.833381
0.844227
0.846563
0.852898
0.853631
0.853631
0.863668
0.870019
0.871357
0.877453
0.883762
0.896207
0.896207
0.897511
0.950841
0.957698
0.959727
0.966407
0.990999
1.00145
1.00894
1.00955
1.01891
1.02565
1.03793
1.04074
1.04806
1.05047
1.05077
1.05979
1.06682
1.09396
1.09396
1.09556
1.09556
1.11654
1.11654
1.11713
1.11713
1.1208
1.12123
1.13433
1.14984
1.15171
1.19051
1.1982
1.22004
1.22004
1.22767
1.25347
1.26603
1.26603
1.28901
1.28901
1.31633
1.33231
1.35005
1.36118
1.43749
1.59353
1.60698
1.69744
1.80809
2.35827
