0.328
0.328
0.328
0.328
0.328
0.328
0.328
0.328
0.328
0.328
0.328
0.329
0.329
0.329
0.33
0.33
0.33
0.331
0.331
0.332
0.333
0.333
0.333
0.333
0.334
0.334
0.334
0.334
0.334
0.335
0.336
0.336
0.336
0.336
0.337
0.337
0.337
0.337
0.34
0.343
0.344
0.344
0.346
0.346
0.347
0.35
0.354
0.356
0.361
0.366
0.371
0.378
0.383
0.386
0.391
0.396
0.401
0.404
0.412
0.418
0.421
0.425
0.427
0.431
0.433
0.436
0.437
0.439
0.441
0.441
0.444
0.446
0.448
0.45
0.452
0.453
0.457
0.461
0.468
0.469
0.476
0.48
0.483
0.488
0.497
0.502
0.504
0.508
0.516
0.522
0.525
0.529
0.536
0.54
0.543
0.548
0.55
0.556
0.561
0.566
0.571
0.577
0.58
0.586
0.589
0.596
0.601
0.608
0.612
0.614
0.617
0.624
0.628
0.637
0.643
0.653
0.663
0.667
0.672
0.677
0.68
0.683
0.686
0.692
0.697
0.704
0.712
0.719
0.725
0.732
0.738
0.745
0.75
0.759
0.76
0.769
0.779
0.784
0.791
0.796
0.798
0.805
0.812
0.821
0.827
0.833
0.841
0.848
0.852
0.86
0.866
0.875
0.88
0.886
0.894
0.9
0.907
0.911
0.916
0.922
0.932
0.94
0.946
0.952
0.959
0.967
0.978
0.986
0.992
0.999
1.004
1.01
1.019
1.024
1.032
1.039
1.046
1.048
1.053
1.059
1.069
1.075
1.086
1.092
1.106
1.12
1.128
1.131
1.137
1.139
1.149
1.154
1.164
1.174
1.184
1.193
1.198
1.203
1.211
1.217
1.224
1.237
1.249
1.257
1.265
1.274
1.279
1.285
1.292
1.302
1.313
1.321
1.324
1.335
1.347
1.354
1.364
1.371
1.382
1.394
1.4
1.409
1.415
1.422
1.437
1.446
1.461
1.47
1.484
1.497
1.504
1.519
1.532
1.546
1.555
1.561
1.574
1.585
1.606
1.616
1.626
1.638
1.653
1.664
1.679
1.687
1.702
1.715
1.73
1.748
1.76
1.774
1.796
1.81
1.824
1.841
1.857
1.873
1.888
1.91
1.928
1.944
1.962
1.98
1.994
2.011
2.034
2.057
2.075
2.094
2.119
2.14
2.159
2.181
2.201
2.233
2.267
2.291
2.327
2.35
2.382
2.421
2.468
2.498
2.536
2.572
2.621
2.674
2.737
2.798
2.882
2.981
3.096
3.308
3.591
3.903
4.043
4.358
4.649
5.098
