0.155781
0.155781
0.165803
0.165803
0.174724
0.174724
0.178458
0.178458
0.187
0.187
0.202467
0.202467
0.210436
0.210436
0.231686
0.231686
0.239667
0.239667
0.259436
0.259436
0.282163
0.282163
0.285283
0.285283
0.290575
0.290575
0.292008
0.292008
0.292624
0.294719
0.294719
0.301177
0.301177
0.316637
0.320532
0.320532
0.322228
0.322228
0.324064
0.324064
0.325221
0.325287
0.325287
0.330608
0.330608
0.334528
0.334528
0.336485
0.336485
0.336835
0.336835
0.338283
0.338283
0.339775
0.339775
0.343644
0.343644
0.351955
0.353645
0.353645
0.358226
0.359125
0.359232
0.359232
0.361872
0.362584
0.362584
0.363753
0.363753
0.36529
0.36529
0.366722
0.369033
0.370275
0.370275
0.377043
0.377043
0.379665
0.379665
0.380486
0.380486
0.394413
0.402281
0.402281
0.404685
0.414542
0.419727
0.419727
0.423723
0.427522
0.427522
0.427761
0.427761
0.431143
0.431978
0.431978
0.432806
0.435599
0.435599
0.447172
0.447172
0.453045
0.454712
0.454712
0.459238
0.462655
0.467187
0.467187
0.46922
0.46922
0.469243
0.469243
0.470123
0.470123
0.472054
0.472054
0.473497
0.473497
0.473526
0.475669
0.477827
0.485884
0.489158
0.499884
0.505448
0.505448
0.505822
0.505822
0.51695
0.522845
0.522845
0.524822
0.524822
0.527072
0.527072
0.53087
0.53087
0.535986
0.535986
0.539526
0.544033
0.544033
0.54408
0.546256
0.546256
0.547676
0.55048
0.55048
0.550964
0.555674
0.555674
0.557144
0.557144
0.559007
0.563276
0.563276
0.565194
0.565449
0.565765
0.568847
0.568847
0.57425
0.57425
0.580003
0.580003
0.597763
0.598462
0.598462
0.605276
0.605907
0.605907
0.611355
0.614648
0.614648
0.616907
0.627623
0.627623
0.632196
0.636358
0.636358
0.63655
0.637438
0.637438
0.639734
0.643478
0.64926
0.659365
0.659681
0.659681
0.660723
0.661364
0.661364
0.670532
0.670532
0.670815
0.670815
0.677577
0.685307
0.685341
0.686709
0.689961
0.696474
0.696474
0.696618
0.696618
0.703486
0.703486
0.71231
0.742714
0.743151
0.743151
0.74675
0.747063
0.747063
0.755494
0.755494
0.756023
0.759266
0.759266
0.760094
0.765034
0.767865
0.777685
0.777685
0.784486
0.79318
0.79318
0.7943
0.7943
0.795591
0.797393
0.797393
0.797447
0.797999
0.808324
0.813743
0.814168
0.815621
0.823154
0.832599
0.832599
0.848556
0.850755
0.853593
0.860983
0.883592
0.88431
0.895474
0.897474
0.89773
0.909938
0.910885
0.930438
0.930889
0.941015
0.956769
0.967958
0.973242
0.974798
1.0097
1.0178
1.01823
1.01928
1.02842
1.03155
1.04074
1.04456
1.04937
1.05274
1.05274
1.06399
1.07536
1.07573
1.09357
1.09373
1.10714
1.14364
1.14533
1.14539
1.19821
1.20792
1.21232
1.2125
1.25347
1.25347
1.26603
1.26603
1.27234
1.28806
1.29354
1.32975
1.35081
1.36771
1.38593
1.423
1.43311
1.46523
1.51998
1.68022
1.71398
