0.146167
0.146167
0.148745
0.148756
0.150144
0.150144
0.150946
0.150948
0.151675
0.151678
0.15214
0.15214
0.152529
0.152536
0.152786
0.152791
0.153095
0.153099
0.153407
0.153414
0.153657
0.153659
0.153912
0.153913
0.154221
0.154232
0.154549
0.154562
0.154941
0.154977
0.15524
0.155256
0.15564
0.155669
0.155987
0.156018
0.156529
0.156537
0.156958
0.156963
0.157473
0.157501
0.157852
0.157884
0.158375
0.158455
0.158888
0.158975
0.159374
0.159488
0.159898
0.160024
0.160481
0.160596
0.161142
0.161326
0.161754
0.162041
0.162531
0.16273
0.163146
0.163471
0.16388
0.164218
0.164688
0.164977
0.16533
0.165735
0.16615
0.166594
0.167036
0.167319
0.167683
0.168002
0.168367
0.168643
0.169083
0.16936
0.169744
0.169981
0.17036
0.17077
0.171177
0.171539
0.171885
0.172184
0.172652
0.173059
0.173351
0.17374
0.174034
0.174461
0.174691
0.175162
0.175387
0.175833
0.176193
0.176689
0.176985
0.177367
0.17772
0.178212
0.178501
0.178947
0.179223
0.179671
0.180037
0.180378
0.180684
0.181017
0.181463
0.181792
0.182098
0.18236
0.182836
0.183162
0.183529
0.183874
0.184221
0.184524
0.184951
0.185368
0.185662
0.18607
0.186553
0.18693
0.187402
0.187694
0.188028
0.18836
0.188783
0.189197
0.189603
0.19
0.190365
0.190813
0.191231
0.191658
0.19195
0.192398
0.192801
0.193171
0.19349
0.19382
0.194142
0.194536
0.194885
0.195251
0.195583
0.195904
0.196204
0.196542
0.196896
0.197288
0.197729
0.198117
0.198442
0.198712
0.199061
0.199427
0.199875
0.200304
0.200602
0.200948
0.201446
0.201796
0.202142
0.202471
0.202894
0.203252
0.203588
0.203998
0.204375
0.20481
0.205215
0.205515
0.205868
0.206286
0.206714
0.206989
0.207363
0.20771
0.208181
0.2085
0.208928
0.209301
0.209693
0.209959
0.210335
0.210727
0.211198
0.211502
0.211892
0.212229
0.212608
0.212975
0.213392
0.213774
0.214176
0.214488
0.2149
0.215254
0.215623
0.215968
0.216339
0.216716
0.21714
0.217544
0.218039
0.218376
0.218769
0.219064
0.219526
0.219913
0.220274
0.220756
0.221111
0.221539
0.221913
0.222294
0.222652
0.222929
0.223367
0.223655
0.224176
0.224496
0.224835
0.22507
0.225501
0.225855
0.226211
0.226604
0.226967
0.22734
0.227756
0.228164
0.228539
0.228855
0.22917
0.229505
0.229836
0.230176
0.230517
0.23093
0.231389
0.231698
0.232083
0.232383
0.232672
0.233065
0.233345
0.233636
0.234091
0.234412
0.234729
0.23509
0.235534
0.235828
0.236159
0.236569
0.236882
0.237242
0.23748
0.237828
0.238246
0.238671
0.239028
0.239391
0.239691
0.240053
0.240355
0.240691
0.241042
0.241448
0.241712
0.242066
0.242486
0.242878
0.243123
0.243417
0.243696
0.244118
0.244397
0.244733
0.24505
0.245325
0.245729
0.246005
0.246344
0.246641
0.247017
0.247327
0.247701
0.247985
0.248338
0.248675
0.248978
0.249342
0.249732
0.250141
0.250527
0.250872
0.251217
0.251527
0.251849
0.252338
0.252623
0.25294
0.253312
0.25365
0.254066
0.254336
0.254718
0.254991
0.255423
0.255752
0.256213
0.256515
0.256906
0.257195
0.257503
0.257831
0.258232
0.258608
0.259033
0.259382
0.25979
0.260101
0.260448
0.260852
0.26124
0.261619
0.26207
0.262499
0.262871
0.263262
0.263623
0.263985
0.264281
0.264588
0.264985
0.265255
0.265608
0.265918
0.266322
0.266643
0.266964
0.267391
0.267734
0.26819
0.268581
0.268897
0.269275
0.269664
0.269985
0.270314
0.270703
0.271097
0.271393
0.27165
0.272009
0.272417
0.272733
0.273216
0.273573
0.274038
0.274388
0.274719
0.275093
0.275473
0.275819
0.276177
0.276521
0.276827
0.27723
0.277527
0.277911
0.278237
0.278655
0.279005
0.279404
0.279766
0.280132
0.280502
0.280918
0.281407
0.281754
0.2821
0.282398
0.282793
0.28308
0.283497
0.283767
0.284143
0.284593
0.284973
0.285236
0.285552
0.286031
0.28642
0.286789
0.287107
0.287535
0.287924
0.28826
0.288633
0.288965
0.28929
0.2897
0.290125
0.29045
0.290752
0.291091
0.29152
0.291959
0.292253
0.292673
0.292991
0.293388
0.293716
0.294097
0.294435
0.29483
0.295255
0.295573
0.29589
0.296277
0.296643
0.297008
0.297391
0.29777
0.298198
0.298535
0.29887
0.2992
0.299699
0.300002
0.300319
0.300656
0.301134
0.301469
0.301823
0.302236
0.302591
0.303033
0.303436
0.303765
0.304163
0.304509
0.304807
0.305225
0.305572
0.305979
0.306435
0.306796
0.307141
0.307513
0.307872
0.308268
0.308641
0.30904
0.309381
0.309773
0.310217
0.310605
0.311079
0.31148
0.311945
0.312297
0.312736
0.313043
0.313442
0.3138
0.314261
0.314757
0.315295
0.315711
0.316074
0.316466
0.316813
0.317256
0.317668
0.318098
0.318479
0.318839
0.319176
0.319629
0.320014
0.320442
0.320809
0.321191
0.321617
0.322008
0.322379
0.322712
0.323081
0.323446
0.32387
0.324368
0.324636
0.325054
0.325476
0.325829
0.326225
0.326659
0.327004
0.327474
0.32784
0.328268
0.328665
0.329047
0.329556
0.329924
0.330328
0.330715
0.331088
0.331543
0.331898
0.332293
0.332697
0.333207
0.333639
0.334121
0.3345
0.33492
0.335265
0.335679
0.336114
0.3365
0.336765
0.337149
0.33748
0.337894
0.338275
0.338627
0.339066
0.339519
0.339979
0.340383
0.340833
0.341254
0.341571
0.342064
0.342443
0.342909
0.343239
0.343555
0.344019
0.344518
0.344926
0.34548
0.345836
0.346208
0.346585
0.34702
0.347434
0.347783
0.348133
0.34855
0.348997
0.349406
0.34979
0.350338
0.350817
0.351202
0.351655
0.352017
0.352445
0.352919
0.353321
0.353735
0.354242
0.354605
0.355051
0.355483
0.35587
0.356339
0.356819
0.357262
0.357724
0.358188
0.358621
0.359104
0.359467
0.35989
0.360358
0.360773
0.361237
0.361635
0.36209
0.362445
0.362963
0.363509
0.363923
0.364348
0.364777
0.365302
0.365609
0.366029
0.366474
0.366902
0.367317
0.367745
0.368193
0.36869
0.368967
0.3694
0.369802
0.370182
0.370615
0.370986
0.371338
0.371819
0.372211
0.372605
0.372974
0.373462
0.373922
0.374308
0.374651
0.375198
0.375684
0.376171
0.376654
0.377042
0.37753
0.378136
0.378618
0.379072
0.37948
0.379933
0.380477
0.380949
0.381344
0.381802
0.382258
0.382687
0.383154
0.383556
0.384073
0.384509
0.384937
0.385353
0.385776
0.38618
0.38661
0.387051
0.387496
0.38796
0.388496
0.388958
0.389369
0.389807
0.390289
0.390813
0.391289
0.391605
0.392107
0.392546
0.393079
0.393557
0.394048
0.394439
0.394968
0.395561
0.395995
0.39644
0.39687
0.397301
0.397782
0.398246
0.398781
0.399302
0.399773
0.400256
0.400671
0.401128
0.401652
0.402078
0.402473
0.402908
0.403487
0.403974
0.404338
0.404776
0.405318
0.40575
0.406218
0.406733
0.40716
0.407548
0.408175
0.408594
0.409248
0.409764
0.410207
0.410672
0.41125
0.411684
0.412052
0.412491
0.412913
0.413463
0.414051
0.414603
0.415127
0.415626
0.416149
0.416723
0.4173
0.417953
0.418489
0.418998
0.419442
0.419958
0.420591
0.421102
0.421621
0.422202
0.422803
0.423172
0.423722
0.42422
0.42472
0.425299
0.425808
0.426295
0.426886
0.42742
0.427885
0.428415
0.428921
0.429477
0.42995
0.430489
0.431083
0.431725
0.432226
0.432739
0.433243
0.433738
0.434242
0.434815
0.435478
0.436052
0.436724
0.437259
0.4377
0.438349
0.438909
0.439422
0.439945
0.440602
0.441163
0.441762
0.442384
0.44289
0.443595
0.444264
0.444821
0.445375
0.445983
0.446576
0.447126
0.447639
0.448217
0.448741
0.449366
0.449994
0.450668
0.4512
0.451813
0.45241
0.453032
0.453678
0.454311
0.454876
0.455422
0.455917
0.456647
0.457326
0.457851
0.458463
0.459169
0.459819
0.46042
0.46103
0.461692
0.462342
0.463101
0.463608
0.464274
0.464834
0.465669
0.466391
0.467046
0.467765
0.468448
0.469217
0.469814
0.470505
0.471208
0.471976
0.472738
0.473388
0.474107
0.474673
0.475388
0.475984
0.476846
0.477485
0.478214
0.478809
0.479616
0.480267
0.481045
0.481751
0.482429
0.483017
0.483529
0.484308
0.484927
0.485633
0.486424
0.487188
0.48805
0.488732
0.489386
0.490159
0.490994
0.491668
0.492536
0.493381
0.494123
0.494906
0.495776
0.496694
0.497303
0.498323
0.499122
0.499801
0.500473
0.501258
0.502163
0.503077
0.503768
0.504652
0.505395
0.506187
0.507013
0.50784
0.508582
0.50933
0.510098
0.511033
0.512174
0.512823
0.513756
0.514477
0.515292
0.515973
0.516835
0.517867
0.518785
0.519697
0.520499
0.521611
0.522515
0.523359
0.524228
0.52509
0.526164
0.526941
0.527802
0.528831
0.529869
0.530988
0.531993
0.533208
0.534159
0.535117
0.536141
0.537228
0.538185
0.539208
0.540181
0.541242
0.542275
0.543273
0.544271
0.545276
0.546439
0.547572
0.548554
0.549475
0.550463
0.551364
0.55245
0.553425
0.554449
0.555451
0.556647
0.557839
0.558856
0.560174
0.561179
0.562392
0.563463
0.564505
0.565793
0.567069
0.568111
0.569234
0.570466
0.571807
0.573414
0.574479
0.575902
0.577199
0.578709
0.57985
0.580919
0.582367
0.583749
0.585242
0.586616
0.58854
0.59006
0.591891
0.593317
0.594979
0.596638
0.598342
0.600195
0.601852
0.604069
0.606053
0.607697
0.610083
0.612038
0.614054
0.616156
0.618578
0.620541
0.622904
0.625129
0.628047
0.630562
0.632756
0.635484
0.638093
0.641225
0.644194
0.646992
0.650041
0.652875
0.65605
0.659209
0.662504
0.6659
0.669266
0.672843
0.676619
0.680239
0.683612
0.687554
0.690861
0.694565
0.698634
0.703044
0.706634
0.710851
0.714858
0.719126
0.724433
0.729875
0.73528
0.740971
0.746551
0.753798
0.760664
0.767463
0.773946
0.781769
0.790232
0.799247
0.808076
0.820003
0.830792
0.839539
0.851763
0.862574
0.879812
0.900406
0.931619
0.956538
0.980541
1.00512
1.08493
1.23821
