0.148123
0.148123
0.148979
0.148979
0.150786
0.150786
0.15174
0.15174
0.152069
0.152069
0.152127
0.152127
0.15221
0.15221
0.152272
0.152272
0.152279
0.152279
0.152514
0.152514
0.152638
0.152638
0.152782
0.152782
0.152797
0.152797
0.153009
0.153009
0.153257
0.153257
0.153387
0.153387
0.1535
0.1535
0.153587
0.153587
0.153667
0.153667
0.153704
0.153704
0.153754
0.153754
0.154201
0.154201
0.154766
0.154766
0.155303
0.155303
0.155414
0.155414
0.155423
0.155423
0.156114
0.156114
0.156256
0.156256
0.156687
0.156687
0.157234
0.157234
0.157355
0.157355
0.159045
0.159045
0.159714
0.159714
0.160214
0.160214
0.161368
0.161368
0.161545
0.161545
0.161562
0.161562
0.162432
0.162432
0.162478
0.162478
0.162547
0.162547
0.162645
0.162645
0.162827
0.162827
0.162949
0.162949
0.163369
0.163369
0.166274
0.167546
0.167546
0.169155
0.169155
0.1692
0.169846
0.169846
0.170246
0.170246
0.170363
0.170363
0.174621
0.174621
0.174871
0.174871
0.179287
0.179287
0.179642
0.179642
0.179919
0.179919
0.181088
0.181088
0.182311
0.182311
0.183684
0.183684
0.185464
0.185464
0.185705
0.186083
0.186457
0.186457
0.186722
0.188866
0.190275
0.190275
0.190788
0.190788
0.190809
0.190809
0.191844
0.191844
0.192102
0.192102
0.192691
0.192691
0.192761
0.192761
0.193309
0.195728
0.195728
0.196248
0.196248
0.196611
0.196711
0.196711
0.196865
0.196865
0.19702
0.19702
0.197263
0.197263
0.197958
0.198182
0.200968
0.200968
0.201908
0.201908
0.201946
0.203107
0.203107
0.203775
0.203775
0.204574
0.204574
0.205157
0.205157
0.205744
0.206009
0.206168
0.206168
0.206249
0.207637
0.207637
0.20777
0.20777
0.207944
0.207944
0.208355
0.208355
0.2084
0.2084
0.208919
0.208919
0.20959
0.20959
0.210144
0.210222
0.210222
0.21023
0.21023
0.210247
0.210247
0.210927
0.211708
0.213791
0.213791
0.213797
0.214351
0.21453
0.21453
0.216872
0.216872
0.217202
0.217202
0.217265
0.217265
0.217365
0.218893
0.218893
0.218919
0.218919
0.218943
0.219907
0.221411
0.221411
0.22319
0.22319
0.223536
0.223536
0.223903
0.224042
0.224042
0.224955
0.224955
0.225609
0.225609
0.226423
0.226423
0.226681
0.226681
0.226989
0.226989
0.227202
0.227955
0.227998
0.227998
0.228152
0.228152
0.228604
0.230455
0.230455
0.231047
0.231107
0.232464
0.232464
0.232644
0.233478
0.233478
0.234349
0.23602
0.236077
0.236077
0.238247
0.238247
0.238805
0.238805
0.23881
0.23881
0.239378
0.239378
0.239578
0.239635
0.239657
0.239778
0.242176
0.242176
0.243971
0.244392
0.244392
0.244671
0.244797
0.244797
0.244836
0.245252
0.245556
0.245795
0.245795
0.246063
0.246063
0.246605
0.246671
0.247736
0.247736
0.248011
0.248011
0.249253
0.249253
0.249579
0.250343
0.250343
0.252316
0.252831
0.252831
0.25307
0.25307
0.25406
0.25406
0.256969
0.256969
0.258211
0.258634
0.258634
0.259278
0.259364
0.259364
0.259566
0.259566
0.259759
0.259759
0.260263
0.260606
0.260606
0.260889
0.260889
0.26091
0.26091
0.261423
0.261599
0.261599
0.262806
0.262806
0.263004
0.26343
0.26343
0.264393
0.264393
0.264543
0.265985
0.265985
0.266277
0.266277
0.267295
0.267295
0.269621
0.269621
0.269686
0.269686
0.272378
0.272931
0.273714
0.273714
0.273774
0.273774
0.274075
0.274075
0.274894
0.274894
0.275133
0.275133
0.276835
0.276851
0.276988
0.277634
0.277634
0.277691
0.277691
0.278499
0.278499
0.278743
0.278743
0.278876
0.279319
0.279319
0.280413
0.281696
0.282027
0.282034
0.282034
0.282316
0.282735
0.282735
0.283002
0.283002
0.283697
0.283868
0.283868
0.284241
0.28556
0.28556
0.28557
0.285851
0.285851
0.286483
0.286483
0.287068
0.287623
0.287623
0.289514
0.289656
0.289656
0.28995
0.28995
0.290422
0.290517
0.290517
0.290526
0.290526
0.290827
0.291522
0.291522
0.291708
0.292057
0.292575
0.292575
0.292717
0.293558
0.293558
0.294295
0.294943
0.294943
0.296729
0.296729
0.298469
0.298469
0.298942
0.298942
0.301124
0.301124
0.301402
0.301827
0.301827
0.302206
0.302903
0.303417
0.303417
0.30359
0.30359
0.303888
0.303888
0.305522
0.305522
0.305654
0.30662
0.30662
0.306803
0.306945
0.307768
0.30802
0.308075
0.308075
0.308801
0.308922
0.309022
0.309022
0.309284
0.309284
0.309884
0.309884
0.309945
0.309945
0.310094
0.310426
0.310426
0.310554
0.310554
0.311386
0.311386
0.312055
0.312055
0.31213
0.31213
0.312473
0.313056
0.313056
0.313111
0.313408
0.313408
0.314526
0.315468
0.315468
0.316071
0.317549
0.317628
0.318164
0.318164
0.319113
0.320005
0.321468
0.321515
0.321515
0.322342
0.323021
0.325284
0.325284
0.325943
0.327306
0.327411
0.327411
0.327647
0.327647
0.327814
0.329429
0.329429
0.329467
0.330506
0.330506
0.330515
0.330515
0.331144
0.332387
0.332387
0.332728
0.332728
0.333776
0.333776
0.334088
0.334088
0.334602
0.335752
0.335752
0.33579
0.336292
0.336328
0.336499
0.336499
0.336743
0.33753
0.33753
0.33851
0.340625
0.340625
0.341495
0.341762
0.341762
0.34227
0.342624
0.343005
0.343021
0.34412
0.34412
0.346657
0.346657
0.347288
0.347313
0.347394
0.348401
0.349631
0.34983
0.349925
0.349925
0.350362
0.35142
0.351784
0.351784
0.352671
0.352777
0.352777
0.35577
0.35577
0.358285
0.358285
0.358989
0.359553
0.359553
0.36012
0.36012
0.36073
0.360965
0.360965
0.361098
0.361098
0.361278
0.361679
0.361793
0.362145
0.362145
0.363899
0.365587
0.365863
0.365863
0.365869
0.365869
0.366238
0.366238
0.367558
0.367965
0.367965
0.368931
0.369656
0.369656
0.369765
0.369765
0.369947
0.369947
0.370062
0.370349
0.370349
0.371292
0.371396
0.371396
0.373052
0.373106
0.373851
0.373851
0.373914
0.374265
0.3748
0.375629
0.375629
0.376233
0.376911
0.376911
0.377277
0.378124
0.378634
0.379854
0.379854
0.380422
0.380599
0.380599
0.38089
0.381311
0.382543
0.382543
0.383326
0.383326
0.383941
0.384036
0.384365
0.384365
0.384462
0.384462
0.38473
0.38473
0.384759
0.385125
0.385125
0.386554
0.387127
0.387127
0.388469
0.388535
0.388535
0.389236
0.390233
0.390233
0.39151
0.391539
0.391631
0.391631
0.391968
0.392174
0.393355
0.393501
0.393501
0.394135
0.394135
0.395259
0.395488
0.395488
0.395692
0.396416
0.396909
0.396909
0.397194
0.397194
0.397485
0.398268
0.398488
0.398522
0.39873
0.399221
0.399221
0.399514
0.399514
0.399737
0.400512
0.401551
0.401901
0.402362
0.402682
0.402773
0.402865
0.403277
0.403318
0.403318
0.404058
0.404126
0.404371
0.404618
0.405398
0.405398
0.406405
0.407009
0.407812
0.408352
0.40878
0.40878
0.40894
0.409538
0.412481
0.412745
0.413164
0.413164
0.413499
0.415293
0.415694
0.41575
0.415887
0.416235
0.416556
0.416556
0.416905
0.41729
0.418765
0.4206
0.4206
0.421131
0.421131
0.421646
0.422131
0.422131
0.422341
0.422614
0.422614
0.424861
0.424861
0.427721
0.428569
0.428569
0.430327
0.430583
0.430583
0.431524
0.431752
0.432284
0.433551
0.433551
0.434221
0.434221
0.434229
0.434517
0.435524
0.436452
0.436491
0.436491
0.437181
0.437181
0.437806
0.437806
0.438342
0.438635
0.439547
0.439547
0.440133
0.440133
0.440172
0.440962
0.440962
0.441535
0.442867
0.44291
0.444026
0.444349
0.444708
0.445529
0.446513
0.446513
0.4471
0.447888
0.449168
0.449777
0.450898
0.451296
0.451625
0.452686
0.45332
0.45332
0.454293
0.454293
0.454452
0.455471
0.455471
0.455928
0.456129
0.457415
0.458
0.458128
0.460049
0.460169
0.460821
0.46108
0.46108
0.462091
0.462091
0.462258
0.462569
0.463247
0.46405
0.464087
0.465382
0.467883
0.468253
0.469698
0.469928
0.469928
0.47096
0.471488
0.471488
0.476063
0.476079
0.47655
0.476592
0.477029
0.477748
0.479921
0.481193
0.481264
0.482178
0.482178
0.484011
0.484139
0.485154
0.485154
0.485307
0.485544
0.48678
0.487004
0.487374
0.488191
0.489047
0.489047
0.489484
0.490418
0.490802
0.491514
0.491819
0.492338
0.492932
0.493474
0.493744
0.495328
0.49739
0.499487
0.500756
0.501216
0.505204
0.506597
0.507786
0.509241
0.510234
0.510234
0.51073
0.510903
0.510903
0.515507
0.515639
0.516473
0.516473
0.521681
0.521681
0.5221
0.522428
0.524529
0.525274
0.525274
0.529637
0.52985
0.52985
0.530431
0.53096
0.53096
0.531097
0.531931
0.531931
0.532019
0.532019
0.53409
0.534708
0.535188
0.538735
0.538975
0.538975
0.53915
0.540793
0.540793
0.543392
0.543392
0.543741
0.545924
0.545928
0.545928
0.546831
0.546874
0.546874
0.546954
0.548296
0.549141
0.549343
0.550055
0.550726
0.553509
0.554154
0.556999
0.557345
0.558307
0.558307
0.558388
0.560003
0.562061
0.562203
0.563792
0.563864
0.565714
0.566135
0.567597
0.570506
0.571341
0.573112
0.573126
0.576612
0.57863
0.57863
0.578974
0.579586
0.579586
0.581793
0.583518
0.585101
0.585101
0.585384
0.587378
0.591437
0.591437
0.59191
0.593871
0.594819
0.594819
0.595479
0.599503
0.603997
0.605667
0.607683
0.610944
0.61684
0.620778
0.623399
0.624574
0.627204
0.628872
0.629475
0.629702
0.630277
0.630963
0.630963
0.632761
0.633726
0.634113
0.636195
0.640259
0.640259
0.64231
0.647367
0.66082
0.661162
0.661162
0.665464
0.666064
0.669459
0.674029
0.688961
0.69456
0.69456
0.69564
0.70021
0.70789
0.710981
0.710981
0.715192
0.716722
0.716854
0.720248
0.723124
0.725024
0.743562
0.752535
0.754712
0.772917
0.784989
0.797337
0.801262
0.807682
0.81647
0.82016
0.830567
0.834148
0.86804
0.869052
0.876007
0.879476
0.888156
0.954046
0.968946
0.988807
1.01529
1.01744
1.03929
1.06796
1.10708
