0.227903
0.227903
0.326774
0.326774
0.370669
0.370669
0.411109
0.411109
0.421413
0.421413
0.432907
0.432907
0.441897
0.444314
0.450093
0.452381
0.453197
0.466848
0.466848
0.525413
0.525413
0.559813
0.559813
0.602984
0.627751
0.627751
0.670362
0.673054
0.681662
0.685149
0.716231
0.722486
0.7286
0.748124
0.772912
0.775426
0.784637
0.802962
0.803265
0.818789
0.818789
0.833045
0.839456
0.844538
0.854727
0.856649
0.858711
0.858711
0.869504
0.869504
0.873629
0.875856
0.881306
0.883442
0.89139
0.903188
0.910268
0.920421
0.945972
0.945972
0.958251
0.967083
0.970467
0.983068
0.98643
0.992065
0.995573
1.00325
1.02009
1.08559
1.09333
1.15149
1.1718
1.23791
1.23791
1.2843
1.33239
1.33239
1.35611
1.35627
1.37369
1.38681
1.39544
1.44029
1.50422
1.57213
1.58296
1.59071
1.70407
1.83904
1.83904
1.87291
1.87291
1.90142
1.95171
1.95171
2.02481
2.50564
2.58953
2.70309
