0.182419
0.182419
0.245302
0.245302
0.280899
0.280899
0.353783
0.353783
0.357012
0.357012
0.372618
0.372618
0.394035
0.394035
0.413377
0.488775
0.488775
0.531282
0.531282
0.56251
0.56251
0.611181
0.611181
0.6604
0.667263
0.669705
0.669705
0.680299
0.680299
0.705229
0.705229
0.712953
0.712953
0.714884
0.71832
0.71832
0.736368
0.736368
0.760698
0.777716
0.777716
0.787854
0.793115
0.796136
0.796136
0.809971
0.814563
0.854842
0.854842
0.869801
0.882556
0.882556
0.892592
0.892592
0.892606
0.892606
0.933567
0.933567
0.952084
0.969558
0.969558
0.984733
0.984733
1.00276
1.00554
1.00554
1.01063
1.01063
1.05959
1.07372
1.12329
1.12571
1.12571
1.15413
1.15413
1.17389
1.20536
1.23183
1.23183
1.25791
1.26773
1.33041
1.33041
1.33813
1.45143
1.55497
1.58081
1.67653
1.70905
1.8168
1.8168
1.852
1.852
1.87173
1.91915
1.9582
1.97742
2.3506
2.69934
2.83625
