0.150488
0.150488
0.215471
0.215471
0.245339
0.245339
0.295624
0.318545
0.318545
0.323047
0.323047
0.328856
0.328856
0.332109
0.35755
0.366273
0.366273
0.370894
0.370894
0.401273
0.401273
0.408434
0.411488
0.411488
0.412443
0.423424
0.423424
0.426751
0.426751
0.455604
0.455604
0.479699
0.479699
0.488287
0.499005
0.499005
0.505694
0.505694
0.516413
0.519511
0.519511
0.535831
0.547627
0.547627
0.553293
0.553293
0.562193
0.562193
0.56239
0.56239
0.565892
0.569673
0.569673
0.570096
0.570096
0.590064
0.590064
0.600636
0.614369
0.614369
0.623448
0.623448
0.6379
0.665946
0.665946
0.670464
0.670464
0.67307
0.683658
0.685948
0.685948
0.689272
0.689272
0.69634
0.700058
0.732903
0.732903
0.739467
0.766768
0.766768
0.766973
0.766973
0.771068
0.772605
0.775445
0.775445
0.788468
0.790667
0.790667
0.792021
0.794031
0.794031
0.796052
0.796052
0.814604
0.817038
0.818259
0.847457
0.859871
0.859871
0.869733
0.869733
0.878757
0.904419
0.909743
0.918803
0.918803
0.933355
0.948648
0.961943
0.961943
0.975587
1.02868
1.0304
1.08107
1.08727
1.12027
1.15653
1.15653
1.16764
1.16764
1.1754
1.1754
1.18948
1.18948
1.19909
1.21642
1.21642
1.23636
1.25113
1.25776
1.29779
1.32494
1.32494
1.33819
1.34084
1.35771
1.35867
1.38115
1.4194
1.44043
1.46707
1.46707
1.48491
1.49854
1.58341
1.63471
1.70487
1.90233
2.04317
