0.377778
0.377778
0.377778
0.377778
0.377778
0.380556
0.383333
0.388889
0.391667
0.397222
0.397222
0.4
0.402778
0.405556
0.405556
0.419444
0.422222
0.427778
0.427778
0.444444
0.455556
0.461111
0.466667
0.475
0.491667
0.508333
0.519444
0.530556
0.536111
0.547222
0.552778
0.569444
0.580556
0.586111
0.608333
0.627778
0.636111
0.644444
0.672222
0.686111
0.702778
0.713889
0.725
0.738889
0.763889
0.780556
0.791667
0.805556
0.819444
0.836111
0.85
0.872222
0.886111
0.902778
0.916667
0.938889
0.955556
0.969444
0.997222
1.01944
1.03889
1.075
1.1
1.13056
1.15556
1.18333
1.20833
1.23889
1.27222
1.31667
1.33611
1.36667
1.40833
1.46111
1.49167
1.54444
1.60556
1.68333
1.725
1.76667
1.81389
1.90278
1.93889
2.01111
2.06111
2.09722
2.11667
2.15278
2.19722
2.25278
2.30556
2.33889
2.38611
2.42222
2.45833
2.52778
2.56111
2.57222
2.65278
2.725
