0.0555556
0.166667
0.277778
0.305556
0.305556
0.333333
0.388889
0.416667
0.472222
0.5
0.527778
0.527778
0.583333
0.583333
0.583333
0.583333
0.583333
0.583333
0.611111
0.638889
0.638889
0.638889
0.666667
0.75
0.777778
0.777778
0.861111
0.861111
0.916667
0.916667
0.916667
0.916667
1.02778
1.08333
1.11111
1.16667
1.19444
1.22222
1.22222
1.25
1.27778
1.27778
1.30556
1.30556
1.30556
1.33333
1.36111
1.38889
1.41667
1.41667
1.47222
1.47222
1.5
1.5
1.5
1.5
1.5
1.52778
1.55556
1.66667
1.69444
1.69444
1.69444
1.69444
1.72222
1.72222
1.75
1.86111
1.88889
1.91667
1.94444
2
2.11111
2.11111
2.13889
2.22222
2.27778
2.36111
2.44444
2.44444
2.5
2.55556
2.61111
2.61111
2.69444
2.69444
2.72222
2.75
2.83333
2.94444
3.11111
3.22222
3.44444
3.80556
4.25
4.52778
5.25
6.25
7.41667
9.69444
