0.183539
0.183539
0.215234
0.218532
0.244211
0.246364
0.265892
0.269924
0.291766
0.299235
0.311261
0.317896
0.325267
0.333445
0.34197
0.353073
0.358253
0.36964
0.377611
0.385474
0.39122
0.395771
0.40105
0.410534
0.417597
0.426619
0.434111
0.443254
0.450405
0.461209
0.46634
0.480094
0.48707
0.496295
0.505792
0.514413
0.522949
0.533647
0.543854
0.55191
0.557792
0.563872
0.570388
0.575236
0.580709
0.584833
0.590186
0.595847
0.601287
0.6058
0.611992
0.61732
0.621767
0.627451
0.631061
0.637405
0.641985
0.64793
0.655861
0.659213
0.665163
0.670166
0.676227
0.682159
0.688193
0.693113
0.698665
0.702891
0.708389
0.713086
0.720084
0.725161
0.73074
0.736514
0.74373
0.750287
0.758506
0.765762
0.774183
0.781672
0.790196
0.797081
0.80579
0.813314
0.820558
0.827452
0.834704
0.840876
0.846819
0.852576
0.859173
0.865127
0.872717
0.87996
0.886487
0.894027
0.900052
0.907138
0.914202
0.919479
0.926531
0.934766
0.941401
0.951332
0.960907
0.970157
0.979538
0.988325
0.999235
1.00964
1.01665
1.02594
1.03726
1.04628
1.0565
1.06779
1.07739
1.08908
1.0989
1.11104
1.12267
1.13363
1.14954
1.16781
1.18335
1.19482
1.21843
1.23293
1.24882
1.26255
1.27765
1.29009
1.3055
1.3211
1.3412
1.37121
1.38945
1.4208
1.454
1.47309
1.5154
1.54424
1.56687
1.5932
1.63258
1.70185
1.75001
1.79463
1.85649
1.92305
