0.05
0.27
0.54
0.71
0.86
0.91
0.96
1.02
1.04
1.06
1.11
1.17
1.22
1.32
1.4
1.44
1.51
1.55
1.58
1.64
1.68
1.82
1.85
1.97
2.09
2.14
2.24
2.27
2.28
2.31
2.33
2.42
2.46
2.51
2.53
2.58
2.63
2.65
2.69
2.73
2.77
2.79
2.84
2.86
2.9
2.91
2.94
3
3.05
3.1
3.18
3.25
3.3
3.33
3.35
3.39
3.41
3.46
3.55
3.58
3.6
3.71
3.75
3.77
3.81
3.85
3.85
3.86
3.86
3.9
3.94
3.99
4.01
4.03
4.05
4.08
4.1
4.15
4.21
4.23
4.32
4.33
4.39
4.42
4.47
4.51
4.54
4.58
4.63
4.66
4.71
4.73
4.73
4.74
4.78
4.82
4.83
4.86
4.89
4.91
4.94
4.95
4.98
4.98
5
5.04
5.08
5.1
5.17
5.23
5.25
5.29
5.3
5.35
5.4
5.42
5.47
5.5
5.54
5.56
5.58
5.6
5.62
5.65
5.65
5.67
5.71
5.75
5.79
5.8
5.83
5.86
5.89
5.9
5.92
5.97
6.02
6.03
6.05
6.06
6.1
6.16
6.17
6.19
6.22
6.3
6.31
6.32
6.38
6.41
6.42
6.43
6.44
6.49
6.51
6.54
6.55
6.58
6.61
6.65
6.7
6.71
6.71
6.73
6.75
6.79
6.8
6.8
6.85
6.86
6.86
6.93
6.96
6.99
7.01
7.05
7.06
7.12
7.13
7.16
7.19
7.22
7.26
7.28
7.32
7.34
7.37
7.41
7.43
7.47
7.49
7.53
7.54
7.57
7.6
7.61
7.63
7.63
7.65
7.66
7.69
7.7
7.75
7.76
7.82
7.84
7.88
7.96
7.97
7.99
8.04
8.05
8.07
8.11
8.15
8.2
8.22
8.25
8.3
8.35
8.35
8.38
8.39
8.41
8.45
8.48
8.5
8.51
8.55
8.58
8.61
8.62
8.66
8.66
8.68
8.72
8.75
8.78
8.83
8.84
8.87
8.87
8.92
8.98
9.01
9.03
9.09
9.13
9.17
9.21
9.22
9.26
9.28
9.29
9.3
9.33
9.38
9.39
9.41
9.42
9.43
9.44
9.45
9.46
9.47
9.5
9.53
9.56
9.59
9.64
9.67
9.71
9.74
9.75
9.82
9.85
9.88
9.91
9.93
9.97
9.99
10.02
10.06
10.11
10.12
10.13
10.17
10.19
10.21
10.23
10.25
10.28
10.3
10.31
10.32
10.33
10.36
10.37
10.4
10.44
10.48
10.52
10.55
10.57
10.6
10.63
10.67
10.69
10.72
10.75
10.77
10.82
10.83
10.85
10.89
10.89
10.93
10.96
10.98
11
11.01
11.01
11.01
11.09
11.12
11.15
11.16
11.2
11.23
11.24
11.26
11.27
11.31
11.31
11.33
11.35
11.38
11.38
11.4
11.43
11.44
11.5
11.52
11.57
11.61
11.65
11.68
11.72
11.72
11.75
11.76
11.8
11.8
11.83
11.85
11.87
11.89
11.92
11.95
11.99
11.99
12.03
12.04
12.08
12.09
12.1
12.12
12.13
12.13
12.16
12.18
12.19
12.28
12.28
12.32
12.34
12.34
12.35
12.4
12.45
12.48
12.52
12.53
12.53
12.55
12.61
12.66
12.67
12.69
12.72
12.73
12.75
12.77
12.78
12.83
12.85
12.87
12.89
12.91
12.92
12.99
13.01
13.06
13.09
13.12
13.17
13.17
13.19
13.23
13.26
13.27
13.27
13.31
13.31
13.34
13.36
13.37
13.39
13.42
13.44
13.45
13.47
13.48
13.52
13.55
13.6
13.62
13.63
13.66
13.69
13.72
13.73
13.77
13.83
13.89
13.93
13.95
13.96
13.96
13.96
13.96
13.97
14
14
14.01
14.07
14.07
14.1
14.12
14.13
14.15
14.18
14.21
14.21
14.26
14.28
14.29
14.33
14.34
14.38
14.43
14.49
14.5
14.52
14.58
14.6
14.61
14.63
14.67
14.68
14.69
14.72
14.72
14.75
14.77
14.79
14.81
14.85
14.86
14.91
14.94
14.94
14.94
14.95
14.96
14.96
14.99
15
15.02
15.07
15.11
15.12
15.15
15.2
15.22
15.24
15.25
15.28
15.29
15.31
15.33
15.34
15.34
15.36
15.4
15.43
15.43
15.45
15.51
15.53
15.59
15.6
15.61
15.63
15.64
15.67
15.68
15.71
15.72
15.72
15.72
15.74
15.77
15.78
15.79
15.83
15.86
15.9
15.91
15.95
15.99
16.01
16.02
16.04
16.06
16.07
16.09
16.12
16.14
16.16
16.19
16.21
16.23
16.25
16.25
16.27
16.3
16.34
16.36
16.37
16.39
16.4
16.42
16.43
16.46
16.51
16.54
16.57
16.58
16.59
16.6
16.62
16.63
16.67
16.68
16.72
16.74
16.77
16.8
16.82
16.85
16.86
16.89
16.9
16.94
16.95
16.98
16.99
16.99
17.01
17.03
17.03
17.04
17.09
17.11
17.14
17.17
17.19
17.2
17.2
17.24
17.26
17.28
17.3
17.3
17.3
17.3
17.3
17.3
17.33
17.34
17.37
17.39
17.44
17.47
17.5
17.53
17.55
17.58
17.61
17.63
17.65
17.69
17.72
17.8
17.81
17.87
17.88
17.89
17.93
17.95
17.96
17.97
17.97
18
18.03
18.06
18.1
18.11
18.13
18.16
18.17
18.18
18.18
18.2
18.22
18.23
18.25
18.27
18.33
18.35
18.37
18.38
18.4
18.42
18.45
18.48
18.49
18.53
18.55
18.56
18.59
18.62
18.65
18.66
18.67
18.69
18.72
18.73
18.74
18.76
18.78
18.8
18.83
18.85
18.87
18.89
18.92
18.94
18.96
18.98
19.01
19.04
19.07
19.09
19.12
19.13
19.15
19.19
19.24
19.29
19.35
19.35
19.38
19.4
19.42
19.43
19.44
19.45
19.47
19.49
19.51
19.53
19.55
19.56
19.59
19.61
19.61
19.63
19.63
19.68
19.69
19.72
19.75
19.77
19.83
19.85
19.91
19.92
19.94
19.95
19.96
19.98
20.01
20.03
20.07
20.08
20.11
20.12
20.17
20.2
20.22
20.24
20.27
20.28
20.31
20.33
20.36
20.38
20.43
20.46
20.5
20.52
20.58
20.58
20.62
20.63
20.64
20.68
20.7
20.7
20.71
20.73
20.78
20.8
20.8
20.81
20.84
20.87
20.89
20.92
20.93
20.95
20.99
21.03
21.05
21.07
21.12
21.2
21.21
21.22
21.25
21.29
21.33
21.36
21.41
21.47
21.47
21.47
21.5
21.51
21.54
21.56
21.57
21.62
21.63
21.63
21.65
21.67
21.68
21.77
21.81
21.82
21.85
21.88
21.9
21.92
21.94
21.96
22
22.06
22.11
22.13
22.16
22.22
22.23
22.27
22.28
22.31
22.34
22.39
22.41
22.45
22.46
22.52
22.55
22.58
22.62
22.63
22.65
22.67
22.7
22.73
22.78
22.79
22.81
22.84
22.9
22.93
22.93
22.98
23.01
23.03
23.08
23.11
23.14
23.19
23.23
23.29
23.31
23.38
23.41
23.43
23.45
23.47
23.48
23.52
23.55
23.59
23.61
23.64
23.68
23.7
23.75
23.77
23.8
23.86
23.9
23.94
24.02
24.06
24.08
24.1
24.11
24.13
24.16
24.2
24.25
24.28
24.35
24.37
24.43
24.45
24.47
24.47
24.5
24.55
24.59
24.64
24.68
24.71
24.76
24.78
24.81
24.85
24.86
24.94
25.03
25.09
25.11
25.17
25.17
25.22
25.26
25.31
25.34
25.39
25.43
25.47
25.49
25.56
25.59
25.63
25.69
25.76
25.8
25.87
25.91
25.95
25.99
26.03
26.08
26.13
26.18
26.21
26.27
26.3
26.34
26.37
26.4
26.46
26.49
26.58
26.61
26.68
26.74
26.78
26.82
26.9
26.97
27.05
27.1
27.16
27.2
27.25
27.32
27.39
27.47
27.52
27.57
27.62
27.7
27.82
27.89
27.97
27.98
28.04
28.08
28.17
28.27
28.36
28.41
28.49
28.58
28.68
28.77
28.85
28.93
29.03
29.09
29.17
29.24
29.3
29.39
29.44
29.55
29.67
29.77
29.86
29.97
30.07
30.17
30.28
30.33
30.48
30.62
30.76
30.9
30.98
31.07
31.18
31.37
31.52
31.69
31.8
31.99
32.14
32.28
32.52
32.71
32.9
33.12
33.35
33.57
33.83
34.07
34.42
34.74
35.05
35.42
35.96
36.44
37.09
37.73
38.49
39.36
40.22
41.3
42.85
44.65
