0.328
0.328
0.328
0.328
0.328
0.328
0.328
0.329
0.329
0.329
0.329
0.329
0.33
0.33
0.331
0.333
0.334
0.334
0.334
0.337
0.338
0.338
0.34
0.341
0.344
0.344
0.345
0.348
0.353
0.355
0.357
0.361
0.366
0.37
0.374
0.374
0.378
0.381
0.386
0.393
0.402
0.407
0.417
0.424
0.43
0.433
0.435
0.436
0.443
0.452
0.456
0.463
0.469
0.473
0.476
0.484
0.489
0.499
0.503
0.505
0.511
0.515
0.521
0.526
0.529
0.534
0.543
0.55
0.556
0.566
0.575
0.579
0.59
0.6
0.61
0.617
0.623
0.633
0.635
0.642
0.646
0.651
0.659
0.673
0.684
0.693
0.71
0.72
0.73
0.735
0.744
0.751
0.761
0.773
0.778
0.785
0.797
0.807
0.817
0.83
0.841
0.851
0.859
0.868
0.879
0.884
0.9
0.911
0.918
0.925
0.932
0.946
0.961
0.971
0.978
0.989
0.999
1.011
1.018
1.03
1.042
1.053
1.069
1.077
1.087
1.098
1.112
1.124
1.134
1.152
1.163
1.175
1.186
1.197
1.217
1.227
1.239
1.249
1.271
1.283
1.296
1.312
1.328
1.34
1.357
1.38
1.398
1.417
1.442
1.469
1.489
1.513
1.533
1.563
1.583
1.608
1.629
1.655
1.681
1.704
1.73
1.75
1.782
1.8
1.825
1.854
1.879
1.9
1.938
1.974
2.008
2.03
2.068
2.11
2.151
2.184
2.213
2.245
2.285
2.322
2.36
2.4
2.44
2.497
2.56
2.626
2.719
2.858
3.0
3.064
3.136
3.292
3.425
3.717
3.868
4.147
4.444
4.894
5.037
5.296
