0.17
0.31
0.47
0.54
0.65
0.67
0.73
0.77
0.81
0.82
0.85
0.86
0.87
0.88
0.91
0.93
0.94
0.96
1.02
1.06
1.08
1.11
1.13
1.15
1.17
1.18
1.19
1.2
1.22
1.25
1.3
1.32
1.33
1.35
1.42
1.44
1.45
1.46
1.48
1.52
1.54
1.56
1.59
1.6
1.61
1.62
1.64
1.65
1.66
1.66
1.68
1.69
1.7
1.71
1.74
1.76
1.76
1.78
1.81
1.83
1.84
1.85
1.87
1.91
1.93
1.95
2.01
2.04
2.07
2.08
2.08
2.1
2.1
2.1
2.1
2.12
2.12
2.15
2.17
2.18
2.19
2.21
2.22
2.24
2.27
2.28
2.29
2.31
2.32
2.35
2.36
2.38
2.4
2.42
2.43
2.47
2.5
2.53
2.54
2.57
2.58
2.59
2.63
2.65
2.7
2.75
2.78
2.82
2.85
2.88
2.9
2.93
2.93
2.94
2.96
2.97
2.98
2.99
2.99
3
3.01
3.01
3.03
3.04
3.07
3.1
3.13
3.16
3.17
3.18
3.24
3.25
3.29
3.34
3.4
3.4
3.43
3.46
3.49
3.56
3.58
3.59
3.63
3.65
3.68
3.7
3.74
3.77
3.8
3.82
3.86
3.93
3.96
3.98
4.02
4.04
4.08
4.1
4.14
4.18
4.22
4.25
4.27
4.29
4.33
4.36
4.4
4.43
4.45
4.48
4.54
4.6
4.63
4.68
4.72
4.78
4.81
4.82
4.9
4.93
4.94
5.02
5.07
5.13
5.17
5.21
5.25
5.28
5.33
5.39
5.42
5.45
5.52
5.57
5.6
5.69
5.73
5.79
5.87
5.93
5.98
6.03
6.11
6.14
6.18
6.29
6.31
6.35
6.42
6.52
6.57
6.66
6.73
6.86
6.92
7.03
7.11
7.19
7.28
7.38
7.54
7.69
7.86
7.97
8.05
8.19
8.27
8.38
8.53
8.71
8.95
9.19
9.43
9.63
9.96
10.26
10.57
11.06
11.41
11.8
12.24
12.76
13.4
14.5
15.82
16.94
18.34
21.81
24.68
29.71
