0.154192
0.154192
0.158909
0.158909
0.165182
0.165182
0.171866
0.172116
0.177666
0.177717
0.185022
0.185244
0.190882
0.191204
0.196246
0.197203
0.202414
0.203067
0.207675
0.208537
0.212478
0.213569
0.21839
0.219514
0.224605
0.225382
0.229398
0.230567
0.234862
0.235853
0.240007
0.241269
0.244358
0.245882
0.24882
0.25081
0.253866
0.255422
0.257826
0.259571
0.261795
0.263763
0.266157
0.267573
0.26958
0.271391
0.273695
0.275898
0.277581
0.279572
0.280935
0.282471
0.284464
0.286151
0.288287
0.290423
0.292231
0.294243
0.295915
0.2977
0.299502
0.301215
0.303012
0.30484
0.306373
0.307827
0.309644
0.311439
0.313001
0.314543
0.316619
0.31822
0.319765
0.321336
0.322974
0.324689
0.326681
0.328047
0.329857
0.331616
0.333704
0.336034
0.337545
0.339528
0.341349
0.343329
0.345116
0.347371
0.348799
0.350825
0.352581
0.3542
0.356108
0.358076
0.359581
0.361034
0.363196
0.364595
0.366484
0.368157
0.369679
0.370938
0.372564
0.374719
0.376258
0.3783
0.37986
0.381908
0.383369
0.385053
0.386594
0.388606
0.390488
0.392831
0.394293
0.39578
0.397309
0.398828
0.400798
0.402284
0.40401
0.405594
0.407558
0.409092
0.410896
0.412036
0.413772
0.415695
0.41711
0.418724
0.420536
0.422423
0.424419
0.426051
0.427784
0.42939
0.430771
0.432423
0.433889
0.435379
0.437354
0.438971
0.440827
0.442385
0.443768
0.445507
0.447034
0.448506
0.449986
0.451496
0.45332
0.455227
0.456708
0.458053
0.459305
0.46118
0.46274
0.464584
0.466126
0.467765
0.469533
0.471293
0.472796
0.474569
0.475709
0.477944
0.479571
0.480893
0.482538
0.484021
0.485975
0.487351
0.488963
0.490919
0.492589
0.494665
0.496326
0.497857
0.499712
0.501447
0.503222
0.505107
0.507118
0.508921
0.510629
0.512541
0.514784
0.516496
0.519117
0.521114
0.523022
0.525325
0.527413
0.529827
0.53229
0.534673
0.536934
0.53964
0.541523
0.54417
0.545831
0.54839
0.550947
0.553156
0.555858
0.558628
0.561074
0.562991
0.565256
0.567832
0.570782
0.572969
0.575407
0.577359
0.579698
0.581747
0.583971
0.586124
0.589048
0.590892
0.593159
0.595055
0.597168
0.599602
0.601776
0.603628
0.605563
0.608049
0.609934
0.612631
0.615039
0.617215
0.620088
0.621981
0.624096
0.625997
0.628102
0.630078
0.632493
0.634752
0.636594
0.638594
0.640519
0.642505
0.644666
0.646996
0.649309
0.651889
0.653791
0.656557
0.6589
0.661539
0.663903
0.666534
0.66864
0.670734
0.672906
0.675658
0.678101
0.680825
0.683417
0.686931
0.690124
0.692933
0.696138
0.699351
0.70186
0.705171
0.708622
0.711402
0.71395
0.716865
0.720411
0.724134
0.727822
0.731337
0.735433
0.73931
0.742547
0.746708
0.75138
0.755768
0.760036
0.762917
0.766049
0.770193
0.774787
0.778359
0.782468
0.786809
0.791213
0.79624
0.801098
0.806755
0.812022
0.817547
0.82363
0.82965
0.835953
0.842357
0.848457
0.854798
0.859793
0.866068
0.871972
0.878376
0.885817
0.891813
0.898801
0.90515
0.911273
0.917285
0.923251
0.929778
0.936152
0.942858
0.94984
0.95761
0.965536
0.973237
0.980244
0.987424
0.995793
1.0028
1.01272
1.02267
1.0325
1.04315
1.05535
1.06433
1.07234
1.08197
1.09326
1.10247
1.11444
1.12769
1.1419
1.15228
1.17142
1.19174
1.21467
1.25602
1.27978
1.32151
1.34875
1.41973
1.48357
1.53646
1.59523
1.66541
