0.328
0.328
0.328
0.328
0.328
0.328
0.328
0.328
0.328
0.328
0.328
0.328
0.328
0.328
0.328
0.33
0.33
0.33
0.332
0.332
0.332
0.333
0.333
0.333
0.334
0.337
0.338
0.341
0.342
0.345
0.346
0.348
0.351
0.354
0.355
0.357
0.358
0.36
0.362
0.365
0.365
0.366
0.369
0.376
0.376
0.38
0.383
0.386
0.387
0.391
0.393
0.393
0.394
0.397
0.4
0.403
0.409
0.413
0.419
0.421
0.431
0.434
0.438
0.444
0.45
0.451
0.452
0.459
0.462
0.465
0.467
0.471
0.472
0.474
0.48
0.485
0.493
0.496
0.499
0.503
0.506
0.51
0.511
0.517
0.522
0.524
0.528
0.531
0.533
0.537
0.538
0.541
0.543
0.548
0.552
0.558
0.564
0.567
0.57
0.572
0.578
0.584
0.587
0.596
0.598
0.601
0.604
0.611
0.615
0.62
0.624
0.628
0.634
0.637
0.639
0.648
0.651
0.656
0.659
0.667
0.672
0.675
0.679
0.685
0.688
0.693
0.701
0.702
0.706
0.71
0.714
0.72
0.726
0.733
0.737
0.744
0.749
0.755
0.76
0.77
0.776
0.782
0.783
0.785
0.787
0.791
0.794
0.797
0.8
0.805
0.809
0.819
0.828
0.836
0.843
0.848
0.851
0.856
0.862
0.866
0.87
0.873
0.88
0.884
0.888
0.893
0.896
0.9
0.904
0.911
0.916
0.923
0.928
0.938
0.944
0.945
0.95
0.952
0.957
0.963
0.966
0.971
0.974
0.982
0.987
0.996
1.003
1.01
1.013
1.021
1.028
1.033
1.041
1.046
1.051
1.058
1.067
1.072
1.073
1.079
1.084
1.09
1.096
1.098
1.104
1.112
1.122
1.124
1.128
1.136
1.139
1.147
1.15
1.159
1.163
1.168
1.17
1.175
1.187
1.193
1.195
1.206
1.213
1.217
1.224
1.231
1.236
1.239
1.247
1.257
1.26
1.265
1.273
1.277
1.285
1.29
1.294
1.3
1.307
1.311
1.323
1.326
1.33
1.335
1.348
1.354
1.362
1.369
1.374
1.379
1.384
1.395
1.402
1.409
1.422
1.43
1.439
1.445
1.45
1.453
1.458
1.465
1.475
1.484
1.494
1.498
1.503
1.514
1.531
1.539
1.544
1.55
1.554
1.563
1.571
1.581
1.59
1.604
1.612
1.619
1.631
1.636
1.646
1.651
1.658
1.67
1.686
1.693
1.697
1.707
1.717
1.728
1.737
1.749
1.758
1.77
1.777
1.79
1.799
1.814
1.823
1.833
1.85
1.861
1.873
1.88
1.893
1.906
1.923
1.939
1.946
1.953
1.967
1.986
2.0
2.012
2.025
2.042
2.061
2.073
2.086
2.102
2.123
2.142
2.161
2.177
2.197
2.215
2.243
2.268
2.293
2.32
2.355
2.387
2.421
2.448
2.49
2.524
2.566
2.631
2.699
2.778
2.897
3.036
3.443
3.767
4.068
4.301
4.565
4.903
