0.06
0.17
0.28
0.39
0.47
0.56
0.67
0.73
0.76
0.79
0.82
0.84
0.85
0.86
0.88
0.88
0.9
0.92
0.96
1.05
1.09
1.14
1.16
1.16
1.17
1.19
1.21
1.22
1.23
1.24
1.25
1.27
1.28
1.29
1.33
1.37
1.4
1.48
1.54
1.57
1.58
1.61
1.66
1.69
1.73
1.75
1.77
1.82
1.86
1.88
1.88
1.89
1.92
1.93
1.96
1.96
1.98
2.01
2.03
2.07
2.09
2.1
2.12
2.15
2.17
2.2
2.24
2.3
2.31
2.33
2.33
2.34
2.35
2.38
2.43
2.46
2.46
2.51
2.54
2.55
2.63
2.69
2.72
2.78
2.79
2.81
2.83
2.84
2.89
2.89
2.9
2.92
2.92
2.92
2.94
2.96
2.96
2.97
2.97
3
3.03
3.05
3.09
3.13
3.17
3.22
3.25
3.28
3.32
3.34
3.36
3.42
3.46
3.49
3.54
3.57
3.58
3.61
3.61
3.64
3.66
3.71
3.72
3.73
3.76
3.77
3.8
3.85
3.88
3.91
3.94
3.95
3.98
3.99
4.01
4.04
4.06
4.11
4.14
4.17
4.21
4.24
4.31
4.35
4.38
4.42
4.44
4.44
4.46
4.55
4.63
4.65
4.66
4.68
4.71
4.73
4.75
4.76
4.81
4.82
4.84
4.86
4.87
4.91
4.95
4.99
5.01
5.03
5.06
5.11
5.15
5.18
5.26
5.31
5.32
5.35
5.39
5.42
5.47
5.48
5.49
5.54
5.57
5.58
5.58
5.59
5.65
5.68
5.7
5.74
5.77
5.82
5.88
5.89
5.94
5.98
5.99
6.08
6.12
6.17
6.19
6.23
6.25
6.27
6.3
6.34
6.34
6.36
6.41
6.43
6.45
6.47
6.47
6.49
6.54
6.59
6.62
6.65
6.69
6.75
6.81
6.87
6.92
6.97
7
7.02
7.03
7.06
7.08
7.12
7.18
7.23
7.26
7.3
7.32
7.34
7.36
7.39
7.41
7.44
7.51
7.56
7.65
7.71
7.71
7.83
7.84
7.89
7.92
7.97
8.02
8.06
8.07
8.11
8.14
8.17
8.23
8.25
8.29
8.35
8.39
8.43
8.46
8.49
8.63
8.7
8.78
8.81
8.86
8.86
8.9
8.98
9.04
9.06
9.15
9.19
9.21
9.24
9.29
9.33
9.39
9.41
9.5
9.58
9.63
9.68
9.77
9.83
9.89
9.93
10.01
10.08
10.18
10.26
10.32
10.41
10.43
10.45
10.53
10.63
10.7
10.82
10.92
11.03
11.16
11.22
11.28
11.33
11.44
11.54
11.65
11.77
11.87
11.92
12.02
12.15
12.27
12.39
12.51
12.6
12.68
12.8
12.96
13.1
13.21
13.37
13.52
13.73
13.92
14.07
14.32
14.51
14.73
14.92
15.19
15.48
15.81
16.06
16.47
16.75
17.19
17.66
18.43
19.36
20.46
22.08
23.73
25.28
31.66
37.84
