0.153491
0.153491
0.177372
0.177372
0.178956
0.178956
0.183699
0.183699
0.201764
0.201764
0.210033
0.210033
0.212017
0.212017
0.212638
0.212638
0.214503
0.214503
0.217964
0.217964
0.231889
0.231889
0.232163
0.232163
0.233543
0.233543
0.23601
0.23601
0.236889
0.255485
0.255485
0.255498
0.255498
0.256361
0.256428
0.256428
0.263013
0.263275
0.263275
0.265637
0.265637
0.267063
0.267063
0.273739
0.277105
0.277317
0.277317
0.277626
0.277626
0.283561
0.287572
0.287572
0.289516
0.289516
0.291169
0.291169
0.295979
0.295979
0.300856
0.300856
0.300876
0.300876
0.30225
0.305265
0.305265
0.305817
0.305817
0.309655
0.312952
0.317309
0.317309
0.319927
0.319927
0.321744
0.324961
0.336373
0.336373
0.339767
0.343724
0.343724
0.347206
0.347206
0.351306
0.352333
0.352333
0.354087
0.354833
0.354833
0.358738
0.358738
0.362289
0.362289
0.36338
0.36338
0.364981
0.365289
0.365289
0.366395
0.366395
0.36688
0.36688
0.373992
0.373992
0.37447
0.375215
0.378357
0.378357
0.379693
0.380383
0.380383
0.383549
0.383549
0.383923
0.383923
0.38592
0.387878
0.387878
0.388248
0.391935
0.391935
0.3932
0.3932
0.393665
0.395053
0.395053
0.39518
0.395967
0.395967
0.398809
0.398809
0.400385
0.401593
0.404127
0.40478
0.40629
0.40629
0.407166
0.411514
0.411514
0.411713
0.411713
0.411743
0.411743
0.413458
0.413458
0.41352
0.414211
0.41697
0.416989
0.418217
0.418772
0.418772
0.41939
0.41939
0.42078
0.420797
0.423106
0.423106
0.423379
0.423695
0.423695
0.42527
0.42527
0.425926
0.428012
0.430095
0.430095
0.432221
0.432221
0.432473
0.432473
0.432921
0.435489
0.435489
0.435696
0.437114
0.437114
0.437402
0.437402
0.439713
0.43979
0.43979
0.440353
0.440353
0.441406
0.441406
0.442001
0.444543
0.444543
0.450213
0.450213
0.452862
0.454991
0.455406
0.456101
0.456101
0.457734
0.458276
0.460822
0.460822
0.467071
0.467071
0.469119
0.469119
0.470101
0.471294
0.476079
0.481891
0.482509
0.482509
0.485617
0.490203
0.49094
0.49094
0.494156
0.494156
0.497883
0.497883
0.498534
0.500578
0.50288
0.505883
0.505927
0.505927
0.506508
0.506508
0.509171
0.511353
0.511353
0.515618
0.515741
0.515741
0.519281
0.521064
0.521815
0.523816
0.523816
0.53043
0.530608
0.530608
0.531475
0.531475
0.531569
0.532719
0.532719
0.533055
0.53506
0.53506
0.538893
0.545386
0.545714
0.545714
0.546679
0.546679
0.551761
0.552055
0.555446
0.555723
0.563134
0.564424
0.564449
0.564449
0.566172
0.566172
0.566176
0.568209
0.568209
0.569937
0.569937
0.58872
0.58872
0.589485
0.589485
0.589831
0.596499
0.596499
0.601892
0.603023
0.605564
0.612336
0.616172
0.619909
0.624284
0.624284
0.626796
0.626796
0.629626
0.629626
0.629663
0.630417
0.630417
0.632814
0.63413
0.635833
0.635833
0.635868
0.637956
0.637956
0.64248
0.64248
0.648233
0.650814
0.653156
0.664519
0.664519
0.666372
0.666425
0.669978
0.674772
0.676101
0.678842
0.687228
0.68997
0.69273
0.693325
0.693431
0.696467
0.700266
0.701078
0.701078
0.704509
0.709804
0.713378
0.719008
0.726033
0.727855
0.729768
0.737125
0.747487
0.747487
0.751532
0.754905
0.754905
0.760032
0.760032
0.762981
0.762981
0.765865
0.76792
0.779012
0.779012
0.779319
0.779319
0.803039
0.812711
0.820149
0.826677
0.830625
0.835839
0.84103
0.841164
0.841164
0.84189
0.850337
0.870124
0.899261
0.899261
0.899732
0.904844
0.905633
0.905666
0.911319
0.945006
0.94964
0.950314
0.954421
0.955237
0.972239
0.975451
0.981483
0.982551
0.986974
0.991128
1.01439
1.01439
1.01857
1.04091
1.05025
1.05041
1.05041
1.05891
1.08427
1.11647
1.11664
1.12229
1.1537
1.16718
1.17317
1.17317
1.20192
1.21244
1.23458
1.26781
1.27478
1.27652
1.31512
1.39923
1.4052
1.67947
2.21946
