0.328
0.328
0.328
0.328
0.328
0.328
0.328
0.328
0.328
0.328
0.328
0.328
0.328
0.329
0.329
0.33
0.331
0.331
0.331
0.333
0.333
0.333
0.333
0.333
0.333
0.334
0.334
0.335
0.336
0.336
0.336
0.337
0.337
0.338
0.338
0.339
0.341
0.341
0.343
0.343
0.345
0.346
0.346
0.346
0.347
0.348
0.35
0.351
0.352
0.353
0.353
0.358
0.362
0.364
0.364
0.364
0.365
0.367
0.367
0.367
0.369
0.37
0.37
0.372
0.376
0.379
0.383
0.387
0.39
0.392
0.398
0.401
0.406
0.406
0.409
0.414
0.418
0.419
0.423
0.43
0.432
0.435
0.439
0.444
0.446
0.449
0.456
0.458
0.464
0.465
0.465
0.468
0.47
0.471
0.471
0.472
0.474
0.474
0.475
0.476
0.479
0.479
0.484
0.489
0.491
0.494
0.498
0.499
0.499
0.5
0.504
0.506
0.51
0.511
0.513
0.518
0.521
0.526
0.53
0.534
0.538
0.542
0.545
0.55
0.553
0.556
0.558
0.569
0.572
0.576
0.578
0.58
0.582
0.585
0.59
0.592
0.597
0.599
0.6
0.601
0.607
0.608
0.609
0.61
0.616
0.619
0.624
0.626
0.629
0.633
0.64
0.642
0.645
0.65
0.655
0.659
0.667
0.675
0.677
0.683
0.687
0.689
0.692
0.693
0.696
0.699
0.701
0.703
0.705
0.711
0.713
0.716
0.724
0.727
0.729
0.733
0.739
0.743
0.748
0.753
0.758
0.761
0.767
0.77
0.774
0.782
0.782
0.785
0.79
0.791
0.796
0.799
0.801
0.806
0.813
0.82
0.828
0.833
0.837
0.843
0.847
0.851
0.853
0.858
0.863
0.865
0.869
0.872
0.878
0.88
0.884
0.886
0.891
0.898
0.903
0.911
0.916
0.923
0.93
0.934
0.94
0.944
0.945
0.949
0.953
0.96
0.964
0.969
0.971
0.976
0.978
0.982
0.987
0.993
0.997
1.003
1.012
1.019
1.024
1.03
1.033
1.044
1.049
1.056
1.058
1.062
1.066
1.069
1.073
1.078
1.081
1.085
1.089
1.095
1.101
1.11
1.12
1.122
1.128
1.136
1.144
1.15
1.157
1.166
1.169
1.173
1.178
1.182
1.185
1.189
1.191
1.199
1.204
1.211
1.218
1.231
1.238
1.245
1.248
1.256
1.264
1.269
1.275
1.28
1.285
1.289
1.294
1.299
1.305
1.31
1.318
1.326
1.33
1.338
1.346
1.352
1.355
1.358
1.365
1.371
1.377
1.382
1.388
1.392
1.399
1.401
1.408
1.415
1.421
1.432
1.443
1.446
1.454
1.458
1.462
1.469
1.473
1.475
1.481
1.487
1.501
1.506
1.516
1.52
1.527
1.536
1.54
1.547
1.557
1.56
1.565
1.572
1.577
1.581
1.589
1.605
1.617
1.629
1.636
1.641
1.645
1.649
1.66
1.669
1.678
1.685
1.697
1.707
1.717
1.727
1.733
1.742
1.749
1.759
1.769
1.78
1.79
1.8
1.809
1.817
1.834
1.846
1.859
1.87
1.881
1.895
1.905
1.915
1.93
1.951
1.965
1.991
2.008
2.027
2.052
2.085
2.108
2.13
2.154
2.188
2.214
2.247
2.287
2.329
2.38
2.424
2.491
2.543
2.599
2.667
2.759
2.847
2.947
3.16
3.4
3.91
4.12
4.344
4.67
4.985
