0.154631
0.154631
0.157199
0.157199
0.167717
0.167717
0.17591
0.17591
0.18708
0.18708
0.192649
0.192649
0.198745
0.198745
0.199646
0.199646
0.205171
0.208095
0.208095
0.208818
0.208818
0.215011
0.215011
0.218584
0.218584
0.22386
0.22386
0.22428
0.22428
0.229683
0.229683
0.231927
0.231927
0.236636
0.236636
0.23677
0.23677
0.242153
0.245683
0.245683
0.24951
0.24951
0.250553
0.250553
0.253161
0.253161
0.255957
0.255957
0.257561
0.257561
0.257978
0.259773
0.259773
0.262933
0.265609
0.265609
0.266694
0.266694
0.267357
0.267357
0.270563
0.270563
0.274382
0.279196
0.282437
0.282555
0.282555
0.283949
0.283949
0.284144
0.284144
0.285326
0.286034
0.286034
0.286281
0.294938
0.294938
0.297345
0.297345
0.297504
0.297504
0.297891
0.297891
0.30167
0.30167
0.30489
0.30489
0.30504
0.30504
0.305861
0.305861
0.313898
0.313898
0.314198
0.314198
0.31562
0.31562
0.322757
0.322757
0.325458
0.32598
0.32598
0.326449
0.326449
0.327346
0.327501
0.327501
0.328511
0.330229
0.330229
0.332652
0.332652
0.333009
0.333009
0.333019
0.333019
0.333399
0.333399
0.336403
0.336403
0.344195
0.344195
0.345176
0.346175
0.346175
0.346454
0.346476
0.346616
0.348014
0.348014
0.350368
0.350368
0.351107
0.351107
0.353012
0.353012
0.353708
0.35387
0.360472
0.360472
0.361608
0.361746
0.361746
0.362686
0.364486
0.364814
0.364814
0.366965
0.366965
0.367437
0.367437
0.369793
0.371702
0.371702
0.373866
0.374376
0.374376
0.378236
0.379318
0.379318
0.380644
0.380644
0.380681
0.382112
0.383834
0.383834
0.385185
0.385311
0.386229
0.387743
0.390744
0.394987
0.394987
0.40269
0.404605
0.404605
0.405034
0.405034
0.405344
0.405344
0.40675
0.40675
0.4069
0.4069
0.408149
0.410055
0.410055
0.414829
0.415704
0.416238
0.417051
0.417051
0.428384
0.428384
0.434923
0.434923
0.435017
0.435782
0.437707
0.437707
0.440374
0.442336
0.442336
0.443067
0.443644
0.443644
0.444491
0.447116
0.449416
0.449416
0.449517
0.450608
0.452508
0.452508
0.453133
0.453133
0.45324
0.45324
0.45451
0.454697
0.454697
0.455148
0.455148
0.456655
0.458916
0.459362
0.460011
0.460011
0.461111
0.461111
0.463272
0.46427
0.466067
0.467975
0.46821
0.46821
0.468398
0.473595
0.474377
0.476248
0.47824
0.47824
0.478622
0.481327
0.484314
0.48729
0.487667
0.487667
0.490938
0.490938
0.492267
0.492926
0.492926
0.492996
0.492996
0.498594
0.498594
0.498674
0.502578
0.502578
0.506712
0.506712
0.508148
0.508148
0.509212
0.510941
0.510941
0.511833
0.511833
0.514957
0.515359
0.516924
0.521331
0.521331
0.521942
0.521942
0.525724
0.527026
0.52898
0.52898
0.53828
0.540398
0.540398
0.541161
0.54394
0.547049
0.547049
0.547415
0.550107
0.550107
0.557627
0.557627
0.563393
0.563393
0.565497
0.565672
0.56788
0.56788
0.56969
0.569846
0.570448
0.570448
0.57081
0.57081
0.573525
0.574816
0.574816
0.575867
0.575867
0.576196
0.577934
0.580293
0.580293
0.587238
0.587238
0.587355
0.587355
0.587974
0.589836
0.590008
0.590008
0.59057
0.59057
0.590945
0.592426
0.592426
0.592836
0.59398
0.594433
0.594556
0.607547
0.607547
0.607701
0.607701
0.610722
0.610722
0.611086
0.61545
0.61545
0.617448
0.61976
0.61976
0.628679
0.630755
0.639265
0.639755
0.639755
0.641682
0.647267
0.653953
0.653953
0.658397
0.661659
0.661659
0.670491
0.672262
0.675634
0.682497
0.686305
0.686305
0.703945
0.710597
0.713329
0.713611
0.715339
0.718279
0.718548
0.719023
0.723506
0.724187
0.724187
0.729164
0.729164
0.733614
0.734339
0.736355
0.73669
0.739972
0.743834
0.750103
0.753425
0.756714
0.758414
0.759029
0.762061
0.771083
0.774897
0.774897
0.782413
0.782777
0.784936
0.790764
0.795805
0.804568
0.807234
0.807234
0.808566
0.810432
0.81089
0.819225
0.830936
0.837801
0.843733
0.843733
0.860339
0.861735
0.861735
0.866312
0.872633
0.875107
0.875107
0.876655
0.876655
0.886086
0.889311
0.88982
0.890072
0.89353
0.901259
0.905424
0.91024
0.915193
0.916845
0.922307
0.925283
0.925283
0.925613
0.941311
0.949035
0.950129
0.950638
0.959717
0.961421
0.969335
0.974925
0.982854
1.00574
1.00607
1.02516
1.04245
1.04367
1.08887
1.09514
1.09684
1.14488
1.15273
1.17968
1.19834
1.41104
1.44122
