0.328
0.328
0.328
0.328
0.328
0.328
0.328
0.328
0.328
0.328
0.328
0.329
0.329
0.329
0.33
0.33
0.331
0.331
0.331
0.332
0.333
0.333
0.333
0.333
0.333
0.334
0.334
0.335
0.335
0.336
0.336
0.336
0.336
0.336
0.338
0.338
0.339
0.339
0.34
0.34
0.34
0.341
0.341
0.341
0.342
0.343
0.343
0.343
0.345
0.345
0.345
0.346
0.348
0.348
0.348
0.349
0.35
0.352
0.353
0.354
0.356
0.359
0.359
0.36
0.36
0.361
0.362
0.364
0.365
0.366
0.367
0.369
0.374
0.376
0.377
0.378
0.381
0.384
0.388
0.39
0.392
0.398
0.402
0.403
0.404
0.407
0.414
0.415
0.416
0.419
0.42
0.423
0.425
0.427
0.429
0.432
0.437
0.439
0.441
0.443
0.445
0.447
0.449
0.455
0.457
0.46
0.461
0.462
0.464
0.465
0.468
0.472
0.475
0.479
0.48
0.481
0.483
0.484
0.486
0.489
0.494
0.495
0.497
0.5
0.503
0.503
0.504
0.507
0.51
0.511
0.512
0.515
0.518
0.518
0.519
0.523
0.525
0.529
0.532
0.534
0.537
0.54
0.542
0.544
0.547
0.551
0.551
0.554
0.557
0.558
0.566
0.567
0.572
0.579
0.586
0.591
0.599
0.601
0.601
0.602
0.604
0.605
0.611
0.613
0.614
0.616
0.617
0.618
0.62
0.622
0.625
0.627
0.63
0.632
0.633
0.634
0.642
0.645
0.649
0.652
0.655
0.66
0.662
0.666
0.668
0.675
0.68
0.682
0.685
0.686
0.688
0.691
0.693
0.701
0.704
0.707
0.707
0.71
0.712
0.717
0.72
0.724
0.728
0.731
0.736
0.744
0.746
0.749
0.752
0.755
0.76
0.761
0.762
0.767
0.769
0.772
0.775
0.78
0.783
0.785
0.788
0.792
0.8
0.805
0.808
0.812
0.815
0.817
0.822
0.827
0.831
0.835
0.837
0.843
0.848
0.849
0.851
0.859
0.862
0.864
0.866
0.867
0.869
0.873
0.876
0.882
0.889
0.891
0.897
0.901
0.903
0.906
0.907
0.914
0.916
0.919
0.926
0.93
0.934
0.938
0.94
0.942
0.948
0.956
0.958
0.964
0.968
0.974
0.981
0.986
0.99
0.993
0.994
0.994
0.998
1.004
1.009
1.014
1.018
1.023
1.03
1.033
1.037
1.042
1.044
1.05
1.059
1.064
1.07
1.072
1.075
1.079
1.085
1.089
1.09
1.092
1.096
1.099
1.105
1.11
1.116
1.119
1.129
1.134
1.139
1.144
1.148
1.154
1.159
1.165
1.166
1.171
1.178
1.185
1.188
1.193
1.194
1.198
1.2
1.202
1.212
1.216
1.222
1.227
1.234
1.238
1.247
1.252
1.257
1.262
1.266
1.273
1.274
1.283
1.287
1.293
1.298
1.302
1.314
1.318
1.319
1.326
1.331
1.335
1.336
1.341
1.354
1.358
1.363
1.371
1.381
1.388
1.397
1.4
1.406
1.411
1.414
1.415
1.422
1.426
1.434
1.441
1.449
1.459
1.469
1.478
1.485
1.495
1.498
1.502
1.507
1.512
1.52
1.528
1.536
1.545
1.553
1.563
1.569
1.578
1.586
1.591
1.595
1.602
1.609
1.615
1.625
1.638
1.647
1.651
1.663
1.672
1.676
1.685
1.696
1.707
1.718
1.73
1.74
1.75
1.754
1.766
1.778
1.79
1.805
1.817
1.826
1.844
1.849
1.864
1.874
1.894
1.91
1.926
1.942
1.956
1.971
1.99
2.01
2.033
2.049
2.073
2.096
2.114
2.134
2.156
2.18
2.212
2.228
2.265
2.294
2.326
2.359
2.405
2.44
2.472
2.517
2.554
2.597
2.654
2.786
2.86
2.989
3.106
3.202
3.324
3.533
3.772
4.168
5.071
