0.148451
0.148451
0.151429
0.151429
0.15321
0.15321
0.154762
0.154769
0.156674
0.156675
0.158726
0.158748
0.161171
0.161421
0.164497
0.164804
0.167267
0.167747
0.170149
0.170714
0.173558
0.174089
0.176698
0.177264
0.179798
0.180413
0.182563
0.183334
0.185579
0.186149
0.188687
0.189308
0.191748
0.192392
0.194893
0.195609
0.197994
0.19896
0.201403
0.202451
0.204181
0.205188
0.207138
0.208153
0.21036
0.211804
0.213488
0.214917
0.216972
0.218082
0.220017
0.221159
0.22284
0.224285
0.225715
0.227142
0.229315
0.230512
0.232354
0.233655
0.235538
0.236702
0.238152
0.239246
0.24083
0.241865
0.243274
0.244797
0.246016
0.247645
0.24965
0.250813
0.252176
0.253797
0.255093
0.256321
0.257952
0.259357
0.260948
0.262806
0.263997
0.265623
0.267009
0.268296
0.269612
0.270735
0.272748
0.273848
0.275516
0.276644
0.278197
0.279392
0.280636
0.28171
0.283013
0.284256
0.285442
0.286521
0.287672
0.289105
0.289871
0.291066
0.292137
0.293227
0.294221
0.295046
0.296077
0.297257
0.298275
0.299381
0.300321
0.301317
0.30203
0.303249
0.30406
0.305085
0.306233
0.307299
0.308196
0.30925
0.310269
0.311135
0.312014
0.312917
0.313677
0.314636
0.315665
0.316899
0.317818
0.318775
0.319983
0.320914
0.32187
0.322849
0.324083
0.325059
0.326194
0.327371
0.328159
0.328886
0.329865
0.330637
0.331767
0.332895
0.333888
0.33479
0.335956
0.337067
0.337703
0.338706
0.339433
0.340506
0.341548
0.342645
0.343747
0.344887
0.345942
0.34682
0.347772
0.348446
0.349186
0.350083
0.351058
0.351773
0.35272
0.353562
0.354568
0.355207
0.35624
0.357229
0.358102
0.358872
0.359918
0.360615
0.361536
0.362814
0.363733
0.364575
0.365566
0.366559
0.36765
0.368516
0.369431
0.370504
0.371375
0.372482
0.373377
0.374371
0.375047
0.37616
0.377133
0.377938
0.378897
0.379745
0.380569
0.381705
0.382924
0.384015
0.385112
0.386059
0.387093
0.388216
0.389073
0.390147
0.391068
0.392163
0.393125
0.394065
0.395055
0.395979
0.396755
0.398078
0.398957
0.399914
0.401081
0.401962
0.402889
0.403961
0.405265
0.406219
0.407045
0.408299
0.409287
0.410469
0.411356
0.412373
0.413196
0.414106
0.415115
0.415983
0.416975
0.417893
0.419055
0.420079
0.420921
0.421934
0.422858
0.423824
0.424768
0.425999
0.42675
0.427532
0.428524
0.429291
0.430145
0.430982
0.43202
0.433089
0.433808
0.434673
0.435694
0.436413
0.43725
0.438153
0.438963
0.439833
0.440627
0.441547
0.442488
0.44366
0.444644
0.445601
0.446526
0.447489
0.448448
0.449393
0.450544
0.45143
0.452465
0.453411
0.454389
0.455583
0.45647
0.4574
0.45835
0.459226
0.460242
0.461438
0.462367
0.463396
0.464311
0.465324
0.466271
0.467336
0.468559
0.469617
0.470545
0.471601
0.47259
0.473678
0.475004
0.476273
0.477091
0.478408
0.479363
0.480614
0.481701
0.483055
0.4843
0.48533
0.486576
0.488086
0.489152
0.490694
0.492034
0.493374
0.494612
0.495952
0.497639
0.498783
0.499768
0.500934
0.502058
0.503307
0.504765
0.505913
0.507358
0.508839
0.510513
0.511727
0.512976
0.514349
0.515924
0.517391
0.51864
0.519965
0.521695
0.523322
0.524969
0.526426
0.527847
0.529193
0.530996
0.532318
0.533906
0.535479
0.537164
0.538501
0.540362
0.541807
0.543488
0.54512
0.546953
0.548339
0.549881
0.551595
0.553192
0.554997
0.556542
0.55827
0.559803
0.561229
0.562769
0.564374
0.566253
0.567757
0.569633
0.571257
0.57291
0.574831
0.576543
0.578022
0.579507
0.58111
0.582517
0.583884
0.585599
0.587145
0.588751
0.590166
0.591911
0.593297
0.595006
0.597024
0.598775
0.600539
0.602364
0.603969
0.605625
0.607099
0.608591
0.610262
0.611814
0.613783
0.615239
0.617023
0.618957
0.620586
0.622539
0.624032
0.626019
0.628287
0.630409
0.632278
0.634134
0.635612
0.637624
0.639572
0.641468
0.643691
0.646046
0.647901
0.649963
0.652035
0.654173
0.656231
0.658476
0.660593
0.662564
0.664372
0.666284
0.668391
0.670333
0.672186
0.673984
0.676148
0.678523
0.680596
0.683128
0.685518
0.688129
0.691589
0.694104
0.697427
0.700435
0.702713
0.705279
0.708343
0.712116
0.715206
0.718333
0.721106
0.723966
0.726872
0.729771
0.732397
0.735307
0.738402
0.740782
0.743518
0.74707
0.750834
0.75445
0.758677
0.762213
0.765853
0.770645
0.774214
0.778218
0.782904
0.786417
0.79027
0.794817
0.798008
0.801901
0.805407
0.80935
0.813505
0.817444
0.822422
0.8285
0.833091
0.838489
0.843965
0.850604
0.857431
0.863403
0.869515
0.875787
0.88196
0.888712
0.895195
0.900937
0.908514
0.914589
0.923483
0.931753
0.940075
0.947843
0.954778
0.965959
0.973641
0.982039
0.992247
1.00054
1.01339
1.02536
1.03628
1.04812
1.06045
1.07436
1.08703
1.09731
1.11339
1.13283
1.16154
1.19721
1.2571
1.381
1.51627
