0.147563
0.147563
0.149151
0.149151
0.151252
0.151256
0.152291
0.152295
0.153009
0.15301
0.153733
0.153745
0.154647
0.154655
0.155415
0.155453
0.156228
0.156324
0.157493
0.157534
0.15837
0.158594
0.159584
0.159763
0.160771
0.160893
0.161754
0.162042
0.162879
0.163122
0.163831
0.164051
0.165228
0.165431
0.166392
0.166619
0.167524
0.167911
0.168907
0.169394
0.170697
0.171186
0.172088
0.172535
0.173292
0.17403
0.174863
0.175497
0.17647
0.17716
0.178207
0.178693
0.17953
0.180139
0.180963
0.181545
0.182099
0.182727
0.183498
0.184123
0.184715
0.185412
0.186039
0.18672
0.187316
0.18827
0.189024
0.189954
0.190685
0.19129
0.191989
0.192903
0.193457
0.19419
0.194781
0.195418
0.196135
0.196732
0.197426
0.198179
0.199145
0.199681
0.200334
0.200953
0.201656
0.20241
0.203037
0.203637
0.204375
0.205036
0.205702
0.206244
0.20689
0.207397
0.208021
0.208563
0.209271
0.209971
0.210666
0.211225
0.21203
0.21282
0.213491
0.214142
0.214655
0.215435
0.215964
0.216707
0.2174
0.218038
0.218709
0.219328
0.219789
0.220613
0.22104
0.221688
0.222423
0.2231
0.223633
0.224272
0.225037
0.225481
0.22624
0.226891
0.227554
0.228043
0.228655
0.229418
0.22991
0.230566
0.231141
0.231639
0.232255
0.232722
0.233236
0.233801
0.234304
0.234859
0.235263
0.235889
0.236433
0.23685
0.237498
0.238004
0.238589
0.239051
0.239598
0.240143
0.240623
0.241173
0.241741
0.242297
0.242799
0.243421
0.243958
0.244495
0.245035
0.245551
0.246075
0.246629
0.247234
0.247739
0.248429
0.248959
0.249459
0.250052
0.250475
0.25095
0.251452
0.251868
0.252367
0.253025
0.253628
0.254194
0.254865
0.255326
0.255903
0.256388
0.257099
0.257751
0.258273
0.258691
0.259368
0.259926
0.260414
0.260978
0.261436
0.262059
0.262526
0.263032
0.263623
0.264123
0.264636
0.265195
0.265847
0.266192
0.26682
0.267299
0.267863
0.268283
0.268721
0.269394
0.26996
0.270495
0.271021
0.271501
0.272172
0.272644
0.273267
0.273814
0.274298
0.274792
0.275277
0.275712
0.276242
0.276874
0.277533
0.278079
0.27864
0.279092
0.279664
0.28015
0.280699
0.281201
0.281799
0.282313
0.282769
0.283364
0.28398
0.284438
0.284964
0.285448
0.285932
0.286506
0.287158
0.287656
0.288145
0.288488
0.288948
0.289438
0.290065
0.290656
0.291135
0.291629
0.292274
0.292715
0.293246
0.293738
0.294172
0.294773
0.295433
0.295981
0.296401
0.296883
0.297409
0.297966
0.298414
0.29884
0.299231
0.299754
0.300309
0.300618
0.301237
0.301696
0.302113
0.302728
0.303289
0.303935
0.304444
0.305027
0.305548
0.30611
0.306488
0.306967
0.307348
0.307822
0.308317
0.308853
0.309316
0.30975
0.310283
0.310746
0.31126
0.311738
0.312176
0.312635
0.313113
0.313512
0.314009
0.314397
0.314958
0.315379
0.316008
0.316413
0.316993
0.317399
0.317953
0.318441
0.318821
0.319326
0.319801
0.320255
0.320831
0.321284
0.321906
0.322477
0.323003
0.323498
0.32398
0.324445
0.324873
0.325368
0.325889
0.326335
0.326776
0.327317
0.327878
0.328379
0.328786
0.329253
0.329656
0.330093
0.330638
0.331105
0.331584
0.332018
0.332509
0.333002
0.333439
0.334185
0.334745
0.335227
0.335777
0.336263
0.336807
0.337406
0.337989
0.33863
0.339303
0.33985
0.34039
0.340864
0.341333
0.341885
0.342343
0.342907
0.343394
0.343912
0.344467
0.344921
0.345429
0.346123
0.346723
0.347242
0.347841
0.348459
0.348936
0.34952
0.350091
0.350557
0.351132
0.351617
0.352303
0.352935
0.353524
0.353863
0.354538
0.355201
0.355669
0.356356
0.356757
0.357322
0.357826
0.358348
0.358978
0.359491
0.360018
0.360618
0.361063
0.361594
0.362235
0.362709
0.363217
0.363794
0.364313
0.36481
0.36534
0.365793
0.36618
0.366799
0.367313
0.367824
0.3684
0.368894
0.369387
0.369868
0.370522
0.371049
0.371555
0.372268
0.372725
0.373302
0.373864
0.374327
0.374796
0.375334
0.375796
0.376341
0.376844
0.377344
0.377882
0.378469
0.379078
0.379632
0.380083
0.38076
0.381243
0.381706
0.382213
0.382658
0.383259
0.383888
0.384339
0.384973
0.385602
0.386167
0.386707
0.387192
0.387888
0.388352
0.388861
0.389438
0.389979
0.390581
0.391124
0.391595
0.392121
0.392647
0.39324
0.393844
0.394456
0.395075
0.395567
0.396207
0.396928
0.397653
0.398274
0.398917
0.399609
0.400281
0.400977
0.401655
0.402255
0.402919
0.403468
0.404065
0.40465
0.405369
0.40577
0.406296
0.406896
0.407461
0.407989
0.408463
0.409131
0.409689
0.410425
0.411166
0.411764
0.41236
0.413012
0.41379
0.41448
0.41502
0.415666
0.416296
0.416868
0.417443
0.417943
0.418656
0.419252
0.420025
0.420606
0.421404
0.422228
0.422974
0.423629
0.424353
0.424961
0.425701
0.426448
0.427099
0.427879
0.428512
0.429153
0.429773
0.430358
0.431142
0.431828
0.432642
0.433291
0.434054
0.43484
0.435533
0.43616
0.436908
0.437659
0.438387
0.439069
0.439863
0.440552
0.441283
0.441867
0.442518
0.443255
0.44399
0.444786
0.445658
0.446323
0.446978
0.447635
0.448328
0.449067
0.449657
0.450374
0.451139
0.451767
0.452646
0.453229
0.454008
0.454702
0.455408
0.456073
0.45693
0.457833
0.458545
0.459371
0.460247
0.460929
0.461652
0.462641
0.463241
0.46404
0.464818
0.465552
0.466479
0.467208
0.468029
0.468818
0.469579
0.470517
0.471323
0.472073
0.473073
0.473959
0.474778
0.475601
0.476421
0.477145
0.477891
0.478697
0.479463
0.480156
0.480903
0.481588
0.482495
0.483288
0.484136
0.485106
0.486019
0.486958
0.487937
0.488773
0.489943
0.490796
0.491535
0.49272
0.493722
0.494705
0.495722
0.496641
0.497392
0.498399
0.499296
0.500123
0.50102
0.501946
0.503002
0.503928
0.504803
0.505955
0.506971
0.508086
0.509081
0.509818
0.510966
0.512047
0.513414
0.514197
0.515326
0.516435
0.517542
0.518938
0.520184
0.52129
0.522055
0.523145
0.524323
0.525523
0.526845
0.528109
0.529152
0.530095
0.531149
0.532273
0.533493
0.534768
0.536136
0.537368
0.538577
0.540191
0.541442
0.542793
0.544213
0.545314
0.546402
0.54808
0.549645
0.551316
0.552742
0.553863
0.555316
0.556788
0.558245
0.559858
0.561401
0.563177
0.564886
0.566708
0.568212
0.57003
0.571538
0.573841
0.575415
0.576802
0.578942
0.580942
0.583166
0.585056
0.586777
0.588915
0.590655
0.592428
0.59448
0.596415
0.598443
0.600271
0.602105
0.60432
0.606153
0.60816
0.610703
0.612513
0.614251
0.616526
0.618228
0.620031
0.622009
0.624276
0.626432
0.628683
0.630703
0.632953
0.634867
0.637088
0.639345
0.641769
0.643744
0.645967
0.647912
0.650547
0.65246
0.654332
0.656874
0.659141
0.661179
0.663624
0.66651
0.668894
0.671286
0.674179
0.676338
0.678758
0.680927
0.68294
0.685177
0.687531
0.690303
0.693093
0.695446
0.698822
0.701811
0.7046
0.707507
0.710776
0.713876
0.716599
0.719972
0.723313
0.72712
0.731738
0.735749
0.73985
0.744511
0.748352
0.752586
0.75701
0.761575
0.766073
0.771514
0.775711
0.778902
0.784217
0.789242
0.794191
0.798912
0.805796
0.810566
0.817071
0.824868
0.832203
0.837961
0.844444
0.85015
0.856668
0.864098
0.872544
0.885578
0.896704
0.911848
0.927808
0.942769
0.963506
0.983817
1.00658
1.03204
1.07617
1.11183
1.28021
1.43755
