0.328
0.328
0.328
0.328
0.328
0.328
0.328
0.328
0.33
0.33
0.33
0.33
0.33
0.33
0.332
0.333
0.333
0.333
0.334
0.334
0.334
0.335
0.335
0.335
0.337
0.337
0.338
0.338
0.34
0.341
0.341
0.342
0.343
0.343
0.343
0.344
0.345
0.345
0.345
0.345
0.346
0.348
0.348
0.351
0.351
0.355
0.357
0.357
0.357
0.359
0.361
0.362
0.364
0.365
0.368
0.374
0.378
0.378
0.38
0.38
0.381
0.384
0.388
0.389
0.391
0.396
0.396
0.397
0.4
0.403
0.406
0.407
0.408
0.409
0.41
0.411
0.413
0.415
0.418
0.419
0.42
0.425
0.432
0.435
0.439
0.44
0.443
0.446
0.451
0.451
0.452
0.458
0.46
0.465
0.467
0.473
0.474
0.479
0.48
0.485
0.487
0.491
0.493
0.494
0.495
0.496
0.498
0.499
0.502
0.504
0.505
0.507
0.509
0.51
0.513
0.516
0.519
0.519
0.519
0.522
0.524
0.525
0.528
0.534
0.537
0.537
0.538
0.539
0.54
0.544
0.545
0.546
0.547
0.548
0.55
0.551
0.554
0.557
0.558
0.562
0.564
0.567
0.57
0.573
0.579
0.584
0.589
0.592
0.596
0.599
0.602
0.603
0.605
0.613
0.615
0.621
0.623
0.623
0.624
0.624
0.625
0.628
0.631
0.634
0.635
0.636
0.637
0.638
0.64
0.641
0.643
0.645
0.645
0.648
0.65
0.651
0.652
0.657
0.659
0.663
0.664
0.67
0.674
0.676
0.679
0.682
0.684
0.686
0.692
0.696
0.7
0.702
0.706
0.709
0.71
0.715
0.717
0.719
0.72
0.722
0.723
0.725
0.726
0.727
0.73
0.73
0.731
0.732
0.734
0.738
0.743
0.743
0.744
0.747
0.75
0.754
0.756
0.761
0.763
0.766
0.767
0.77
0.771
0.773
0.774
0.778
0.785
0.785
0.79
0.791
0.793
0.797
0.801
0.806
0.808
0.813
0.815
0.818
0.818
0.82
0.82
0.823
0.824
0.826
0.828
0.83
0.834
0.835
0.836
0.839
0.841
0.846
0.85
0.853
0.859
0.862
0.867
0.872
0.874
0.876
0.884
0.885
0.886
0.891
0.896
0.896
0.897
0.899
0.901
0.902
0.903
0.905
0.906
0.906
0.908
0.909
0.915
0.917
0.919
0.92
0.921
0.922
0.926
0.93
0.935
0.94
0.95
0.953
0.956
0.958
0.962
0.964
0.964
0.967
0.969
0.971
0.973
0.974
0.976
0.976
0.978
0.979
0.983
0.985
0.991
0.992
0.994
0.995
1.002
1.006
1.011
1.014
1.021
1.024
1.029
1.032
1.034
1.037
1.041
1.05
1.05
1.052
1.057
1.06
1.06
1.063
1.064
1.068
1.07
1.072
1.076
1.077
1.079
1.08
1.084
1.087
1.088
1.093
1.099
1.101
1.105
1.106
1.109
1.112
1.117
1.117
1.12
1.123
1.126
1.128
1.132
1.139
1.14
1.142
1.144
1.147
1.152
1.154
1.156
1.159
1.16
1.162
1.165
1.17
1.172
1.175
1.177
1.181
1.184
1.188
1.192
1.196
1.198
1.198
1.2
1.203
1.205
1.205
1.205
1.208
1.213
1.215
1.218
1.22
1.221
1.224
1.227
1.228
1.231
1.236
1.24
1.24
1.244
1.249
1.253
1.262
1.267
1.27
1.273
1.273
1.275
1.282
1.284
1.286
1.288
1.292
1.295
1.297
1.3
1.301
1.304
1.308
1.313
1.313
1.316
1.322
1.323
1.326
1.329
1.331
1.332
1.333
1.336
1.339
1.342
1.344
1.348
1.351
1.358
1.358
1.359
1.363
1.366
1.374
1.379
1.384
1.389
1.391
1.395
1.398
1.4
1.404
1.406
1.412
1.416
1.416
1.419
1.422
1.428
1.431
1.437
1.444
1.444
1.448
1.452
1.453
1.453
1.455
1.458
1.458
1.461
1.461
1.464
1.466
1.467
1.469
1.474
1.478
1.479
1.484
1.49
1.497
1.503
1.508
1.511
1.516
1.521
1.523
1.524
1.529
1.531
1.536
1.54
1.541
1.545
1.552
1.554
1.558
1.562
1.563
1.566
1.57
1.572
1.576
1.578
1.58
1.583
1.586
1.589
1.593
1.595
1.598
1.6
1.605
1.609
1.616
1.622
1.627
1.631
1.634
1.636
1.64
1.645
1.648
1.649
1.653
1.655
1.659
1.662
1.663
1.664
1.669
1.675
1.678
1.681
1.687
1.688
1.69
1.696
1.701
1.704
1.709
1.71
1.715
1.72
1.726
1.729
1.731
1.736
1.739
1.742
1.745
1.75
1.753
1.758
1.759
1.762
1.766
1.771
1.776
1.778
1.781
1.786
1.788
1.791
1.793
1.796
1.8
1.801
1.807
1.814
1.816
1.819
1.825
1.827
1.828
1.833
1.839
1.84
1.844
1.848
1.853
1.855
1.857
1.859
1.865
1.867
1.873
1.877
1.88
1.887
1.889
1.896
1.898
1.901
1.903
1.908
1.914
1.918
1.921
1.924
1.925
1.93
1.933
1.937
1.939
1.942
1.945
1.95
1.954
1.957
1.962
1.967
1.972
1.977
1.98
1.984
1.987
1.99
1.994
2
2.002
2.007
2.009
2.013
2.02
2.027
2.034
2.037
2.044
2.047
2.051
2.054
2.059
2.061
2.063
2.067
2.07
2.074
2.077
2.082
2.085
2.09
2.096
2.103
2.104
2.11
2.117
2.12
2.122
2.125
2.13
2.137
2.143
2.148
2.15
2.156
2.16
2.168
2.174
2.179
2.182
2.184
2.187
2.191
2.197
2.202
2.206
2.213
2.218
2.225
2.233
2.237
2.243
2.245
2.248
2.253
2.259
2.265
2.273
2.281
2.282
2.289
2.298
2.304
2.308
2.316
2.322
2.328
2.333
2.341
2.344
2.353
2.36
2.364
2.372
2.381
2.392
2.398
2.404
2.413
2.418
2.427
2.434
2.44
2.447
2.454
2.466
2.473
2.48
2.492
2.502
2.511
2.517
2.529
2.54
2.547
2.557
2.567
2.581
2.594
2.602
2.618
2.629
2.638
2.647
2.656
2.671
2.684
2.696
2.709
2.723
2.734
2.742
2.756
2.781
2.795
2.809
2.825
2.845
2.869
2.885
2.904
2.931
2.951
2.976
3.005
3.03
3.06
3.083
3.115
3.157
3.187
3.229
3.299
3.364
3.449
3.524
3.636
3.861
