0.24
0.46
0.58
0.65
0.67
0.7
0.74
0.77
0.79
0.8
0.8
0.82
0.82
0.83
0.86
0.9
0.94
0.96
1.01
1.07
1.11
1.19
1.25
1.37
1.38
1.41
1.46
1.48
1.5
1.52
1.53
1.54
1.55
1.58
1.59
1.61
1.62
1.62
1.63
1.66
1.68
1.75
1.78
1.83
1.87
1.87
1.88
1.89
1.9
1.92
1.94
1.96
1.99
2.01
2.11
2.13
2.16
2.22
2.25
2.27
2.29
2.3
2.33
2.38
2.4
2.43
2.46
2.46
2.53
2.54
2.57
2.59
2.61
2.63
2.66
2.69
2.7
2.71
2.74
2.77
2.81
2.87
2.91
2.97
3
3.03
3.08
3.14
3.17
3.2
3.23
3.28
3.33
3.37
3.38
3.44
3.46
3.52
3.53
3.57
3.62
3.62
3.68
3.71
3.77
3.86
3.92
3.99
4.06
4.12
4.18
4.25
4.33
4.36
4.41
4.45
4.49
4.53
4.6
4.64
4.73
4.82
4.9
5.02
5.17
5.32
5.42
5.51
5.59
5.71
5.8
5.97
6.21
6.41
6.63
6.86
7.15
7.5
7.81
8.11
8.71
9.41
10.16
10.74
12.58
13.35
15.19
16.99
19.36
24.46
