0.328
0.328
0.33
0.33
0.331
0.333
0.334
0.335
0.335
0.335
0.335
0.336
0.337
0.338
0.338
0.34
0.34
0.34
0.342
0.342
0.342
0.344
0.344
0.345
0.345
0.345
0.345
0.345
0.348
0.349
0.349
0.349
0.349
0.351
0.352
0.355
0.355
0.355
0.355
0.355
0.356
0.358
0.358
0.358
0.359
0.364
0.365
0.365
0.366
0.367
0.368
0.369
0.369
0.37
0.371
0.373
0.374
0.374
0.375
0.375
0.377
0.379
0.381
0.383
0.388
0.391
0.397
0.402
0.405
0.41
0.414
0.419
0.421
0.424
0.425
0.433
0.434
0.436
0.439
0.442
0.444
0.447
0.451
0.452
0.453
0.457
0.457
0.459
0.46
0.46
0.463
0.466
0.467
0.469
0.471
0.471
0.472
0.475
0.476
0.478
0.478
0.482
0.483
0.486
0.487
0.487
0.487
0.487
0.49
0.492
0.494
0.495
0.497
0.498
0.5
0.505
0.51
0.511
0.515
0.517
0.52
0.521
0.523
0.527
0.529
0.53
0.53
0.532
0.535
0.537
0.539
0.542
0.543
0.544
0.545
0.547
0.552
0.556
0.559
0.563
0.567
0.57
0.572
0.577
0.578
0.581
0.582
0.583
0.585
0.587
0.593
0.598
0.598
0.601
0.601
0.604
0.605
0.608
0.611
0.612
0.614
0.616
0.618
0.62
0.623
0.625
0.627
0.629
0.63
0.631
0.633
0.636
0.636
0.637
0.637
0.64
0.642
0.644
0.645
0.646
0.65
0.651
0.655
0.658
0.664
0.668
0.672
0.674
0.678
0.679
0.681
0.684
0.688
0.691
0.692
0.694
0.701
0.705
0.706
0.71
0.712
0.715
0.715
0.715
0.715
0.717
0.718
0.721
0.721
0.721
0.723
0.723
0.723
0.726
0.728
0.731
0.732
0.738
0.739
0.74
0.745
0.751
0.752
0.755
0.757
0.759
0.762
0.765
0.765
0.769
0.771
0.776
0.778
0.779
0.783
0.787
0.787
0.789
0.789
0.791
0.795
0.796
0.797
0.803
0.806
0.809
0.81
0.812
0.814
0.817
0.82
0.823
0.823
0.825
0.827
0.831
0.834
0.834
0.837
0.841
0.843
0.849
0.854
0.857
0.857
0.863
0.863
0.865
0.868
0.868
0.869
0.87
0.873
0.873
0.877
0.88
0.881
0.882
0.886
0.886
0.887
0.888
0.891
0.895
0.899
0.902
0.904
0.906
0.909
0.911
0.915
0.915
0.918
0.922
0.927
0.928
0.93
0.933
0.934
0.937
0.938
0.944
0.945
0.947
0.947
0.949
0.953
0.955
0.955
0.957
0.959
0.96
0.961
0.962
0.963
0.963
0.963
0.966
0.966
0.968
0.969
0.973
0.974
0.977
0.977
0.98
0.98
0.982
0.984
0.987
0.988
0.991
0.992
0.995
1.001
1.004
1.005
1.008
1.014
1.015
1.02
1.025
1.028
1.031
1.033
1.035
1.04
1.042
1.047
1.049
1.053
1.057
1.058
1.06
1.063
1.064
1.064
1.067
1.067
1.069
1.071
1.071
1.072
1.072
1.074
1.075
1.076
1.077
1.08
1.083
1.084
1.088
1.091
1.093
1.096
1.097
1.099
1.101
1.106
1.107
1.108
1.11
1.113
1.116
1.12
1.122
1.124
1.125
1.125
1.128
1.131
1.133
1.134
1.138
1.139
1.142
1.146
1.148
1.149
1.152
1.154
1.158
1.158
1.159
1.161
1.162
1.165
1.171
1.171
1.171
1.174
1.178
1.178
1.183
1.183
1.187
1.192
1.194
1.194
1.198
1.199
1.201
1.205
1.206
1.206
1.208
1.21
1.212
1.213
1.215
1.215
1.218
1.22
1.222
1.226
1.228
1.23
1.232
1.234
1.235
1.237
1.239
1.239
1.24
1.243
1.246
1.249
1.252
1.256
1.259
1.26
1.265
1.268
1.271
1.271
1.275
1.276
1.28
1.283
1.285
1.286
1.293
1.294
1.298
1.298
1.3
1.3
1.301
1.301
1.303
1.306
1.306
1.307
1.308
1.308
1.311
1.316
1.32
1.32
1.321
1.323
1.325
1.328
1.329
1.329
1.33
1.332
1.335
1.338
1.342
1.344
1.347
1.351
1.354
1.355
1.357
1.359
1.36
1.365
1.366
1.369
1.373
1.377
1.379
1.38
1.381
1.382
1.384
1.39
1.394
1.4
1.4
1.4
1.403
1.404
1.406
1.409
1.41
1.412
1.412
1.412
1.412
1.414
1.415
1.418
1.419
1.42
1.422
1.423
1.424
1.427
1.432
1.434
1.435
1.438
1.44
1.442
1.444
1.447
1.449
1.451
1.455
1.461
1.464
1.469
1.471
1.474
1.475
1.477
1.478
1.479
1.484
1.485
1.486
1.487
1.489
1.491
1.493
1.497
1.499
1.5
1.501
1.502
1.502
1.502
1.507
1.508
1.51
1.511
1.513
1.515
1.519
1.524
1.53
1.532
1.535
1.538
1.54
1.54
1.542
1.542
1.543
1.545
1.547
1.548
1.548
1.55
1.552
1.555
1.556
1.559
1.561
1.564
1.566
1.568
1.573
1.576
1.581
1.584
1.588
1.589
1.589
1.592
1.597
1.603
1.603
1.604
1.604
1.604
1.607
1.608
1.609
1.611
1.614
1.615
1.616
1.62
1.622
1.624
1.626
1.629
1.633
1.638
1.639
1.647
1.649
1.65
1.653
1.654
1.657
1.659
1.662
1.664
1.664
1.667
1.671
1.671
1.673
1.676
1.678
1.679
1.681
1.681
1.684
1.686
1.689
1.692
1.695
1.699
1.7
1.706
1.709
1.711
1.711
1.716
1.716
1.723
1.725
1.728
1.729
1.732
1.734
1.737
1.742
1.742
1.743
1.745
1.747
1.747
1.75
1.753
1.757
1.759
1.76
1.764
1.769
1.774
1.777
1.783
1.786
1.789
1.79
1.793
1.795
1.797
1.798
1.799
1.801
1.802
1.803
1.805
1.807
1.81
1.812
1.815
1.817
1.818
1.822
1.824
1.828
1.833
1.835
1.839
1.844
1.847
1.851
1.854
1.856
1.857
1.859
1.859
1.861
1.862
1.864
1.864
1.865
1.868
1.874
1.877
1.879
1.884
1.891
1.894
1.898
1.902
1.906
1.908
1.911
1.913
1.917
1.919
1.92
1.922
1.924
1.925
1.926
1.928
1.93
1.931
1.933
1.936
1.942
1.946
1.949
1.951
1.953
1.957
1.964
1.967
1.972
1.977
1.979
1.979
1.982
1.984
1.987
1.988
1.991
1.999
2.003
2.004
2.006
2.008
2.01
2.012
2.013
2.015
2.02
2.022
2.024
2.025
2.028
2.028
2.035
2.043
2.049
2.052
2.057
2.061
2.063
2.069
2.069
2.071
2.075
2.079
2.082
2.084
2.087
2.089
2.092
2.097
2.103
2.107
2.112
2.112
2.119
2.123
2.124
2.128
2.131
2.133
2.135
2.141
2.143
2.149
2.155
2.158
2.161
2.163
2.163
2.165
2.168
2.171
2.176
2.181
2.182
2.187
2.193
2.197
2.201
2.207
2.208
2.213
2.221
2.221
2.222
2.227
2.234
2.236
2.241
2.245
2.249
2.256
2.26
2.266
2.267
2.272
2.275
2.277
2.278
2.284
2.287
2.293
2.297
2.301
2.306
2.313
2.319
2.325
2.331
2.335
2.337
2.337
2.34
2.344
2.351
2.363
2.368
2.372
2.378
2.382
2.385
2.389
2.394
2.399
2.405
2.408
2.417
2.422
2.423
2.429
2.435
2.441
2.445
2.446
2.451
2.456
2.458
2.461
2.469
2.473
2.478
2.487
2.495
2.503
2.507
2.512
2.517
2.52
2.525
2.529
2.537
2.539
2.544
2.547
2.554
2.563
2.571
2.577
2.578
2.582
2.588
2.592
2.596
2.598
2.607
2.614
2.617
2.621
2.631
2.638
2.643
2.648
2.656
2.661
2.665
2.673
2.68
2.684
2.687
2.692
2.698
2.702
2.708
2.716
2.722
2.73
2.738
2.744
2.751
2.759
2.765
2.77
2.778
2.786
2.792
2.801
2.807
2.81
2.818
2.828
2.834
2.84
2.847
2.851
2.857
2.866
2.876
2.891
2.897
2.906
2.913
2.916
2.924
2.932
2.939
2.954
2.963
2.973
2.98
2.991
3
3.011
3.023
3.029
3.037
3.051
3.062
3.074
3.083
3.098
3.117
3.132
3.145
3.161
3.175
3.192
3.209
3.22
3.241
3.257
3.287
3.304
3.325
3.356
3.382
3.427
3.465
3.506
3.533
3.569
3.597
3.618
3.651
3.688
3.734
3.788
3.846
3.952
4.09
