0.15643
0.15643
0.166478
0.166478
0.180709
0.180772
0.191623
0.191921
0.20101
0.20183
0.211144
0.21225
0.220748
0.222882
0.230012
0.232533
0.238803
0.24238
0.246801
0.24996
0.254546
0.258278
0.263377
0.266427
0.269622
0.272513
0.276319
0.279028
0.28226
0.284521
0.288706
0.292439
0.295533
0.298841
0.301792
0.305194
0.308689
0.312193
0.315025
0.318368
0.320985
0.324274
0.326411
0.330659
0.333013
0.337045
0.340351
0.343338
0.345955
0.349036
0.352604
0.355586
0.358799
0.361422
0.363939
0.36637
0.369551
0.371983
0.374161
0.377226
0.379703
0.382312
0.384475
0.386776
0.388766
0.390531
0.392817
0.394991
0.397317
0.399451
0.401656
0.404183
0.406068
0.408434
0.410659
0.412651
0.415092
0.417317
0.419829
0.422599
0.425187
0.427804
0.430504
0.433433
0.435509
0.438996
0.441556
0.443937
0.44637
0.4485
0.450911
0.454155
0.457611
0.46042
0.462957
0.465652
0.468076
0.47196
0.474717
0.478334
0.481369
0.485745
0.489465
0.493095
0.496401
0.49934
0.502574
0.505415
0.509878
0.513634
0.517865
0.52056
0.524294
0.527026
0.53151
0.534375
0.539118
0.542656
0.546031
0.550228
0.553263
0.557357
0.560995
0.564433
0.56766
0.571968
0.574407
0.576818
0.58018
0.582695
0.585875
0.588616
0.591796
0.595258
0.597873
0.600962
0.603717
0.606698
0.609401
0.612442
0.615436
0.618427
0.621471
0.624123
0.627616
0.630858
0.633895
0.637367
0.641021
0.644974
0.649312
0.652822
0.655529
0.65908
0.662661
0.665717
0.669641
0.673426
0.677528
0.68185
0.685316
0.688124
0.692334
0.696197
0.700003
0.704487
0.709069
0.7128
0.716471
0.720837
0.725558
0.729934
0.734952
0.739599
0.744068
0.748157
0.753041
0.758222
0.763161
0.768493
0.77333
0.778775
0.785201
0.79105
0.798453
0.803857
0.811121
0.817445
0.823076
0.828686
0.836569
0.84399
0.850206
0.857614
0.86488
0.871604
0.879761
0.886084
0.893975
0.900664
0.907464
0.914935
0.921996
0.928877
0.93539
0.94206
0.948406
0.956515
0.963082
0.973023
0.984235
0.99344
1.00464
1.01484
1.02324
1.0321
1.04475
1.05545
1.06591
1.07346
1.08573
1.09992
1.11454
1.12875
1.13949
1.15379
1.16723
1.18123
1.19727
1.20729
1.22046
1.23628
1.25009
1.26574
1.2815
1.29551
1.3101
1.3299
1.34644
1.37411
1.40607
1.43813
1.47306
1.50803
1.56316
1.6357
1.81958
1.87147
1.93394
2.05418
