0.153571
0.153571
0.161848
0.161856
0.170454
0.171048
0.178539
0.178902
0.187034
0.187421
0.194231
0.194741
0.201639
0.202192
0.208309
0.208955
0.214917
0.215823
0.220379
0.221356
0.225421
0.226593
0.230913
0.232336
0.236058
0.237657
0.241464
0.242637
0.246414
0.248123
0.251897
0.253575
0.256695
0.258068
0.260391
0.261793
0.264451
0.265753
0.26793
0.26977
0.272366
0.274471
0.276371
0.278435
0.279826
0.282082
0.283692
0.28551
0.287854
0.290136
0.292808
0.294657
0.296591
0.298308
0.299982
0.30184
0.303307
0.304904
0.306397
0.308164
0.310356
0.312131
0.313936
0.315846
0.317313
0.318664
0.320257
0.321718
0.322994
0.324705
0.326596
0.328377
0.32989
0.331385
0.332798
0.333999
0.335542
0.337287
0.338572
0.340069
0.341301
0.342402
0.34381
0.345575
0.346924
0.348378
0.349517
0.350913
0.352335
0.353528
0.355257
0.356801
0.358214
0.359655
0.360877
0.362557
0.363927
0.364884
0.366279
0.367417
0.368755
0.369925
0.371063
0.372467
0.373737
0.375078
0.376315
0.377895
0.379369
0.38073
0.381827
0.383143
0.384601
0.386107
0.38724
0.388512
0.389828
0.391363
0.392881
0.394268
0.395405
0.397257
0.398602
0.400546
0.401927
0.403305
0.404884
0.40609
0.407254
0.408472
0.410211
0.411777
0.413274
0.414327
0.415656
0.417362
0.418867
0.420474
0.421438
0.423128
0.42448
0.426743
0.428697
0.430519
0.432088
0.434429
0.435624
0.438098
0.439852
0.442705
0.444657
0.446044
0.447746
0.449843
0.452172
0.454213
0.456109
0.457804
0.459693
0.46209
0.463874
0.46604
0.467682
0.469999
0.472058
0.473922
0.475928
0.478089
0.480324
0.482903
0.485045
0.48691
0.489196
0.491401
0.493576
0.496466
0.499757
0.501488
0.503581
0.506086
0.508398
0.510759
0.51327
0.515216
0.517096
0.519327
0.521742
0.523603
0.526238
0.527629
0.529665
0.531736
0.533603
0.535784
0.538078
0.540241
0.541892
0.544565
0.546733
0.548662
0.55102
0.553261
0.555531
0.557456
0.559458
0.561532
0.563933
0.566079
0.568638
0.570456
0.572801
0.575382
0.577372
0.579421
0.581864
0.583858
0.586049
0.587721
0.589751
0.59234
0.594675
0.597082
0.599118
0.601558
0.604344
0.606333
0.608814
0.611095
0.613618
0.615404
0.617659
0.619897
0.622013
0.62442
0.626596
0.628784
0.631205
0.63325
0.63584
0.638413
0.64096
0.643478
0.645896
0.648062
0.650102
0.652206
0.654184
0.656644
0.659033
0.661082
0.663482
0.666417
0.669081
0.671284
0.673842
0.676447
0.679481
0.682339
0.684662
0.686741
0.689526
0.692652
0.695113
0.697576
0.700133
0.702673
0.705131
0.707976
0.711201
0.713909
0.716606
0.719413
0.722598
0.725116
0.727513
0.730314
0.733262
0.736432
0.739279
0.742277
0.745451
0.748591
0.751859
0.754929
0.758871
0.762951
0.766544
0.770535
0.774216
0.778634
0.782025
0.786039
0.790127
0.795018
0.79922
0.803318
0.807301
0.810998
0.816642
0.821841
0.82748
0.832785
0.838765
0.844449
0.84932
0.855009
0.860826
0.867246
0.873711
0.878972
0.884378
0.890179
0.897544
0.902706
0.908857
0.917559
0.925582
0.937768
0.946036
0.953629
0.96349
0.973258
0.983826
0.994217
1.0035
1.01361
1.02274
1.03009
1.03944
1.05081
1.06127
1.07079
1.08243
1.09327
1.10622
1.11811
1.13595
1.15424
1.17072
1.19075
1.21398
1.23815
1.26024
1.29155
1.32763
1.36476
1.39768
1.45777
1.85884
2.06178
