0.149696
0.149696
0.152743
0.152743
0.155766
0.155766
0.158273
0.158273
0.161612
0.161612
0.165433
0.165682
0.168779
0.169067
0.172752
0.173213
0.176066
0.176672
0.179942
0.181006
0.183301
0.184308
0.186621
0.188263
0.190256
0.191814
0.193886
0.195875
0.197344
0.198859
0.200658
0.202722
0.204242
0.205825
0.20755
0.209184
0.210977
0.212511
0.214086
0.21581
0.217306
0.218685
0.22002
0.221575
0.223089
0.224547
0.226067
0.22743
0.229147
0.230479
0.231937
0.232989
0.234701
0.236283
0.237855
0.239811
0.241042
0.242479
0.244414
0.245904
0.24713
0.248561
0.250046
0.25136
0.253001
0.254932
0.256457
0.258366
0.260025
0.261419
0.26294
0.264305
0.266017
0.267684
0.26943
0.271213
0.273345
0.274657
0.275951
0.277175
0.278984
0.280039
0.282051
0.283372
0.284429
0.286117
0.287569
0.28879
0.290034
0.291239
0.292497
0.293925
0.295156
0.296275
0.297359
0.298597
0.299945
0.301236
0.302673
0.303588
0.304835
0.30614
0.307815
0.309158
0.310376
0.311513
0.312724
0.313901
0.315117
0.316506
0.31742
0.31877
0.319784
0.320874
0.322102
0.323496
0.324718
0.32569
0.32697
0.328093
0.329429
0.330842
0.332124
0.333084
0.334477
0.335759
0.336995
0.338279
0.339791
0.341051
0.342083
0.343333
0.344436
0.345606
0.346779
0.347985
0.348921
0.349791
0.350945
0.351897
0.352977
0.353858
0.355156
0.355968
0.357105
0.358309
0.359636
0.360798
0.36185
0.362861
0.363953
0.364986
0.365855
0.366755
0.367726
0.368699
0.369848
0.371191
0.372559
0.373434
0.374545
0.375677
0.376941
0.377988
0.379016
0.380006
0.380968
0.382128
0.383256
0.384197
0.385244
0.386458
0.387465
0.388553
0.389544
0.390752
0.391729
0.392806
0.393943
0.395037
0.395905
0.397151
0.398118
0.399396
0.400805
0.402046
0.402982
0.403972
0.405137
0.406476
0.407901
0.408877
0.410112
0.411359
0.412524
0.413686
0.415052
0.416503
0.417482
0.41863
0.419701
0.420826
0.422011
0.422886
0.424114
0.42546
0.426548
0.427423
0.428298
0.42914
0.43003
0.431273
0.432162
0.433235
0.434058
0.434924
0.435969
0.43699
0.437871
0.439008
0.440291
0.441602
0.442663
0.444069
0.445221
0.44643
0.447697
0.448963
0.450043
0.45126
0.452401
0.453852
0.455307
0.456412
0.458077
0.459486
0.460878
0.462141
0.463775
0.464913
0.466109
0.46721
0.46857
0.46978
0.471001
0.472312
0.473506
0.474831
0.475967
0.47702
0.478525
0.479537
0.480567
0.482055
0.483357
0.484803
0.486425
0.487812
0.489413
0.490793
0.492375
0.493566
0.494934
0.496674
0.497875
0.499599
0.500845
0.502376
0.50372
0.504875
0.506118
0.507387
0.508807
0.510135
0.511526
0.513201
0.51452
0.516013
0.517154
0.518622
0.520112
0.521546
0.522929
0.524008
0.525399
0.526773
0.528197
0.529518
0.530927
0.53229
0.53366
0.535357
0.536561
0.538021
0.539364
0.541152
0.542315
0.543757
0.544841
0.546154
0.547402
0.549001
0.550571
0.552119
0.553546
0.555292
0.55677
0.558012
0.559366
0.560895
0.562381
0.563977
0.565404
0.567169
0.568696
0.570421
0.572262
0.573641
0.575284
0.577063
0.578907
0.580866
0.58227
0.584029
0.585666
0.587337
0.589057
0.591104
0.592936
0.594368
0.596348
0.59864
0.600453
0.602155
0.603821
0.6055
0.606911
0.609235
0.611015
0.613302
0.615551
0.617461
0.619938
0.622507
0.625256
0.628269
0.631155
0.634021
0.63707
0.639109
0.641976
0.644525
0.647073
0.649717
0.651663
0.653694
0.655915
0.658157
0.660626
0.663778
0.666059
0.668445
0.670914
0.673383
0.675032
0.677392
0.679584
0.681914
0.684316
0.686994
0.689643
0.691603
0.693964
0.696037
0.698699
0.700751
0.703454
0.706128
0.708853
0.71131
0.714189
0.717303
0.719737
0.723167
0.726756
0.729105
0.731959
0.734421
0.73769
0.740821
0.743751
0.746357
0.749773
0.75339
0.75693
0.761098
0.764535
0.767279
0.77152
0.776145
0.780726
0.784733
0.788924
0.792646
0.796721
0.800958
0.805881
0.810547
0.815123
0.819761
0.824591
0.8283
0.833124
0.837806
0.842836
0.849146
0.853878
0.858686
0.863291
0.86911
0.874666
0.880003
0.886644
0.893746
0.900396
0.906285
0.912018
0.919147
0.925704
0.935657
0.943776
0.95324
0.967164
0.983072
0.999894
1.0131
1.03118
1.05148
1.07171
1.09572
1.1266
1.18104
1.23692
1.30088
1.34504
1.38331
1.42438
1.47606
1.5706
1.92608
