0.15
0.31
0.44
0.48
0.52
0.54
0.62
0.68
0.71
0.73
0.78
0.8
0.84
0.85
0.87
0.89
0.92
0.95
0.96
0.99
1.04
1.04
1.07
1.07
1.1
1.11
1.14
1.15
1.17
1.18
1.21
1.23
1.26
1.28
1.33
1.33
1.37
1.41
1.45
1.47
1.48
1.5
1.51
1.55
1.56
1.59
1.62
1.64
1.66
1.68
1.69
1.71
1.72
1.73
1.75
1.75
1.75
1.76
1.78
1.81
1.81
1.84
1.87
1.88
1.89
1.89
1.92
1.97
2.01
2.08
2.12
2.15
2.17
2.19
2.24
2.28
2.3
2.31
2.33
2.33
2.35
2.4
2.44
2.48
2.5
2.5
2.56
2.59
2.61
2.62
2.62
2.64
2.65
2.67
2.67
2.68
2.69
2.69
2.7
2.71
2.72
2.73
2.74
2.76
2.77
2.78
2.8
2.82
2.83
2.88
2.91
2.96
2.99
3.01
3.04
3.07
3.09
3.12
3.12
3.14
3.15
3.16
3.18
3.2
3.24
3.24
3.28
3.31
3.34
3.42
3.43
3.44
3.48
3.55
3.63
3.65
3.66
3.68
3.74
3.74
3.74
3.75
3.8
3.82
3.83
3.85
3.87
3.88
3.89
3.89
3.96
3.99
4
4.02
4.02
4.05
4.08
4.12
4.13
4.15
4.17
4.17
4.18
4.21
4.21
4.25
4.27
4.3
4.31
4.32
4.36
4.37
4.4
4.44
4.45
4.48
4.54
4.59
4.65
4.69
4.71
4.74
4.78
4.82
4.85
4.88
4.89
4.91
4.93
4.99
5
5.01
5.02
5.02
5.02
5.03
5.07
5.07
5.09
5.09
5.1
5.12
5.15
5.22
5.25
5.29
5.33
5.37
5.41
5.46
5.52
5.58
5.61
5.65
5.68
5.7
5.7
5.77
5.77
5.78
5.81
5.81
5.84
5.86
5.87
5.89
5.93
5.96
6
6.03
6.05
6.08
6.14
6.14
6.16
6.19
6.22
6.24
6.25
6.32
6.32
6.37
6.42
6.49
6.5
6.55
6.61
6.67
6.71
6.75
6.77
6.79
6.8
6.81
6.83
6.85
6.86
6.87
6.9
6.95
6.97
7.01
7.04
7.08
7.09
7.12
7.15
7.19
7.24
7.25
7.29
7.35
7.4
7.43
7.45
7.49
7.52
7.56
7.59
7.62
7.66
7.69
7.7
7.72
7.72
7.76
7.78
7.86
7.91
7.94
7.98
8.02
8.05
8.09
8.14
8.21
8.25
8.31
8.34
8.38
8.39
8.4
8.44
8.49
8.53
8.54
8.56
8.59
8.67
8.69
8.75
8.77
8.79
8.83
8.9
8.92
8.96
8.98
9.03
9.04
9.1
9.13
9.16
9.23
9.25
9.29
9.35
9.44
9.49
9.51
9.54
9.62
9.67
9.69
9.76
9.82
9.86
9.87
9.9
9.95
9.97
10.01
10.04
10.1
10.21
10.23
10.3
10.35
10.42
10.45
10.51
10.58
10.62
10.67
10.72
10.77
10.79
10.85
10.93
11
11.04
11.13
11.14
11.19
11.23
11.27
11.32
11.37
11.44
11.48
11.58
11.62
11.7
11.78
11.82
11.88
11.91
12
12.06
12.15
12.2
12.28
12.35
12.4
12.46
12.56
12.63
12.7
12.76
12.85
12.91
12.98
13.06
13.14
13.22
13.29
13.35
13.47
13.52
13.61
13.71
13.85
13.89
13.97
14.12
14.22
14.3
14.44
14.58
14.66
14.84
14.92
15.05
15.18
15.38
15.5
15.58
15.75
15.88
16.04
16.19
16.32
16.47
16.71
16.83
16.99
17.22
17.4
17.58
17.8
18.13
18.28
18.53
18.74
19
19.27
19.6
19.9
20.18
20.56
20.94
21.28
21.84
22.46
23.29
24.22
25.37
27.42
31.62
36.72
