0.152836
0.152836
0.152937
0.152937
0.15322
0.15322
0.155011
0.155011
0.156441
0.156441
0.171617
0.171617
0.171968
0.171968
0.184511
0.184511
0.190371
0.190371
0.198348
0.198348
0.200323
0.200323
0.20208
0.20208
0.211046
0.211046
0.214573
0.214573
0.2158
0.2158
0.216507
0.216507
0.216714
0.216714
0.218823
0.218823
0.219485
0.219485
0.223871
0.223871
0.225812
0.225812
0.226211
0.226211
0.228474
0.228474
0.23117
0.23117
0.231275
0.231275
0.23339
0.23339
0.234733
0.240442
0.240442
0.245642
0.245642
0.248263
0.248263
0.250394
0.250394
0.256888
0.260733
0.260733
0.263767
0.269287
0.269287
0.275983
0.283794
0.283794
0.284633
0.284633
0.286784
0.286784
0.291846
0.291846
0.294636
0.294636
0.295007
0.29548
0.29548
0.295987
0.295987
0.299428
0.301882
0.301882
0.305423
0.305423
0.309926
0.309926
0.311648
0.316923
0.316923
0.317225
0.317225
0.318273
0.318273
0.318424
0.319086
0.319086
0.319454
0.319454
0.32036
0.32036
0.327305
0.327305
0.327615
0.327615
0.327817
0.327817
0.330946
0.330946
0.33987
0.340444
0.340444
0.341788
0.341788
0.345767
0.345767
0.349162
0.351335
0.351335
0.352431
0.354114
0.354114
0.356518
0.356518
0.359501
0.359501
0.359958
0.359958
0.360859
0.365303
0.365385
0.366365
0.366365
0.369454
0.369454
0.369706
0.369706
0.370084
0.370084
0.370663
0.370663
0.371414
0.371771
0.375533
0.375533
0.376781
0.377469
0.377469
0.382142
0.382142
0.382476
0.38343
0.384788
0.384788
0.384855
0.390203
0.390203
0.390898
0.391076
0.392808
0.392808
0.39281
0.39281
0.393502
0.395115
0.395115
0.395297
0.395297
0.400885
0.402405
0.402405
0.402725
0.402725
0.406169
0.407829
0.408889
0.41351
0.417391
0.417391
0.426177
0.426225
0.426225
0.428593
0.429273
0.430955
0.430968
0.430968
0.433629
0.434372
0.43597
0.436844
0.438573
0.440962
0.443048
0.443048
0.44561
0.446114
0.446114
0.448081
0.450266
0.45193
0.45193
0.453447
0.453447
0.453956
0.453956
0.454031
0.455472
0.459099
0.459099
0.470117
0.474394
0.474394
0.481926
0.482
0.482548
0.485028
0.485028
0.486372
0.491295
0.495118
0.495118
0.495686
0.49643
0.497366
0.497769
0.497769
0.498111
0.498111
0.498303
0.498303
0.499567
0.503814
0.503814
0.505032
0.506638
0.508717
0.508717
0.513708
0.515034
0.521216
0.521993
0.521993
0.52669
0.528336
0.529668
0.537626
0.538235
0.538796
0.544148
0.544758
0.545841
0.546403
0.54764
0.54764
0.551208
0.551208
0.559352
0.559352
0.563413
0.564028
0.565111
0.569535
0.570747
0.570747
0.575172
0.577819
0.578579
0.578579
0.580766
0.585386
0.587267
0.590442
0.590799
0.596911
0.599714
0.599714
0.5998
0.601857
0.604712
0.607941
0.609624
0.612199
0.615421
0.621495
0.621495
0.622913
0.622913
0.623058
0.635943
0.643393
0.645228
0.646178
0.647706
0.647706
0.647875
0.647875
0.655029
0.658879
0.658879
0.658981
0.661744
0.662041
0.662041
0.663131
0.663131
0.668456
0.668456
0.668901
0.669266
0.679964
0.684943
0.687983
0.687983
0.698537
0.698537
0.701085
0.701085
0.708143
0.72198
0.725451
0.725451
0.729372
0.740994
0.741331
0.771725
0.771725
0.776761
0.778402
0.780308
0.783331
0.784335
0.785895
0.787893
0.788517
0.80087
0.80657
0.809839
0.826847
0.831935
0.831935
0.846255
0.846255
0.846961
0.84946
0.850321
0.854994
0.858056
0.861854
0.866851
0.876332
0.876332
0.878946
0.886996
0.894257
0.894257
0.903991
0.908744
0.909538
0.921248
0.92266
0.922726
0.92462
0.926285
0.934951
0.940215
0.950867
0.950867
0.961706
0.970687
0.976842
0.981283
0.981283
1.00545
1.01155
1.01475
1.01899
1.02064
1.05405
1.05405
1.06155
1.09079
1.09079
1.12613
1.13647
1.15376
1.17999
1.23017
1.23017
1.26606
1.31897
1.38538
1.42062
1.42431
1.49498
1.60564
1.9545
