0.148926
0.148926
0.151365
0.151369
0.153325
0.153343
0.154483
0.154589
0.156223
0.156279
0.158251
0.158518
0.160431
0.160842
0.162825
0.16349
0.165305
0.166151
0.168099
0.169005
0.170838
0.17206
0.173487
0.174935
0.176675
0.177897
0.179721
0.181017
0.1822
0.183732
0.185116
0.186288
0.187557
0.189041
0.190153
0.191136
0.19242
0.193397
0.19516
0.196247
0.198031
0.199453
0.201033
0.20228
0.204102
0.205328
0.206783
0.208039
0.209532
0.210957
0.212457
0.2138
0.214875
0.216113
0.217545
0.219178
0.220445
0.221668
0.223235
0.22452
0.225559
0.226962
0.228614
0.230021
0.231213
0.232589
0.2338
0.234957
0.236132
0.237765
0.238912
0.240313
0.241486
0.242716
0.243767
0.244755
0.245993
0.247298
0.248638
0.249707
0.251179
0.25225
0.253416
0.254617
0.256073
0.257281
0.258432
0.259439
0.260544
0.261976
0.263038
0.264691
0.265713
0.26681
0.268007
0.269005
0.270033
0.271008
0.272253
0.27363
0.274752
0.275656
0.276854
0.277609
0.278885
0.279843
0.280825
0.282192
0.283216
0.284138
0.285009
0.285925
0.286833
0.287963
0.289011
0.290076
0.291146
0.292174
0.293137
0.294256
0.295348
0.296332
0.297268
0.298337
0.299512
0.300353
0.301608
0.302522
0.30364
0.304708
0.305943
0.306695
0.307537
0.308638
0.30958
0.310628
0.311744
0.312763
0.313836
0.314712
0.315866
0.316834
0.31785
0.318819
0.319641
0.320722
0.321714
0.32273
0.323777
0.324576
0.325691
0.326629
0.327442
0.32849
0.329543
0.330352
0.331414
0.33233
0.333306
0.334292
0.335131
0.336044
0.336975
0.337914
0.339317
0.340021
0.341184
0.34178
0.342814
0.343639
0.344456
0.345321
0.346312
0.346987
0.347956
0.349022
0.350009
0.351056
0.351894
0.35282
0.353842
0.354646
0.355734
0.356778
0.357684
0.358677
0.359797
0.360802
0.361891
0.362852
0.363963
0.364796
0.365783
0.366608
0.367642
0.368845
0.369753
0.370735
0.371846
0.372662
0.373756
0.374422
0.375353
0.375914
0.376937
0.377726
0.378615
0.37938
0.380219
0.38137
0.382541
0.383533
0.384499
0.385402
0.386148
0.387334
0.388137
0.388916
0.389698
0.390362
0.391286
0.391933
0.392797
0.393682
0.394691
0.395538
0.396544
0.397474
0.398528
0.399349
0.400313
0.401041
0.401959
0.402751
0.403664
0.404439
0.405489
0.406312
0.407077
0.407934
0.40886
0.409788
0.410716
0.411531
0.41259
0.413502
0.414448
0.415535
0.416534
0.417134
0.418549
0.419487
0.420355
0.421192
0.422209
0.423182
0.424109
0.425035
0.42598
0.426918
0.427838
0.428903
0.429654
0.430632
0.431656
0.43265
0.433648
0.434794
0.435969
0.43687
0.437601
0.438762
0.43985
0.441066
0.442152
0.44319
0.444166
0.445364
0.446398
0.447955
0.449221
0.45037
0.451838
0.453098
0.4542
0.455514
0.456534
0.457707
0.458805
0.459928
0.460911
0.462155
0.463556
0.464831
0.465892
0.46729
0.468697
0.469695
0.470531
0.471903
0.473154
0.474478
0.475765
0.47684
0.478244
0.47943
0.480603
0.482082
0.483319
0.484683
0.485881
0.487128
0.488334
0.489431
0.490485
0.492175
0.493554
0.494731
0.495936
0.497582
0.499014
0.500238
0.501531
0.503028
0.504221
0.505706
0.506975
0.508477
0.509933
0.511361
0.512721
0.514036
0.515487
0.51693
0.518299
0.51977
0.521111
0.522962
0.524347
0.52569
0.52739
0.528772
0.530058
0.531649
0.532815
0.534368
0.536059
0.537633
0.539304
0.540726
0.542474
0.544462
0.546147
0.547813
0.549488
0.551422
0.552732
0.554724
0.556562
0.558123
0.560437
0.562347
0.564254
0.566487
0.568227
0.570555
0.57261
0.574606
0.576533
0.578027
0.579405
0.581837
0.583718
0.586092
0.58746
0.589286
0.590716
0.592652
0.594375
0.596647
0.598448
0.600068
0.602198
0.603895
0.605934
0.607728
0.609553
0.611401
0.61376
0.61565
0.617482
0.619512
0.621559
0.623663
0.626007
0.628184
0.629835
0.632418
0.635138
0.637736
0.639949
0.642753
0.644857
0.646616
0.64875
0.651035
0.652858
0.654532
0.656166
0.657979
0.659675
0.661681
0.664327
0.666169
0.668459
0.670632
0.673329
0.676061
0.678111
0.680569
0.683341
0.686159
0.68848
0.690459
0.693668
0.696293
0.699211
0.701709
0.704229
0.706827
0.710265
0.713076
0.715966
0.719067
0.721528
0.724684
0.727518
0.731161
0.733998
0.736552
0.739707
0.742724
0.745325
0.748559
0.751625
0.75493
0.758267
0.761809
0.765415
0.768506
0.772532
0.775958
0.779352
0.783234
0.786812
0.79045
0.794447
0.799315
0.803449
0.808437
0.813303
0.817671
0.822034
0.827431
0.832327
0.838555
0.844256
0.850392
0.855404
0.861979
0.867592
0.87276
0.879586
0.885561
0.892309
0.89878
0.906583
0.914415
0.923807
0.933588
0.942702
0.950803
0.96034
0.972668
0.981343
0.993032
1.00631
1.02053
1.04159
1.06457
1.09025
1.11707
1.14662
1.168
1.19835
1.22727
1.26193
1.31138
1.37216
1.65681
