0.04
0.14
0.26
0.35
0.54
0.6
0.68
0.71
0.72
0.77
0.83
0.85
0.88
0.9
0.91
0.92
0.95
0.97
0.97
0.97
0.99
1.0
1.0
1.01
1.04
1.04
1.04
1.04
1.05
1.05
1.06
1.07
1.07
1.08
1.12
1.15
1.16
1.18
1.2
1.25
1.29
1.34
1.35
1.37
1.4
1.43
1.46
1.46
1.51
1.54
1.55
1.61
1.62
1.64
1.65
1.65
1.67
1.69
1.69
1.7
1.72
1.74
1.75
1.77
1.77
1.79
1.86
1.87
1.88
1.89
1.93
1.96
1.98
2.01
2.03
2.06
2.09
2.11
2.12
2.13
2.15
2.17
2.19
2.2
2.2
2.22
2.27
2.3
2.31
2.34
2.36
2.37
2.39
2.42
2.43
2.45
2.5
2.51
2.53
2.56
2.58
2.59
2.6
2.62
2.64
2.65
2.66
2.66
2.66
2.67
2.67
2.67
2.69
2.69
2.7
2.72
2.74
2.74
2.77
2.78
2.78
2.81
2.82
2.89
2.93
2.95
3.01
3.06
3.08
3.12
3.17
3.2
3.23
3.27
3.29
3.3
3.32
3.34
3.35
3.36
3.39
3.39
3.43
3.45
3.48
3.49
3.53
3.53
3.56
3.59
3.59
3.59
3.6
3.63
3.65
3.67
3.68
3.69
3.7
3.7
3.72
3.77
3.8
3.82
3.84
3.85
3.89
3.91
3.93
3.95
3.97
4.01
4.02
4.06
4.07
4.1
4.13
4.17
4.23
4.25
4.28
4.32
4.35
4.38
4.42
4.45
4.46
4.49
4.51
4.54
4.56
4.58
4.6
4.61
4.62
4.67
4.73
4.77
4.8
4.82
4.83
4.85
4.86
4.86
4.89
4.91
4.93
4.96
5.0
5.01
5.01
5.04
5.07
5.09
5.12
5.14
5.15
5.17
5.23
5.29
5.31
5.32
5.34
5.37
5.39
5.42
5.44
5.53
5.57
5.6
5.66
5.71
5.72
5.74
5.74
5.78
5.81
5.86
5.89
5.92
5.97
5.99
6.03
6.04
6.06
6.09
6.1
6.13
6.14
6.16
6.18
6.18
6.19
6.22
6.25
6.27
6.28
6.29
6.33
6.37
6.42
6.48
6.57
6.63
6.63
6.66
6.68
6.72
6.74
6.77
6.82
6.85
6.86
6.88
6.92
6.94
6.95
6.97
7.01
7.02
7.03
7.04
7.09
7.12
7.17
7.2
7.24
7.29
7.35
7.38
7.43
7.48
7.5
7.55
7.58
7.62
7.7
7.71
7.72
7.77
7.8
7.83
7.85
7.85
7.87
7.92
7.93
7.95
7.96
7.99
8.0
8.05
8.05
8.13
8.17
8.2
8.24
8.31
8.4
8.43
8.44
8.49
8.51
8.57
8.6
8.65
8.69
8.69
8.72
8.73
8.76
8.78
8.8
8.86
8.87
8.9
8.9
8.94
8.98
9.04
9.06
9.14
9.15
9.18
9.22
9.25
9.31
9.37
9.43
9.43
9.46
9.48
9.53
9.56
9.58
9.63
9.64
9.66
9.71
9.77
9.79
9.82
9.86
9.9
9.92
9.96
10.0
10.03
10.06
10.11
10.2
10.25
10.28
10.3
10.35
10.39
10.42
10.46
10.49
10.51
10.53
10.55
10.6
10.62
10.67
10.69
10.76
10.84
10.88
10.99
11.03
11.06
11.1
11.13
11.17
11.23
11.26
11.31
11.34
11.41
11.45
11.51
11.55
11.6
11.63
11.67
11.71
11.76
11.8
11.83
11.92
11.97
12.03
12.09
12.12
12.13
12.23
12.3
12.36
12.44
12.51
12.62
12.68
12.76
12.79
12.83
12.88
12.92
12.96
13.01
13.06
13.1
13.16
13.28
13.39
13.49
13.61
13.66
13.74
13.8
13.84
13.91
13.96
13.99
14.17
14.27
14.39
14.49
14.6
14.68
14.79
14.86
14.94
15.07
15.14
15.26
15.36
15.42
15.56
15.64
15.79
15.9
16.01
16.13
16.23
16.35
16.53
16.62
16.8
16.95
17.11
17.34
17.48
17.69
17.84
18.0
18.18
18.41
18.6
18.81
19.0
19.21
19.49
19.68
20.01
20.3
20.66
20.99
21.4
21.84
22.18
22.56
23.08
23.71
24.28
25.23
26.6
28.14
30.79
37.58
