0.145925
0.145925
0.14913
0.14913
0.150908
0.150908
0.152401
0.152401
0.152873
0.152873
0.153485
0.153485
0.154072
0.154072
0.154658
0.154658
0.15531
0.155327
0.156116
0.156132
0.156967
0.156974
0.15784
0.157872
0.15887
0.158938
0.160149
0.160196
0.161132
0.16117
0.162159
0.162361
0.163567
0.163898
0.164899
0.165253
0.166278
0.16673
0.167536
0.167882
0.168993
0.169564
0.170493
0.170919
0.171588
0.171953
0.172806
0.173171
0.174139
0.17461
0.175501
0.17591
0.176807
0.177374
0.178043
0.178703
0.179492
0.180146
0.180878
0.181423
0.182041
0.18269
0.183311
0.184007
0.184549
0.185131
0.185779
0.186446
0.186985
0.187626
0.188057
0.188867
0.189428
0.190073
0.190739
0.191367
0.191944
0.19248
0.193054
0.19386
0.194439
0.19521
0.19589
0.196587
0.197105
0.197829
0.198436
0.199331
0.19974
0.200383
0.201039
0.201848
0.202479
0.203178
0.203877
0.204361
0.204953
0.20559
0.206224
0.206827
0.207337
0.208023
0.208554
0.209296
0.209834
0.210572
0.211047
0.211821
0.212369
0.213019
0.213561
0.214118
0.214659
0.21525
0.215989
0.21656
0.21707
0.217699
0.218216
0.218908
0.219603
0.220033
0.220658
0.221316
0.221969
0.222668
0.223325
0.224095
0.224773
0.225387
0.225845
0.226611
0.227196
0.227859
0.228591
0.229263
0.229921
0.230358
0.230843
0.231467
0.231957
0.232679
0.233179
0.233718
0.234214
0.235037
0.235579
0.236085
0.236619
0.237224
0.237925
0.238429
0.239031
0.239643
0.240406
0.24111
0.241849
0.242501
0.242964
0.243638
0.244323
0.244925
0.245504
0.245997
0.246622
0.247219
0.247672
0.248441
0.248965
0.249552
0.250101
0.250659
0.251167
0.251655
0.252327
0.252897
0.253445
0.253944
0.254605
0.255122
0.255817
0.256417
0.257062
0.257719
0.258193
0.258702
0.259249
0.25971
0.260283
0.26077
0.261227
0.261946
0.262415
0.263024
0.263566
0.264119
0.264772
0.265428
0.266236
0.266895
0.267315
0.267938
0.268525
0.268993
0.269496
0.269977
0.27052
0.271171
0.27164
0.272228
0.272697
0.273232
0.273641
0.274167
0.274937
0.275416
0.276052
0.276545
0.2772
0.277858
0.278614
0.279193
0.279723
0.280353
0.280898
0.281601
0.282146
0.282759
0.283476
0.28402
0.284584
0.285081
0.285792
0.286416
0.286845
0.287302
0.287931
0.288286
0.288894
0.289384
0.289961
0.290515
0.290918
0.291576
0.292009
0.292612
0.293145
0.293657
0.294211
0.294665
0.295189
0.295847
0.296306
0.29697
0.297554
0.298141
0.298708
0.299174
0.299796
0.300307
0.300802
0.301284
0.301729
0.302404
0.302987
0.303564
0.304116
0.304684
0.305062
0.305459
0.305995
0.306475
0.30695
0.307443
0.307926
0.308325
0.308807
0.309342
0.30972
0.310227
0.310795
0.311252
0.311756
0.312297
0.312698
0.313206
0.313806
0.314388
0.314895
0.315427
0.31604
0.316648
0.317177
0.317638
0.318123
0.318637
0.319169
0.319629
0.320096
0.320519
0.320964
0.321565
0.322174
0.322707
0.323128
0.323733
0.324129
0.324713
0.32526
0.325813
0.326323
0.326789
0.327309
0.327741
0.328568
0.32905
0.329603
0.330097
0.330603
0.331147
0.33162
0.332089
0.332588
0.333095
0.333637
0.334221
0.334713
0.335192
0.335903
0.33641
0.336826
0.337378
0.337881
0.33846
0.339096
0.339722
0.340239
0.3408
0.341295
0.34181
0.342291
0.342803
0.343339
0.343925
0.34435
0.344881
0.34534
0.345788
0.346284
0.346815
0.347317
0.347803
0.348425
0.348966
0.349472
0.34988
0.350409
0.350899
0.351609
0.351991
0.352521
0.353006
0.353457
0.354054
0.354614
0.355096
0.355617
0.356302
0.356819
0.357436
0.357987
0.358513
0.359024
0.359577
0.36013
0.360669
0.361102
0.361698
0.362291
0.362756
0.363235
0.363765
0.364314
0.364793
0.365504
0.365992
0.366608
0.367136
0.36778
0.368331
0.368956
0.369511
0.370113
0.370574
0.37125
0.371738
0.372278
0.37277
0.373421
0.374049
0.37451
0.375086
0.375691
0.376152
0.376718
0.377442
0.378148
0.378798
0.379437
0.379956
0.380637
0.38132
0.381903
0.382481
0.383064
0.383726
0.384369
0.384916
0.385549
0.38615
0.386686
0.387263
0.387889
0.388572
0.389177
0.389746
0.390277
0.390936
0.391486
0.392047
0.392676
0.393219
0.393914
0.394557
0.39524
0.39578
0.396314
0.397033
0.397746
0.398463
0.399017
0.399648
0.400318
0.400959
0.401706
0.4023
0.402886
0.403456
0.404182
0.404872
0.405556
0.406173
0.406913
0.407469
0.40812
0.408775
0.409376
0.409984
0.410551
0.411173
0.411969
0.412506
0.413125
0.413735
0.414276
0.414829
0.415462
0.415972
0.416739
0.417418
0.418108
0.418582
0.419146
0.419903
0.420614
0.421308
0.422185
0.423091
0.424007
0.42469
0.425377
0.426132
0.426627
0.427312
0.428068
0.428616
0.429286
0.429998
0.430726
0.431408
0.432056
0.432843
0.43358
0.434436
0.435092
0.435764
0.436414
0.437103
0.437718
0.438473
0.439192
0.439883
0.440582
0.441268
0.442039
0.442946
0.443633
0.444333
0.444936
0.445747
0.446431
0.447087
0.447796
0.448783
0.449428
0.450229
0.451091
0.451999
0.452691
0.453643
0.454325
0.455019
0.455773
0.456514
0.457302
0.458092
0.459078
0.459721
0.460581
0.461449
0.462182
0.462986
0.46386
0.464833
0.465709
0.466505
0.467502
0.468415
0.469151
0.469843
0.470529
0.471341
0.472342
0.473241
0.47408
0.474942
0.475774
0.47668
0.477728
0.478752
0.47958
0.480406
0.481335
0.482331
0.483089
0.483863
0.484761
0.48589
0.486763
0.487744
0.488819
0.489804
0.490727
0.491568
0.492571
0.493391
0.494385
0.495464
0.496245
0.49727
0.498056
0.499085
0.500049
0.500991
0.501947
0.502909
0.504099
0.505184
0.506042
0.507097
0.508097
0.509218
0.510145
0.511044
0.512034
0.513095
0.514254
0.515337
0.51651
0.517615
0.518655
0.519706
0.520731
0.522013
0.523181
0.52416
0.525447
0.526591
0.52765
0.528795
0.529767
0.531001
0.53223
0.533704
0.534685
0.535683
0.53694
0.538008
0.539357
0.540614
0.54188
0.543162
0.544276
0.545639
0.547049
0.548443
0.549903
0.550841
0.5523
0.553211
0.554485
0.555758
0.557233
0.558918
0.55998
0.561351
0.562663
0.564219
0.565723
0.567516
0.568781
0.570096
0.571376
0.572712
0.57419
0.575915
0.577573
0.579174
0.580856
0.582545
0.584018
0.585776
0.587712
0.589378
0.59059
0.592254
0.593902
0.595553
0.596626
0.598312
0.600005
0.601404
0.603354
0.605334
0.606908
0.608763
0.610463
0.612204
0.614169
0.616637
0.618451
0.620012
0.621901
0.624015
0.625665
0.627647
0.62922
0.631225
0.632973
0.635171
0.637236
0.639394
0.641768
0.644058
0.646532
0.648666
0.650781
0.653074
0.655575
0.658126
0.661003
0.663359
0.666042
0.668008
0.670681
0.673609
0.67676
0.679115
0.681971
0.684766
0.687102
0.689974
0.692967
0.695937
0.698641
0.701761
0.704887
0.707393
0.710065
0.713628
0.716303
0.719872
0.723141
0.726956
0.730659
0.734021
0.737425
0.741478
0.745392
0.748571
0.753263
0.757584
0.762606
0.767193
0.773643
0.778079
0.783328
0.788571
0.793274
0.799431
0.805412
0.811327
0.81774
0.825196
0.831749
0.837607
0.843299
0.849399
0.855443
0.861734
0.868306
0.875871
0.883808
0.890769
0.898857
0.909255
0.920526
0.936338
0.95096
0.964868
0.983526
1.00374
1.02501
1.04327
1.06768
1.1072
1.15148
1.21347
1.29326
1.56028
