0.05
0.26
0.47
0.55
0.65
0.74
0.77
0.82
0.83
0.84
0.85
0.85
0.85
0.86
0.86
0.86
0.86
0.86
0.86
0.88
0.9
0.91
0.97
1.01
1.03
1.11
1.18
1.28
1.34
1.41
1.44
1.47
1.51
1.54
1.55
1.57
1.6
1.61
1.62
1.62
1.62
1.63
1.63
1.63
1.67
1.67
1.68
1.68
1.68
1.7
1.75
1.75
1.79
1.85
1.89
1.91
1.93
1.96
1.96
1.97
2.02
2.05
2.05
2.11
2.16
2.2
2.23
2.26
2.28
2.33
2.38
2.42
2.46
2.51
2.54
2.59
2.6
2.63
2.66
2.67
2.67
2.7
2.74
2.78
2.81
2.88
2.93
3
3
3.05
3.11
3.18
3.2
3.28
3.33
3.42
3.46
3.56
3.58
3.64
3.7
3.76
3.79
3.82
3.87
3.91
3.97
4.05
4.1
4.19
4.25
4.29
4.41
4.53
4.62
4.73
4.81
4.92
5.01
5.1
5.18
5.34
5.45
5.52
5.59
5.75
5.89
6.13
6.3
6.39
6.49
6.69
6.87
7
7.23
7.55
8.1
8.47
9.02
9.6
10.23
11.07
11.79
12.58
13.2
14.24
15.24
16.31
18.9
23.45
