0.328
0.328
0.328
0.329
0.33
0.331
0.333
0.335
0.335
0.335
0.336
0.336
0.338
0.339
0.34
0.34
0.343
0.344
0.345
0.346
0.346
0.347
0.347
0.352
0.354
0.36
0.361
0.363
0.364
0.364
0.365
0.367
0.367
0.369
0.372
0.375
0.378
0.384
0.389
0.392
0.398
0.403
0.405
0.411
0.415
0.42
0.428
0.432
0.436
0.437
0.442
0.447
0.452
0.456
0.46
0.463
0.464
0.466
0.469
0.471
0.472
0.473
0.476
0.477
0.478
0.482
0.484
0.487
0.492
0.494
0.496
0.498
0.501
0.503
0.509
0.514
0.52
0.525
0.528
0.534
0.534
0.538
0.539
0.544
0.547
0.548
0.552
0.555
0.559
0.562
0.565
0.569
0.573
0.576
0.577
0.58
0.583
0.587
0.59
0.594
0.597
0.601
0.607
0.612
0.615
0.619
0.624
0.626
0.628
0.629
0.63
0.632
0.633
0.633
0.634
0.636
0.639
0.644
0.65
0.652
0.655
0.657
0.665
0.668
0.674
0.678
0.683
0.684
0.69
0.695
0.699
0.705
0.708
0.712
0.715
0.716
0.717
0.721
0.722
0.722
0.723
0.726
0.727
0.728
0.728
0.729
0.731
0.732
0.733
0.736
0.739
0.744
0.759
0.766
0.773
0.777
0.782
0.789
0.793
0.796
0.801
0.801
0.802
0.807
0.807
0.808
0.808
0.808
0.808
0.812
0.812
0.812
0.813
0.813
0.816
0.818
0.819
0.819
0.821
0.829
0.832
0.838
0.843
0.844
0.848
0.856
0.862
0.864
0.867
0.87
0.874
0.876
0.879
0.88
0.884
0.886
0.888
0.888
0.89
0.89
0.892
0.895
0.897
0.901
0.907
0.907
0.912
0.917
0.923
0.928
0.931
0.937
0.945
0.946
0.949
0.952
0.954
0.957
0.959
0.961
0.962
0.962
0.962
0.965
0.965
0.967
0.969
0.972
0.974
0.975
0.976
0.979
0.983
0.986
0.99
0.992
0.999
1
1.005
1.009
1.014
1.016
1.021
1.025
1.03
1.032
1.033
1.034
1.036
1.036
1.037
1.04
1.044
1.046
1.048
1.05
1.053
1.057
1.059
1.061
1.063
1.066
1.068
1.074
1.074
1.078
1.079
1.081
1.088
1.092
1.093
1.094
1.1
1.102
1.103
1.103
1.103
1.106
1.106
1.106
1.107
1.107
1.108
1.109
1.113
1.113
1.114
1.117
1.12
1.123
1.124
1.127
1.13
1.136
1.142
1.147
1.152
1.158
1.163
1.166
1.173
1.174
1.175
1.182
1.184
1.186
1.187
1.189
1.19
1.191
1.191
1.191
1.191
1.194
1.194
1.195
1.197
1.2
1.201
1.203
1.204
1.205
1.209
1.21
1.213
1.215
1.217
1.22
1.223
1.226
1.232
1.236
1.238
1.24
1.241
1.246
1.25
1.252
1.256
1.257
1.26
1.262
1.262
1.262
1.263
1.265
1.267
1.267
1.27
1.273
1.276
1.279
1.282
1.283
1.286
1.287
1.29
1.294
1.298
1.299
1.301
1.302
1.304
1.305
1.307
1.308
1.313
1.316
1.321
1.324
1.329
1.33
1.333
1.335
1.337
1.342
1.345
1.346
1.349
1.351
1.354
1.355
1.356
1.362
1.364
1.366
1.367
1.373
1.374
1.376
1.377
1.378
1.38
1.38
1.383
1.387
1.39
1.392
1.393
1.395
1.396
1.4
1.402
1.404
1.407
1.412
1.414
1.417
1.422
1.426
1.427
1.429
1.43
1.433
1.438
1.439
1.442
1.444
1.444
1.446
1.45
1.452
1.453
1.455
1.457
1.46
1.461
1.462
1.463
1.464
1.468
1.469
1.473
1.477
1.481
1.483
1.488
1.49
1.492
1.492
1.496
1.499
1.5
1.503
1.507
1.509
1.51
1.513
1.518
1.52
1.521
1.523
1.523
1.524
1.526
1.527
1.527
1.53
1.531
1.532
1.534
1.536
1.538
1.54
1.543
1.547
1.549
1.552
1.56
1.561
1.562
1.567
1.572
1.573
1.577
1.577
1.581
1.584
1.588
1.588
1.588
1.588
1.592
1.593
1.593
1.593
1.594
1.594
1.597
1.598
1.601
1.605
1.606
1.608
1.609
1.609
1.611
1.615
1.619
1.624
1.626
1.629
1.635
1.637
1.641
1.646
1.648
1.649
1.65
1.651
1.655
1.656
1.659
1.662
1.665
1.666
1.667
1.669
1.672
1.673
1.677
1.678
1.679
1.68
1.683
1.684
1.685
1.687
1.689
1.691
1.694
1.696
1.699
1.7
1.702
1.706
1.708
1.71
1.713
1.714
1.718
1.72
1.723
1.725
1.729
1.731
1.733
1.735
1.736
1.739
1.741
1.744
1.747
1.747
1.749
1.751
1.753
1.757
1.758
1.759
1.76
1.762
1.762
1.765
1.767
1.769
1.771
1.771
1.773
1.778
1.778
1.781
1.784
1.786
1.786
1.789
1.794
1.798
1.801
1.807
1.808
1.809
1.811
1.813
1.814
1.815
1.82
1.821
1.824
1.828
1.83
1.83
1.832
1.835
1.836
1.838
1.839
1.84
1.84
1.84
1.84
1.843
1.846
1.849
1.85
1.851
1.854
1.855
1.857
1.86
1.865
1.874
1.876
1.878
1.879
1.88
1.88
1.88
1.882
1.886
1.891
1.893
1.895
1.899
1.9
1.902
1.904
1.906
1.907
1.909
1.914
1.919
1.92
1.92
1.923
1.925
1.928
1.931
1.933
1.933
1.934
1.939
1.941
1.943
1.945
1.95
1.951
1.951
1.951
1.954
1.955
1.955
1.955
1.957
1.959
1.964
1.967
1.97
1.973
1.978
1.981
1.984
1.986
1.987
1.99
1.993
1.999
2.002
2.004
2.007
2.009
2.011
2.012
2.013
2.015
2.017
2.019
2.019
2.02
2.022
2.025
2.03
2.034
2.039
2.04
2.042
2.044
2.048
2.051
2.054
2.056
2.057
2.057
2.059
2.063
2.066
2.067
2.069
2.069
2.071
2.074
2.076
2.079
2.082
2.086
2.088
2.093
2.095
2.098
2.1
2.102
2.105
2.108
2.11
2.114
2.115
2.116
2.12
2.123
2.127
2.133
2.133
2.134
2.137
2.138
2.139
2.14
2.143
2.144
2.146
2.149
2.153
2.157
2.162
2.164
2.167
2.17
2.173
2.176
2.18
2.181
2.185
2.186
2.189
2.192
2.195
2.198
2.201
2.207
2.209
2.209
2.209
2.213
2.213
2.218
2.223
2.226
2.228
2.231
2.238
2.242
2.243
2.248
2.252
2.254
2.254
2.257
2.26
2.261
2.264
2.269
2.269
2.273
2.276
2.279
2.283
2.286
2.29
2.293
2.297
2.3
2.305
2.309
2.312
2.315
2.315
2.319
2.321
2.325
2.328
2.332
2.334
2.337
2.339
2.341
2.342
2.347
2.35
2.353
2.356
2.36
2.362
2.365
2.368
2.371
2.377
2.381
2.382
2.385
2.386
2.391
2.393
2.396
2.398
2.401
2.403
2.408
2.413
2.415
2.416
2.421
2.424
2.427
2.436
2.44
2.441
2.443
2.448
2.451
2.456
2.458
2.461
2.463
2.467
2.468
2.472
2.477
2.481
2.484
2.486
2.487
2.492
2.497
2.501
2.505
2.512
2.516
2.516
2.522
2.527
2.53
2.53
2.531
2.534
2.536
2.541
2.551
2.556
2.562
2.566
2.569
2.573
2.577
2.582
2.585
2.589
2.593
2.597
2.598
2.601
2.601
2.607
2.612
2.616
2.628
2.633
2.634
2.637
2.648
2.649
2.651
2.656
2.662
2.664
2.67
2.678
2.682
2.687
2.691
2.701
2.704
2.71
2.714
2.723
2.729
2.73
2.739
2.746
2.75
2.756
2.759
2.762
2.771
2.775
2.781
2.781
2.788
2.797
2.801
2.806
2.815
2.822
2.83
2.833
2.839
2.842
2.85
2.856
2.861
2.864
2.867
2.88
2.886
2.892
2.899
2.903
2.912
2.916
2.921
2.926
2.931
2.937
2.945
2.952
2.953
2.959
2.971
2.977
2.983
2.99
2.996
3.001
3.012
3.017
3.025
3.036
3.042
3.052
3.057
3.064
3.072
3.081
3.087
3.095
3.102
3.111
3.121
3.129
3.135
3.145
3.156
3.169
3.174
3.182
3.195
3.205
3.217
3.226
3.233
3.246
3.26
3.271
3.282
3.296
3.307
3.327
3.338
3.356
3.369
3.384
3.399
3.422
3.439
3.459
3.474
3.497
3.518
3.541
3.572
3.596
3.626
3.657
3.693
3.716
3.744
3.79
3.826
3.907
3.973
4.124
