0.143709
0.143709
0.150153
0.150153
0.151025
0.151025
0.151564
0.151564
0.152045
0.152045
0.152392
0.152392
0.152727
0.152727
0.152987
0.152988
0.153267
0.153272
0.153528
0.153546
0.15383
0.15384
0.154136
0.154142
0.154446
0.154453
0.154803
0.154809
0.155172
0.155181
0.155641
0.155674
0.156074
0.156097
0.156464
0.156585
0.157031
0.157102
0.157714
0.157844
0.158202
0.158344
0.158763
0.158987
0.159366
0.159502
0.159951
0.160149
0.160592
0.1608
0.161308
0.161464
0.161972
0.162231
0.16269
0.162958
0.163369
0.163618
0.164131
0.164402
0.164815
0.165143
0.165648
0.165961
0.166445
0.166793
0.167338
0.167714
0.168271
0.168574
0.169051
0.169398
0.169746
0.170107
0.170424
0.170779
0.171199
0.171563
0.172009
0.172362
0.172774
0.173236
0.173564
0.17404
0.174543
0.174975
0.175328
0.175794
0.176183
0.176687
0.177033
0.177469
0.177953
0.178368
0.178619
0.179129
0.179577
0.179888
0.180356
0.180784
0.18125
0.181602
0.182033
0.182519
0.182924
0.183248
0.183754
0.184208
0.184573
0.185056
0.185429
0.185916
0.186509
0.186923
0.187358
0.187778
0.188261
0.188643
0.189123
0.189494
0.190122
0.190434
0.190961
0.191225
0.191761
0.192028
0.192541
0.192946
0.193426
0.193667
0.194009
0.194445
0.194743
0.195257
0.195625
0.196201
0.196577
0.197086
0.197475
0.198024
0.198411
0.198825
0.199212
0.199701
0.200082
0.200433
0.20099
0.201311
0.201697
0.202046
0.202413
0.202777
0.203201
0.203566
0.203951
0.204359
0.204819
0.205112
0.205591
0.206029
0.206402
0.206856
0.20727
0.207561
0.208035
0.208368
0.208887
0.209331
0.209761
0.210104
0.210461
0.210777
0.211183
0.211561
0.211932
0.212264
0.212675
0.213008
0.213478
0.21385
0.214218
0.214556
0.214936
0.215319
0.215827
0.216122
0.216579
0.216896
0.217327
0.217634
0.218093
0.218431
0.218718
0.219268
0.219618
0.219953
0.220416
0.220773
0.221142
0.221459
0.221821
0.22216
0.222554
0.222955
0.223293
0.223648
0.223987
0.224386
0.224697
0.225028
0.225316
0.225794
0.226111
0.226661
0.227079
0.227508
0.227824
0.228163
0.228531
0.228869
0.229201
0.22943
0.229955
0.230237
0.230629
0.231019
0.231383
0.231705
0.232126
0.232389
0.232715
0.233076
0.233471
0.233817
0.234161
0.234459
0.234744
0.235108
0.235427
0.235833
0.236116
0.236428
0.236761
0.236989
0.237373
0.237606
0.237978
0.238309
0.238726
0.239045
0.239327
0.239758
0.24009
0.24036
0.240674
0.24113
0.241374
0.241889
0.242227
0.242614
0.242978
0.243256
0.243607
0.244019
0.244367
0.2448
0.245166
0.245557
0.245817
0.246188
0.246578
0.246955
0.247349
0.247688
0.248111
0.248496
0.248835
0.249151
0.249526
0.249888
0.250216
0.250504
0.250875
0.251126
0.251569
0.251909
0.252293
0.252642
0.252975
0.253262
0.253643
0.253935
0.254359
0.254715
0.255102
0.255499
0.255993
0.256382
0.256661
0.256997
0.257342
0.257598
0.257991
0.258279
0.258584
0.258848
0.259232
0.259616
0.259959
0.260286
0.260624
0.260934
0.26119
0.26149
0.261846
0.26212
0.262597
0.26304
0.263352
0.263668
0.263939
0.264264
0.26461
0.264934
0.265246
0.265584
0.265942
0.26626
0.266596
0.26684
0.267157
0.267442
0.267795
0.268158
0.268471
0.268942
0.269194
0.269586
0.269942
0.270282
0.270587
0.270957
0.271236
0.271527
0.2719
0.272204
0.272504
0.272913
0.273264
0.273609
0.273992
0.274416
0.274719
0.275146
0.275441
0.275782
0.276035
0.276399
0.276752
0.27714
0.277455
0.277812
0.278268
0.278597
0.278922
0.27926
0.279742
0.280102
0.2804
0.280724
0.281121
0.281328
0.281724
0.282042
0.282387
0.282847
0.283208
0.283468
0.283831
0.284198
0.284492
0.284843
0.285201
0.285524
0.28583
0.28614
0.286439
0.286832
0.287027
0.287536
0.287865
0.288196
0.288456
0.288722
0.289022
0.28937
0.289678
0.290047
0.290405
0.290843
0.291176
0.291523
0.291922
0.292308
0.292641
0.29296
0.293296
0.293711
0.293989
0.294356
0.294723
0.295177
0.295473
0.295766
0.296114
0.296565
0.296906
0.297292
0.29766
0.297989
0.298234
0.298643
0.29897
0.299382
0.299754
0.300218
0.300647
0.300972
0.30133
0.301693
0.302054
0.302431
0.302769
0.303129
0.303366
0.303779
0.304132
0.304408
0.30478
0.305082
0.305527
0.305877
0.306139
0.306468
0.306749
0.307162
0.307447
0.307913
0.308288
0.308597
0.308884
0.309277
0.30957
0.309974
0.310334
0.310767
0.311164
0.311493
0.311872
0.312263
0.312577
0.312813
0.313177
0.31351
0.313866
0.314174
0.31453
0.314872
0.31515
0.315604
0.315966
0.316346
0.316724
0.31709
0.317416
0.317726
0.318112
0.318521
0.318905
0.319188
0.319482
0.319861
0.320195
0.320539
0.320807
0.32123
0.321533
0.321836
0.322115
0.322451
0.322811
0.323152
0.323458
0.323711
0.324045
0.324364
0.324762
0.325089
0.325372
0.32579
0.326111
0.326461
0.326753
0.327091
0.327438
0.327768
0.328108
0.328417
0.328732
0.329079
0.329425
0.329777
0.330092
0.330502
0.330784
0.331069
0.331322
0.331689
0.332068
0.332473
0.332852
0.333227
0.33355
0.333935
0.334235
0.334648
0.334899
0.335279
0.335554
0.335985
0.336326
0.336748
0.337146
0.337548
0.337833
0.338217
0.338576
0.338817
0.339176
0.339489
0.339855
0.340115
0.340484
0.340795
0.341198
0.341527
0.341903
0.342296
0.342576
0.342888
0.343173
0.343525
0.344003
0.344339
0.344696
0.345093
0.345513
0.345891
0.346192
0.346526
0.346882
0.347173
0.347583
0.347996
0.348417
0.348802
0.349185
0.349551
0.349934
0.350284
0.350561
0.350942
0.351254
0.351563
0.351943
0.352303
0.352783
0.353154
0.353539
0.353964
0.354344
0.354735
0.355088
0.355452
0.355846
0.356241
0.356566
0.356864
0.357196
0.357601
0.357987
0.358248
0.358589
0.35892
0.359275
0.359709
0.360122
0.360558
0.360876
0.361291
0.361717
0.362026
0.362486
0.362935
0.363342
0.363696
0.364101
0.364504
0.364923
0.365267
0.365645
0.366144
0.366538
0.366953
0.367262
0.367625
0.367964
0.368457
0.36891
0.369343
0.369677
0.370105
0.37048
0.37089
0.371203
0.371627
0.372056
0.372556
0.372956
0.373384
0.373738
0.374084
0.374454
0.37487
0.3753
0.375752
0.376172
0.376546
0.376904
0.377244
0.377627
0.378055
0.378436
0.378943
0.37939
0.379781
0.380211
0.380665
0.381042
0.381553
0.381862
0.382391
0.382815
0.383254
0.383574
0.384034
0.384497
0.384916
0.385367
0.385797
0.38622
0.386736
0.387272
0.387681
0.388076
0.388453
0.388883
0.389391
0.389854
0.390212
0.390663
0.391079
0.391522
0.391972
0.392349
0.392724
0.39317
0.393571
0.39403
0.39445
0.394926
0.39533
0.395748
0.39612
0.396616
0.3971
0.397521
0.398007
0.398427
0.39889
0.399399
0.399872
0.400308
0.40088
0.401446
0.401969
0.402404
0.402869
0.403281
0.403678
0.404308
0.404738
0.40519
0.405818
0.406377
0.40679
0.407197
0.407739
0.40821
0.408681
0.409064
0.409618
0.410122
0.410583
0.41116
0.411638
0.412176
0.412559
0.41301
0.413549
0.414118
0.414618
0.415192
0.415694
0.416128
0.416626
0.417039
0.417478
0.41794
0.418424
0.418962
0.41931
0.419803
0.420406
0.420962
0.421563
0.422095
0.422554
0.423088
0.423583
0.424106
0.424558
0.425052
0.42562
0.426193
0.426595
0.427156
0.427679
0.428188
0.42866
0.429215
0.429749
0.430182
0.430715
0.431366
0.431907
0.432445
0.432957
0.433403
0.433886
0.434501
0.435046
0.435584
0.436129
0.436702
0.43726
0.437824
0.438266
0.438956
0.439497
0.440118
0.440655
0.441319
0.44187
0.442415
0.443094
0.443593
0.444116
0.444599
0.44524
0.445782
0.446376
0.446914
0.447447
0.44808
0.44861
0.449178
0.449837
0.450453
0.451251
0.451646
0.452163
0.452744
0.453232
0.453673
0.454244
0.454807
0.455459
0.456072
0.456759
0.457328
0.458026
0.458682
0.45926
0.459983
0.460747
0.461335
0.461904
0.46251
0.463227
0.46386
0.464609
0.465198
0.46577
0.466415
0.467082
0.467663
0.468409
0.469243
0.470003
0.470671
0.471369
0.471881
0.472607
0.473313
0.47399
0.474796
0.475371
0.476098
0.477005
0.477704
0.478544
0.479119
0.479832
0.48073
0.481688
0.482458
0.483299
0.484095
0.484875
0.485604
0.486405
0.487251
0.488136
0.489125
0.490046
0.491019
0.491817
0.4926
0.49337
0.494227
0.495188
0.496108
0.497061
0.498159
0.499059
0.500167
0.501013
0.501864
0.50288
0.503689
0.504497
0.505476
0.506327
0.507591
0.508622
0.510009
0.511011
0.511959
0.513007
0.514224
0.515299
0.516509
0.5178
0.518838
0.520139
0.521068
0.52229
0.523363
0.524421
0.525637
0.526759
0.527905
0.529328
0.530632
0.532039
0.533554
0.534675
0.535672
0.536875
0.538289
0.539552
0.540588
0.541986
0.543478
0.544786
0.546476
0.548091
0.549517
0.551135
0.552729
0.554226
0.55579
0.557477
0.558556
0.56019
0.561626
0.563121
0.564366
0.565701
0.567552
0.569032
0.57056
0.572047
0.573673
0.575295
0.576833
0.578468
0.579853
0.581266
0.58275
0.584347
0.58617
0.588184
0.589839
0.591904
0.593514
0.595059
0.596985
0.599132
0.601381
0.60291
0.604561
0.606108
0.608222
0.610452
0.612318
0.614836
0.617524
0.619911
0.622107
0.624461
0.626667
0.628825
0.631113
0.633227
0.635452
0.638247
0.640527
0.642755
0.645188
0.647685
0.650516
0.653638
0.655924
0.658634
0.661859
0.664541
0.667054
0.670916
0.674172
0.677069
0.680971
0.684253
0.687281
0.690103
0.693901
0.697777
0.700903
0.704348
0.709073
0.713934
0.717625
0.721918
0.726499
0.732186
0.736561
0.740162
0.746014
0.750524
0.755818
0.761473
0.767082
0.772555
0.77951
0.785539
0.793203
0.800812
0.807288
0.816659
0.827467
0.844125
0.861505
0.885637
0.905705
0.93614
0.986227
1.05593
1.15261
1.41915
