0.328
0.328
0.328
0.328
0.328
0.328
0.328
0.328
0.328
0.328
0.329
0.33
0.33
0.331
0.331
0.332
0.332
0.332
0.332
0.333
0.334
0.334
0.334
0.334
0.336
0.336
0.337
0.338
0.339
0.339
0.34
0.342
0.342
0.345
0.345
0.348
0.351
0.355
0.355
0.357
0.36
0.362
0.365
0.367
0.368
0.368
0.369
0.37
0.373
0.377
0.379
0.383
0.386
0.39
0.396
0.406
0.408
0.411
0.414
0.42
0.431
0.438
0.441
0.448
0.452
0.454
0.46
0.463
0.466
0.469
0.475
0.476
0.481
0.485
0.489
0.496
0.499
0.504
0.507
0.514
0.517
0.524
0.527
0.535
0.545
0.551
0.56
0.566
0.574
0.585
0.588
0.594
0.601
0.605
0.61
0.617
0.621
0.626
0.64
0.648
0.652
0.666
0.671
0.685
0.696
0.701
0.713
0.722
0.726
0.738
0.744
0.753
0.764
0.775
0.782
0.797
0.809
0.818
0.824
0.832
0.844
0.859
0.868
0.874
0.888
0.896
0.907
0.922
0.936
0.95
0.961
0.967
0.984
0.994
1.007
1.024
1.038
1.053
1.071
1.08
1.092
1.112
1.13
1.147
1.164
1.186
1.208
1.228
1.238
1.26
1.282
1.299
1.319
1.336
1.358
1.381
1.405
1.427
1.449
1.481
1.502
1.531
1.556
1.579
1.602
1.635
1.66
1.692
1.722
1.755
1.793
1.849
1.894
1.927
1.973
2.024
2.064
2.109
2.169
2.239
2.309
2.372
2.438
2.498
2.561
2.636
2.721
2.842
2.908
2.976
3.183
3.352
3.547
3.861
3.968
4.257
4.418
4.673
4.907
5.072
