0.153908
0.153908
0.155845
0.155845
0.175845
0.175845
0.197716
0.197716
0.20603
0.20603
0.216657
0.216657
0.235874
0.235874
0.237038
0.237038
0.237201
0.237201
0.268568
0.268568
0.281198
0.292782
0.292782
0.294004
0.294004
0.312593
0.320942
0.320942
0.327224
0.327224
0.329009
0.329009
0.335739
0.335739
0.341867
0.341867
0.343306
0.343306
0.369971
0.369971
0.373017
0.374663
0.374663
0.375383
0.377698
0.377698
0.380301
0.380301
0.380304
0.380304
0.382408
0.382408
0.3926
0.3926
0.39279
0.39279
0.394813
0.394813
0.402445
0.402445
0.405499
0.41184
0.412522
0.412522
0.416043
0.416043
0.418963
0.418963
0.422492
0.42676
0.429934
0.433203
0.433203
0.43335
0.43335
0.436526
0.437689
0.437689
0.441608
0.441608
0.448905
0.455364
0.455364
0.462651
0.463834
0.463834
0.465691
0.465691
0.466837
0.466837
0.468924
0.468924
0.477171
0.477171
0.486025
0.486025
0.486183
0.488586
0.488586
0.489144
0.493605
0.504698
0.504698
0.504712
0.504712
0.505277
0.505277
0.506244
0.506244
0.507424
0.507424
0.511766
0.519567
0.519567
0.525315
0.526611
0.527262
0.527262
0.539267
0.540551
0.540588
0.540588
0.542553
0.54336
0.555146
0.555815
0.56068
0.56068
0.562177
0.562177
0.56782
0.591361
0.616948
0.621902
0.626417
0.636206
0.636206
0.637761
0.637761
0.667617
0.667617
0.678701
0.679124
0.69352
0.69352
0.695337
0.695337
0.69766
0.700255
0.704959
0.7085
0.713762
0.717601
0.717601
0.726281
0.731194
0.740808
0.740808
0.742658
0.742658
0.743649
0.743649
0.748877
0.753996
0.780341
0.791025
0.81131
0.813324
0.813324
0.815971
0.817831
0.823268
0.823268
0.827657
0.832831
0.832892
0.839631
0.846587
0.848979
0.857022
0.864591
0.864591
0.866831
0.869453
0.870245
0.878503
0.879402
0.884367
0.885602
0.885602
0.895291
0.895752
0.911478
0.911478
0.911963
0.911963
0.914419
0.914419
0.920426
0.920426
0.921372
0.929795
0.949527
0.953779
0.956184
0.956184
0.956363
0.9729
0.973551
0.975545
0.993565
0.993565
1.00224
1.00507
1.01857
1.02019
1.02535
1.0534
1.07095
1.10713
1.11036
1.11175
1.11175
1.11881
1.11881
1.19535
1.19807
1.20117
1.22612
1.25713
1.30834
1.30834
1.31145
1.34722
1.34722
1.36568
1.39629
1.42925
1.43248
1.43248
1.46945
1.52188
1.61225
1.63942
1.64002
1.64877
1.71886
1.78731
1.84662
1.92566
