0.05
0.18
0.36
0.57
0.65
0.68
0.72
0.78
0.79
0.81
0.81
0.81
0.82
0.82
0.82
0.82
0.83
0.85
0.87
0.87
0.87
0.87
0.87
0.9
0.93
0.97
0.99
0.99
1
1
1.03
1.04
1.07
1.11
1.13
1.17
1.19
1.2
1.21
1.24
1.25
1.27
1.31
1.32
1.34
1.35
1.37
1.37
1.38
1.42
1.44
1.47
1.5
1.52
1.53
1.59
1.63
1.65
1.7
1.72
1.76
1.81
1.83
1.85
1.89
1.92
1.93
1.94
1.97
1.98
1.99
1.99
2.02
2.02
2.03
2.03
2.04
2.05
2.06
2.09
2.09
2.09
2.11
2.12
2.12
2.15
2.15
2.15
2.18
2.19
2.2
2.24
2.28
2.29
2.31
2.32
2.33
2.36
2.38
2.4
2.44
2.45
2.49
2.51
2.54
2.55
2.58
2.61
2.66
2.69
2.71
2.74
2.8
2.83
2.85
2.85
2.88
2.89
2.91
2.94
2.95
3
3.05
3.08
3.1
3.14
3.16
3.18
3.23
3.26
3.3
3.34
3.36
3.37
3.41
3.43
3.44
3.44
3.44
3.46
3.49
3.57
3.62
3.65
3.65
3.72
3.77
3.8
3.87
3.92
3.95
4
4.08
4.13
4.14
4.17
4.23
4.28
4.35
4.39
4.46
4.53
4.63
4.74
4.78
4.83
4.94
5.05
5.2
5.33
5.44
5.58
5.69
5.74
5.86
6.01
6.1
6.26
6.43
6.64
6.82
7.01
7.25
7.49
7.79
8.07
8.42
8.71
9.07
9.48
9.94
10.62
11.26
12.37
13.5
14.93
16.33
19.24
21.98
28.78
