0.184701
0.184701
0.192895
0.192895
0.199943
0.199943
0.241883
0.241883
0.260892
0.260892
0.282411
0.282411
0.303366
0.303366
0.310921
0.310921
0.31585
0.31585
0.316402
0.316402
0.319371
0.319371
0.321516
0.321516
0.322146
0.322146
0.341101
0.341101
0.363984
0.363984
0.375992
0.375992
0.395968
0.395968
0.401
0.401
0.403954
0.407782
0.407782
0.412805
0.412805
0.413415
0.413415
0.420425
0.422149
0.426987
0.426987
0.428445
0.428445
0.429215
0.429215
0.434322
0.434322
0.441435
0.471501
0.471501
0.471837
0.471837
0.486157
0.486157
0.498108
0.498108
0.510854
0.518324
0.523595
0.536395
0.536395
0.541958
0.558625
0.558625
0.559387
0.559387
0.570913
0.570913
0.579129
0.591753
0.591753
0.594485
0.596612
0.596612
0.603404
0.604392
0.604392
0.614233
0.617964
0.617964
0.620473
0.620473
0.648989
0.649951
0.649951
0.659795
0.659795
0.661451
0.661451
0.665287
0.681541
0.690257
0.692584
0.708449
0.710679
0.712047
0.72302
0.723423
0.729241
0.729241
0.730505
0.731863
0.734903
0.735783
0.735783
0.740989
0.740989
0.762495
0.799816
0.802847
0.80585
0.80585
0.806727
0.814143
0.821371
0.821371
0.835778
0.835778
0.838515
0.838515
0.839523
0.847034
0.847034
0.861034
0.861711
0.870243
0.881979
0.881979
0.888467
0.888467
0.893859
0.893859
0.896132
0.903543
0.929836
0.937568
0.942567
0.942567
0.962564
0.962564
0.963489
0.966871
0.966871
0.980504
0.982159
0.996343
0.997859
0.998753
1.00298
1.00298
1.00607
1.00704
1.00884
1.01198
1.02374
1.04706
1.04706
1.04714
1.06106
1.06106
1.07373
1.08163
1.08238
1.08568
1.08568
1.09724
1.10401
1.10536
1.11406
1.12344
1.16426
1.1797
1.1797
1.20249
1.22663
1.23492
1.23492
1.24711
1.25594
1.25594
1.27939
1.28953
1.28953
1.31242
1.31242
1.39657
1.42639
1.43884
1.50668
1.57858
1.59175
1.61944
1.67234
1.83993
