0.160156
0.160156
0.171207
0.171207
0.183916
0.183916
0.19927
0.19927
0.209941
0.209941
0.222741
0.222741
0.235948
0.235972
0.245985
0.246257
0.258685
0.259258
0.267806
0.269895
0.279385
0.281437
0.287803
0.290234
0.296249
0.300459
0.304787
0.308907
0.3133
0.317761
0.321097
0.324736
0.328233
0.33262
0.335746
0.339197
0.341425
0.34449
0.347678
0.350155
0.353559
0.356734
0.359866
0.362997
0.366172
0.369115
0.371685
0.375077
0.377814
0.380797
0.383651
0.386217
0.389044
0.39199
0.394912
0.397919
0.400313
0.403578
0.406587
0.40931
0.4121
0.414828
0.417787
0.421232
0.424107
0.427019
0.42895
0.43152
0.434232
0.436733
0.439103
0.441027
0.443653
0.446622
0.449211
0.451724
0.45376
0.456132
0.458205
0.460065
0.462339
0.464587
0.466881
0.468916
0.471869
0.474716
0.47761
0.480111
0.482496
0.485093
0.488076
0.490782
0.492872
0.49532
0.497947
0.5001
0.503181
0.505945
0.50968
0.512279
0.515335
0.517668
0.520096
0.522294
0.525181
0.528286
0.531574
0.534344
0.537273
0.539888
0.543337
0.546381
0.549661
0.552776
0.556435
0.559463
0.562655
0.565788
0.568579
0.572361
0.575205
0.579235
0.582272
0.585809
0.589002
0.592265
0.595788
0.599439
0.603567
0.607433
0.61159
0.615951
0.620093
0.62316
0.627359
0.630971
0.634827
0.638331
0.642011
0.646051
0.649127
0.652739
0.656358
0.661122
0.664718
0.668199
0.672237
0.676767
0.680044
0.683974
0.688386
0.691505
0.694844
0.69905
0.704004
0.708408
0.712659
0.717464
0.722177
0.727503
0.732234
0.737092
0.741411
0.746501
0.751001
0.756574
0.761209
0.765975
0.772429
0.778836
0.78643
0.791888
0.799562
0.805386
0.81159
0.817907
0.823736
0.829474
0.8349
0.841453
0.847555
0.852288
0.85761
0.861101
0.866524
0.871516
0.876781
0.882164
0.889249
0.896804
0.90389
0.91035
0.917101
0.922635
0.928374
0.934772
0.940599
0.947798
0.953868
0.959423
0.965901
0.972132
0.979062
0.985286
0.991999
0.999238
1.00506
1.01192
1.01776
1.02462
1.03251
1.03941
1.04728
1.0551
1.06349
1.07331
1.08215
1.09196
1.10251
1.11295
1.12449
1.13613
1.14915
1.16381
1.1759
1.18933
1.20391
1.21973
1.2425
1.26524
1.27617
1.28396
1.29803
1.31187
1.32619
1.34285
1.36272
1.37659
1.39047
1.40682
1.42843
1.44968
1.47938
1.52413
1.55422
1.57756
1.60231
1.66209
1.72462
1.80303
