0.12
0.35
0.45
0.5
0.61
0.65
0.69
0.7
0.72
0.74
0.75
0.75
0.76
0.76
0.77
0.78
0.8
0.82
0.88
0.91
0.97
1
1.03
1.1
1.16
1.17
1.2
1.2
1.24
1.26
1.26
1.27
1.3
1.31
1.34
1.35
1.37
1.39
1.39
1.39
1.4
1.41
1.43
1.47
1.49
1.5
1.51
1.52
1.54
1.56
1.59
1.61
1.63
1.68
1.71
1.76
1.78
1.8
1.84
1.88
1.91
1.93
1.96
1.97
1.99
1.99
2.02
2.02
2.02
2.02
2.02
2.04
2.07
2.08
2.09
2.1
2.11
2.14
2.14
2.17
2.18
2.2
2.23
2.25
2.26
2.3
2.35
2.39
2.4
2.45
2.5
2.56
2.61
2.65
2.66
2.67
2.72
2.76
2.77
2.79
2.8
2.8
2.81
2.81
2.83
2.84
2.86
2.87
2.89
2.93
2.96
2.99
3
3.03
3.06
3.08
3.1
3.13
3.16
3.19
3.21
3.25
3.28
3.3
3.34
3.39
3.4
3.4
3.41
3.41
3.41
3.44
3.45
3.49
3.51
3.55
3.58
3.6
3.65
3.68
3.7
3.75
3.76
3.79
3.81
3.86
3.88
3.89
3.91
3.92
3.94
3.96
3.97
4.01
4.02
4.06
4.12
4.2
4.26
4.32
4.38
4.43
4.46
4.53
4.59
4.61
4.63
4.66
4.7
4.72
4.78
4.81
4.81
4.84
4.87
4.9
4.98
5.02
5.09
5.16
5.21
5.24
5.27
5.31
5.38
5.39
5.43
5.47
5.54
5.56
5.6
5.63
5.65
5.71
5.83
5.89
5.96
6.04
6.1
6.17
6.22
6.25
6.29
6.36
6.47
6.57
6.65
6.76
6.85
6.98
7.02
7.08
7.15
7.23
7.32
7.43
7.5
7.58
7.69
7.81
7.91
8
8.09
8.21
8.31
8.5
8.64
8.83
9.04
9.19
9.38
9.63
9.8
10
10.24
10.52
10.85
11.16
11.59
11.96
12.33
12.95
13.87
15.47
16.75
18.3
21.33
23.48
26.54
31.48
