0.08
0.23
0.38
0.47
0.63
0.67
0.67
0.69
0.7
0.75
0.77
0.79
0.79
0.79
0.79
0.79
0.8
0.8
0.82
0.84
0.84
0.86
0.86
0.87
0.87
0.89
0.89
0.93
0.94
0.96
1.0
1.04
1.06
1.1
1.16
1.17
1.24
1.3
1.32
1.39
1.44
1.48
1.51
1.53
1.54
1.57
1.59
1.64
1.65
1.65
1.66
1.66
1.66
1.66
1.66
1.66
1.66
1.67
1.67
1.67
1.68
1.68
1.69
1.7
1.71
1.71
1.73
1.75
1.77
1.8
1.81
1.82
1.84
1.86
1.86
1.87
1.89
1.92
1.93
1.95
1.95
1.98
2.02
2.02
2.05
2.09
2.09
2.12
2.16
2.17
2.19
2.2
2.22
2.23
2.24
2.25
2.26
2.31
2.32
2.34
2.37
2.44
2.46
2.46
2.49
2.5
2.54
2.54
2.58
2.63
2.65
2.69
2.71
2.72
2.73
2.75
2.75
2.76
2.76
2.76
2.78
2.78
2.8
2.81
2.83
2.84
2.85
2.87
2.88
2.88
2.91
2.91
2.92
2.93
2.93
2.93
2.96
2.96
2.96
2.99
2.99
2.99
3.01
3.03
3.06
3.09
3.11
3.17
3.18
3.2
3.23
3.26
3.31
3.34
3.38
3.44
3.47
3.54
3.55
3.59
3.62
3.62
3.66
3.66
3.68
3.71
3.71
3.74
3.76
3.77
3.79
3.79
3.8
3.81
3.81
3.82
3.85
3.88
3.89
3.89
3.9
3.91
3.93
3.96
3.98
3.98
4.0
4.04
4.04
4.04
4.05
4.05
4.07
4.09
4.11
4.16
4.18
4.2
4.22
4.25
4.29
4.34
4.35
4.41
4.45
4.49
4.53
4.55
4.59
4.63
4.65
4.69
4.74
4.77
4.8
4.83
4.84
4.86
4.89
4.91
4.92
4.93
4.94
4.95
5.0
5.01
5.03
5.08
5.11
5.12
5.19
5.21
5.24
5.26
5.31
5.35
5.41
5.43
5.45
5.5
5.53
5.55
5.59
5.64
5.67
5.68
5.72
5.75
5.77
5.79
5.81
5.84
5.88
5.89
5.93
5.99
6.01
6.12
6.17
6.19
6.26
6.3
6.37
6.4
6.46
6.53
6.53
6.54
6.6
6.63
6.66
6.72
6.78
6.87
6.9
6.96
7.02
7.09
7.14
7.19
7.26
7.26
7.31
7.4
7.45
7.5
7.55
7.63
7.69
7.75
7.87
7.94
8.0
8.04
8.11
8.19
8.24
8.32
8.38
8.46
8.54
8.62
8.73
8.79
8.86
8.95
9.07
9.14
9.22
9.34
9.44
9.52
9.62
9.8
9.92
10.02
10.13
10.15
10.33
10.46
10.67
10.79
10.91
11.09
11.31
11.48
11.64
11.92
12.17
12.49
12.71
13.0
13.38
13.84
14.22
14.74
15.25
15.85
16.44
17.07
17.65
18.36
19.04
19.85
21.1
22.0
23.01
30.28
35.8
