0.152387
0.152387
0.155565
0.155565
0.156079
0.156079
0.181603
0.181603
0.196527
0.196527
0.201777
0.201777
0.210806
0.210806
0.211888
0.211888
0.217254
0.217254
0.222243
0.222243
0.222414
0.222414
0.226047
0.226047
0.240933
0.240933
0.241146
0.241146
0.246721
0.246721
0.247674
0.247674
0.248745
0.248745
0.250296
0.250296
0.255956
0.255956
0.258303
0.258303
0.26105
0.264035
0.264035
0.26682
0.26682
0.2706
0.2706
0.272731
0.272731
0.274535
0.274535
0.279941
0.279941
0.280221
0.280221
0.281435
0.281435
0.285715
0.285715
0.287225
0.287225
0.293568
0.294163
0.300257
0.301598
0.301598
0.304215
0.304215
0.312908
0.312908
0.32088
0.32088
0.327051
0.327051
0.332206
0.332206
0.333562
0.333562
0.335673
0.335673
0.339618
0.345156
0.345156
0.351336
0.351336
0.351666
0.35912
0.35912
0.360736
0.361776
0.362273
0.362444
0.362444
0.362456
0.362456
0.367849
0.367849
0.368285
0.371312
0.378967
0.378967
0.384878
0.384878
0.385073
0.385073
0.386576
0.389391
0.389391
0.39632
0.39632
0.398055
0.398055
0.399702
0.399907
0.402941
0.406576
0.408354
0.408354
0.409859
0.409859
0.410035
0.410035
0.410425
0.41466
0.41466
0.414761
0.419674
0.421088
0.421088
0.421091
0.421091
0.4213
0.4213
0.42162
0.42162
0.4271
0.427433
0.427433
0.427686
0.427686
0.431178
0.431178
0.431489
0.431683
0.431683
0.437955
0.437955
0.438647
0.447298
0.447298
0.448115
0.45084
0.45084
0.454703
0.457444
0.457444
0.461407
0.463226
0.470984
0.470984
0.472292
0.472458
0.474447
0.474447
0.474498
0.474498
0.479449
0.486657
0.488023
0.488023
0.498294
0.498294
0.50503
0.50503
0.506682
0.506682
0.507657
0.507657
0.509971
0.509971
0.51252
0.516609
0.516609
0.51851
0.51851
0.519042
0.519042
0.519893
0.519893
0.524492
0.524492
0.535013
0.539863
0.541184
0.544195
0.544195
0.54673
0.549234
0.550443
0.550443
0.554343
0.554343
0.555991
0.55928
0.55928
0.559334
0.561431
0.562749
0.564092
0.564092
0.565411
0.57321
0.57321
0.580313
0.580313
0.596392
0.603839
0.606058
0.609791
0.609791
0.618153
0.618153
0.622629
0.627378
0.633821
0.633821
0.640855
0.644374
0.648598
0.654753
0.654753
0.655481
0.655739
0.65942
0.65942
0.659449
0.659449
0.672227
0.672227
0.672238
0.674269
0.677612
0.677612
0.680205
0.680205
0.684183
0.684183
0.690368
0.69134
0.693688
0.704226
0.710909
0.710909
0.711436
0.722005
0.722005
0.732024
0.732024
0.739989
0.739989
0.742913
0.742913
0.754433
0.754433
0.767675
0.768771
0.768999
0.768999
0.77497
0.77497
0.787512
0.794031
0.794031
0.797507
0.804484
0.804724
0.804751
0.80554
0.806532
0.806532
0.811334
0.812608
0.8132
0.821181
0.829539
0.832316
0.841454
0.842541
0.842541
0.845121
0.850095
0.871759
0.875078
0.875769
0.88106
0.885225
0.885225
0.891267
0.891385
0.891748
0.899045
0.916526
0.921804
0.928942
0.93141
0.932428
0.932428
0.936165
0.944107
0.944107
0.946433
0.946433
0.948027
0.954139
0.961883
0.962333
0.979363
0.983954
1.00775
1.01128
1.01374
1.01374
1.03598
1.03598
1.0371
1.06258
1.06682
1.07603
1.07672
1.08204
1.09903
1.10428
1.12056
1.12643
1.13181
1.14318
1.16652
1.20452
1.21395
1.25158
1.25414
1.26267
1.28033
1.30445
1.34582
1.43065
1.58347
1.60826
1.61603
1.6384
