0.152705
0.152705
0.155216
0.155216
0.157947
0.157975
0.161116
0.161164
0.165178
0.165714
0.169521
0.170372
0.174617
0.176028
0.178692
0.180777
0.183001
0.185135
0.188091
0.190395
0.192991
0.195156
0.197084
0.199766
0.201517
0.204584
0.206243
0.208777
0.210646
0.213195
0.215249
0.217464
0.219313
0.22187
0.224292
0.226322
0.228362
0.230403
0.232431
0.234185
0.236359
0.237631
0.240157
0.241738
0.244039
0.245185
0.247276
0.248383
0.250102
0.251582
0.253152
0.254784
0.256284
0.257894
0.259937
0.26121
0.263176
0.264813
0.266542
0.267956
0.270195
0.271559
0.272922
0.274536
0.276407
0.277652
0.27919
0.280751
0.282004
0.283612
0.285524
0.286956
0.288547
0.289885
0.290882
0.292355
0.293556
0.294801
0.295975
0.297285
0.298362
0.299679
0.300727
0.302006
0.30294
0.304369
0.305287
0.306316
0.307268
0.308419
0.309346
0.310546
0.311433
0.312844
0.313743
0.315204
0.316202
0.317123
0.318277
0.319493
0.320746
0.321732
0.323002
0.323891
0.32484
0.3259
0.327262
0.328167
0.329351
0.330446
0.331482
0.332573
0.333894
0.334839
0.335882
0.337072
0.338193
0.339371
0.340583
0.341719
0.342898
0.34409
0.345246
0.346351
0.347539
0.348727
0.350111
0.351048
0.352002
0.353104
0.35439
0.355463
0.356536
0.357691
0.359266
0.36051
0.361644
0.36272
0.363932
0.364921
0.366228
0.36733
0.368607
0.369698
0.370814
0.371885
0.373094
0.374236
0.375403
0.376807
0.377951
0.379108
0.380251
0.381677
0.382854
0.384069
0.385218
0.38639
0.387336
0.388698
0.389627
0.390906
0.39212
0.393155
0.394332
0.395349
0.396615
0.397702
0.399256
0.400316
0.402074
0.403135
0.404455
0.405552
0.406675
0.407944
0.409033
0.410002
0.410893
0.41207
0.413375
0.414501
0.415466
0.416201
0.417703
0.418706
0.419815
0.420849
0.422336
0.42334
0.424205
0.425512
0.426708
0.427865
0.429231
0.430462
0.431758
0.433074
0.43452
0.435719
0.436982
0.438102
0.439427
0.440531
0.441587
0.442882
0.44391
0.445753
0.446821
0.448175
0.449403
0.450576
0.45175
0.453126
0.454354
0.455728
0.456971
0.458063
0.459323
0.460395
0.462113
0.463924
0.465543
0.466623
0.468308
0.469824
0.471265
0.472998
0.474227
0.475733
0.477178
0.478496
0.479989
0.481436
0.483193
0.4847
0.486301
0.487656
0.489242
0.490606
0.492428
0.493768
0.495441
0.497372
0.499036
0.500519
0.502073
0.50398
0.505665
0.50767
0.509231
0.510797
0.513008
0.51445
0.516349
0.517973
0.519808
0.521214
0.523368
0.525022
0.526766
0.528339
0.530094
0.531652
0.533554
0.535652
0.537908
0.539972
0.542291
0.544864
0.547372
0.549173
0.551478
0.553495
0.556013
0.558066
0.56039
0.562992
0.565762
0.568381
0.571068
0.573355
0.57651
0.579084
0.581794
0.584391
0.586734
0.589376
0.591857
0.594573
0.597566
0.599756
0.602026
0.604803
0.607988
0.610295
0.61287
0.615916
0.619156
0.622265
0.625717
0.628713
0.631563
0.634617
0.637653
0.641201
0.644151
0.647716
0.651514
0.65633
0.660423
0.664272
0.667606
0.67103
0.67568
0.679775
0.684083
0.687812
0.692339
0.696024
0.699892
0.703545
0.707161
0.711164
0.714572
0.717744
0.721868
0.726154
0.7293
0.733214
0.736849
0.741593
0.745011
0.749075
0.753769
0.758104
0.762359
0.766162
0.770351
0.775358
0.780147
0.785226
0.789535
0.794716
0.799211
0.803605
0.80866
0.814253
0.819879
0.826171
0.831247
0.836979
0.841307
0.84576
0.851315
0.856689
0.863144
0.869201
0.875032
0.882425
0.889124
0.896217
0.901411
0.909259
0.916465
0.923771
0.930365
0.937306
0.945574
0.953699
0.963043
0.973031
0.986359
0.997642
1.00744
1.02053
1.03732
1.05359
1.06488
1.07758
1.09128
1.10961
1.12816
1.1466
1.16372
1.19059
1.21374
1.23517
1.27111
1.29745
1.31779
1.34279
1.36596
1.38604
1.41516
1.46691
1.51874
1.59191
1.7071
1.83836
