0.150225
0.150225
0.152581
0.152581
0.152657
0.152657
0.152761
0.152761
0.153208
0.153208
0.154375
0.154375
0.156266
0.156266
0.156622
0.156622
0.161692
0.161692
0.16554
0.16554
0.167083
0.167083
0.170774
0.170774
0.178057
0.178057
0.18135
0.18135
0.192146
0.192146
0.208253
0.208253
0.208365
0.208365
0.21053
0.21053
0.211062
0.211062
0.216531
0.216531
0.217029
0.217029
0.218295
0.221331
0.221331
0.221569
0.221569
0.223875
0.223875
0.229283
0.229283
0.235105
0.235105
0.23727
0.23727
0.243274
0.243274
0.245993
0.245993
0.246657
0.246657
0.250383
0.250383
0.250968
0.250968
0.253135
0.253135
0.253233
0.253707
0.254201
0.254201
0.256239
0.256239
0.259094
0.261211
0.261211
0.261942
0.265053
0.265053
0.269081
0.269081
0.270407
0.272392
0.272392
0.273944
0.273944
0.27607
0.27607
0.281546
0.281546
0.281878
0.281878
0.283358
0.284791
0.284791
0.285241
0.285241
0.285638
0.285638
0.286147
0.286147
0.287961
0.289624
0.29143
0.29143
0.291495
0.291495
0.292018
0.292018
0.292718
0.292718
0.294016
0.294016
0.296101
0.301928
0.302948
0.302948
0.304482
0.307438
0.3076
0.308003
0.309516
0.309516
0.309746
0.309746
0.309758
0.310797
0.315469
0.31625
0.31625
0.319708
0.321286
0.321286
0.322671
0.32306
0.32306
0.323708
0.325236
0.325236
0.326542
0.326542
0.328993
0.328993
0.331257
0.331257
0.332193
0.332193
0.333105
0.333105
0.334048
0.334048
0.337386
0.337386
0.337942
0.338494
0.339177
0.339177
0.340931
0.343283
0.343283
0.347967
0.348385
0.353608
0.353608
0.356401
0.356401
0.357826
0.363841
0.363841
0.36462
0.36462
0.367163
0.371429
0.371429
0.372542
0.372542
0.375501
0.377461
0.378106
0.378106
0.378516
0.381575
0.381575
0.383198
0.38429
0.38476
0.389785
0.390589
0.391307
0.391307
0.391533
0.391533
0.397801
0.398432
0.398563
0.398563
0.400441
0.400441
0.406548
0.406548
0.409774
0.409774
0.411082
0.414245
0.414805
0.414805
0.415955
0.415955
0.418707
0.421087
0.421087
0.421475
0.421475
0.429787
0.429787
0.429834
0.433206
0.433206
0.433658
0.435089
0.435089
0.435372
0.438019
0.438817
0.438817
0.439702
0.439893
0.439893
0.44072
0.44072
0.442936
0.4435
0.4435
0.443668
0.44517
0.446649
0.448798
0.454063
0.454063
0.457974
0.457974
0.457995
0.461631
0.462417
0.462417
0.46342
0.46342
0.464045
0.465124
0.467526
0.468999
0.469278
0.473092
0.475188
0.478359
0.482142
0.482142
0.48371
0.48371
0.483823
0.486315
0.486315
0.488425
0.488425
0.489286
0.491877
0.491877
0.493459
0.493518
0.493633
0.495186
0.495186
0.49525
0.49525
0.495285
0.495356
0.497155
0.497155
0.497714
0.498765
0.500812
0.50563
0.50676
0.50676
0.509781
0.511157
0.512904
0.514089
0.51812
0.51812
0.518659
0.518659
0.523119
0.523584
0.523584
0.52664
0.530577
0.530577
0.530808
0.530808
0.534907
0.53506
0.53506
0.537746
0.538299
0.538424
0.538424
0.539582
0.541087
0.545106
0.545106
0.545471
0.54567
0.546775
0.546775
0.551466
0.552575
0.556988
0.556988
0.557011
0.557011
0.559269
0.560394
0.560564
0.566567
0.566877
0.569462
0.569462
0.571182
0.572595
0.579169
0.579476
0.579476
0.580674
0.583731
0.583731
0.588156
0.589961
0.589961
0.597937
0.601091
0.604015
0.604015
0.605163
0.609129
0.611998
0.613725
0.6148
0.6148
0.614801
0.615437
0.623434
0.624758
0.625335
0.626989
0.626989
0.627283
0.627283
0.627328
0.630461
0.630675
0.630904
0.630904
0.631937
0.631937
0.642604
0.647901
0.657166
0.657166
0.660299
0.669778
0.670369
0.672393
0.675654
0.676468
0.677749
0.677749
0.681619
0.684646
0.684786
0.687636
0.693344
0.693352
0.693352
0.693386
0.694344
0.700756
0.700756
0.701536
0.702391
0.702391
0.711564
0.71189
0.719132
0.720631
0.726145
0.726339
0.730098
0.750719
0.760857
0.761359
0.76767
0.771893
0.782099
0.7824
0.78262
0.822792
0.840232
0.842049
0.842049
0.842895
0.844136
0.865038
0.865627
0.871778
0.887096
0.892498
0.892498
0.906435
0.914822
0.925335
0.964101
0.992045
0.996423
1.00885
1.00893
1.02055
1.02359
1.02588
1.03226
1.03844
1.06194
1.07439
1.07439
1.09413
1.1233
1.14101
1.15203
1.19039
1.26029
1.26651
1.33227
1.38048
1.38612
1.43967
1.45899
1.49843
1.6436
1.75142
1.82279
