0.01
0.01
0.13
0.24
0.41
0.57
0.68
0.75
0.79
0.84
0.85
0.89
0.95
0.98
0.98
0.98
0.98
0.98
0.98
0.98
0.98
0.98
0.98
0.98
0.98
0.98
0.98
0.98
0.98
0.98
1
1
1
1.02
1.02
1.04
1.05
1.09
1.12
1.14
1.19
1.25
1.32
1.37
1.41
1.47
1.52
1.55
1.58
1.64
1.72
1.76
1.84
1.85
1.88
1.9
1.93
1.93
1.95
1.95
1.95
1.96
1.96
1.96
1.96
1.96
1.96
1.96
1.96
1.96
1.96
1.96
1.97
1.98
1.98
1.98
1.99
2
2
2
2
2
2.03
2.04
2.07
2.09
2.11
2.12
2.16
2.18
2.19
2.23
2.25
2.26
2.28
2.33
2.37
2.4
2.45
2.47
2.47
2.52
2.55
2.59
2.64
2.71
2.75
2.78
2.78
2.8
2.81
2.81
2.83
2.86
2.87
2.88
2.88
2.88
2.89
2.9
2.9
2.9
2.9
2.91
2.91
2.92
2.94
2.94
2.95
2.95
2.96
2.98
3
3.02
3.04
3.06
3.11
3.15
3.18
3.23
3.26
3.28
3.31
3.35
3.37
3.45
3.48
3.52
3.57
3.63
3.66
3.69
3.7
3.73
3.73
3.74
3.74
3.75
3.75
3.75
3.75
3.76
3.77
3.78
3.78
3.79
3.79
3.8
3.87
3.89
3.9
3.95
3.99
4.03
4.06
4.06
4.07
4.09
4.11
4.15
4.19
4.21
4.23
4.28
4.3
4.4
4.42
4.46
4.49
4.51
4.52
4.55
4.55
4.59
4.59
4.61
4.64
4.66
4.66
4.66
4.68
4.72
4.76
4.78
4.81
4.82
4.84
4.86
4.9
4.93
4.95
5.01
5.04
5.05
5.09
5.11
5.13
5.15
5.22
5.27
5.28
5.32
5.33
5.38
5.41
5.41
5.44
5.44
5.44
5.46
5.46
5.48
5.51
5.53
5.55
5.57
5.61
5.65
5.68
5.7
5.74
5.81
5.82
5.87
5.91
5.95
6
6.03
6.07
6.09
6.13
6.14
6.17
6.2
6.21
6.22
6.24
6.29
6.34
6.35
6.37
6.38
6.41
6.44
6.46
6.46
6.46
6.49
6.53
6.57
6.61
6.68
6.7
6.78
6.81
6.81
6.87
6.88
6.93
6.94
6.97
7.01
7.03
7.05
7.05
7.07
7.08
7.08
7.09
7.13
7.21
7.23
7.26
7.3
7.36
7.39
7.44
7.47
7.52
7.55
7.61
7.63
7.65
7.68
7.7
7.72
7.77
7.79
7.8
7.83
7.84
7.9
7.93
7.97
8.03
8.04
8.09
8.12
8.15
8.19
8.21
8.23
8.26
8.26
8.3
8.32
8.34
8.39
8.43
8.46
8.51
8.55
8.58
8.61
8.67
8.7
8.71
8.73
8.74
8.82
8.87
8.9
8.93
8.95
9
9.06
9.07
9.11
9.13
9.19
9.25
9.26
9.33
9.39
9.42
9.48
9.51
9.57
9.6
9.65
9.68
9.7
9.73
9.78
9.82
9.86
9.89
9.95
9.97
10.01
10.05
10.08
10.14
10.16
10.19
10.22
10.26
10.31
10.35
10.42
10.45
10.5
10.54
10.58
10.62
10.64
10.73
10.77
10.85
10.89
10.95
10.97
11.02
11.04
11.12
11.18
11.26
11.31
11.33
11.4
11.45
11.45
11.48
11.55
11.61
11.66
11.71
11.8
11.86
11.94
11.97
12.01
12.07
12.12
12.15
12.2
12.24
12.26
12.33
12.41
12.46
12.58
12.67
12.76
12.84
12.9
12.94
12.95
13.01
13.07
13.15
13.21
13.25
13.33
13.42
13.51
13.55
13.62
13.72
13.79
13.87
13.95
14.05
14.09
14.14
14.21
14.3
14.38
14.48
14.59
14.67
14.74
14.79
14.86
14.95
15.04
15.19
15.31
15.41
15.54
15.64
15.77
15.92
16.07
16.18
16.28
16.36
16.49
16.64
16.8
16.94
17.07
17.17
17.34
17.58
17.71
17.85
18.05
18.24
18.39
18.52
18.7
18.91
19.09
19.34
19.62
19.93
20.23
20.46
20.71
21.06
21.37
21.76
22.13
22.67
23.29
24.01
25.04
26.73
29.22
