0.150029
0.150029
0.152406
0.152406
0.152649
0.152649
0.153152
0.153152
0.154808
0.154808
0.156986
0.156986
0.15769
0.15769
0.158925
0.158925
0.161213
0.161213
0.163064
0.163064
0.165623
0.165623
0.170015
0.170015
0.170146
0.170146
0.171437
0.176984
0.176984
0.178557
0.178557
0.178608
0.178608
0.179402
0.179402
0.182929
0.182929
0.18376
0.18376
0.184273
0.184273
0.185575
0.185575
0.187559
0.187559
0.187567
0.187567
0.189802
0.189802
0.193007
0.193007
0.193377
0.193377
0.194283
0.194283
0.195331
0.195331
0.19557
0.19557
0.197185
0.201467
0.204674
0.204674
0.208715
0.208715
0.208979
0.208979
0.209071
0.211485
0.211485
0.213092
0.213092
0.213567
0.213567
0.214308
0.214308
0.214737
0.218216
0.220885
0.220885
0.221039
0.221039
0.222662
0.223848
0.223848
0.226065
0.226065
0.22629
0.22629
0.226295
0.226295
0.226474
0.226474
0.227275
0.227275
0.227796
0.227796
0.229214
0.229214
0.229494
0.229494
0.229568
0.230902
0.230902
0.230918
0.230918
0.232858
0.232858
0.232861
0.232861
0.233982
0.233982
0.234105
0.234105
0.234879
0.234979
0.234979
0.236253
0.236253
0.236939
0.236939
0.237387
0.237387
0.23846
0.238735
0.238735
0.241445
0.241445
0.242561
0.242561
0.244132
0.244132
0.244653
0.244653
0.24523
0.24523
0.245902
0.245902
0.247585
0.247585
0.248069
0.248173
0.250812
0.251656
0.251656
0.25248
0.25248
0.252736
0.252736
0.253759
0.253759
0.25389
0.256955
0.256955
0.25765
0.25765
0.25884
0.25884
0.26134
0.26134
0.265516
0.265516
0.265673
0.265673
0.266417
0.266417
0.270157
0.271714
0.272328
0.272328
0.274613
0.274613
0.276141
0.276683
0.276683
0.277045
0.277113
0.277113
0.277556
0.277556
0.278444
0.278444
0.28147
0.28147
0.282692
0.282692
0.283332
0.285671
0.285671
0.286009
0.287461
0.287461
0.287771
0.289152
0.289152
0.290071
0.290071
0.290454
0.290454
0.291256
0.291256
0.291535
0.291535
0.294689
0.294689
0.294987
0.296502
0.297856
0.297856
0.299406
0.299406
0.299655
0.299655
0.301403
0.301403
0.301497
0.301569
0.301569
0.303696
0.303799
0.303834
0.303929
0.304164
0.304164
0.304637
0.305914
0.305914
0.306486
0.306617
0.306617
0.307987
0.308271
0.308271
0.309127
0.309127
0.309625
0.309625
0.310486
0.310486
0.3113
0.3113
0.311429
0.311429
0.312168
0.312168
0.312787
0.312787
0.312881
0.312881
0.315375
0.318367
0.318367
0.318409
0.318409
0.31872
0.31872
0.320026
0.321137
0.321137
0.321413
0.321421
0.322017
0.322017
0.32496
0.32496
0.325138
0.32647
0.32647
0.32681
0.32681
0.328007
0.328262
0.328262
0.329227
0.329227
0.329648
0.329648
0.330667
0.330667
0.33139
0.33139
0.33142
0.331768
0.331768
0.332149
0.333472
0.333526
0.334111
0.334111
0.334719
0.334719
0.33515
0.33515
0.335431
0.33709
0.338363
0.338363
0.338762
0.338762
0.339038
0.339038
0.339098
0.339187
0.339921
0.339921
0.340875
0.340875
0.341015
0.341015
0.341157
0.343972
0.343972
0.344911
0.344939
0.345922
0.346686
0.346686
0.348747
0.348747
0.349627
0.349627
0.349682
0.349682
0.350534
0.351451
0.352405
0.352405
0.354356
0.354437
0.355028
0.355436
0.355436
0.355698
0.355698
0.355873
0.356003
0.357895
0.358159
0.358315
0.358621
0.35918
0.360551
0.360551
0.3613
0.366493
0.366493
0.367741
0.368987
0.368987
0.36936
0.370253
0.370253
0.370408
0.371106
0.371414
0.371414
0.371896
0.372252
0.372494
0.372924
0.372924
0.373419
0.373469
0.37352
0.37352
0.373993
0.373993
0.375871
0.375912
0.375912
0.377846
0.378209
0.378214
0.378214
0.379484
0.379484
0.380585
0.380585
0.380684
0.380684
0.383062
0.383062
0.385189
0.385689
0.385689
0.386522
0.387501
0.387761
0.387944
0.387944
0.388803
0.389165
0.389165
0.38917
0.389696
0.389696
0.389981
0.389981
0.390137
0.390339
0.391662
0.391662
0.39179
0.392463
0.392463
0.395052
0.395565
0.395565
0.396013
0.396044
0.396044
0.396372
0.396372
0.39715
0.397251
0.398686
0.401187
0.401187
0.402088
0.402117
0.402117
0.403163
0.403163
0.403582
0.403954
0.405098
0.405148
0.405148
0.406916
0.406916
0.406944
0.407645
0.407727
0.408658
0.408909
0.408909
0.409823
0.411812
0.411978
0.414019
0.414019
0.415844
0.41603
0.41603
0.416883
0.416883
0.416891
0.416891
0.417491
0.418326
0.418326
0.41872
0.419299
0.419299
0.419621
0.420032
0.421308
0.422404
0.42243
0.42243
0.422898
0.423118
0.423118
0.42347
0.42347
0.424003
0.42408
0.42436
0.42436
0.424574
0.424574
0.427566
0.428335
0.428354
0.428748
0.42893
0.42893
0.429107
0.429931
0.430105
0.430105
0.430729
0.431048
0.431048
0.431767
0.431767
0.434515
0.434515
0.434515
0.436031
0.437011
0.437668
0.43861
0.439181
0.439181
0.43996
0.441952
0.442152
0.442152
0.44326
0.444133
0.444133
0.444797
0.444797
0.445569
0.44596
0.446145
0.447524
0.447524
0.44757
0.448506
0.448555
0.449089
0.450335
0.450335
0.451316
0.451505
0.452547
0.452547
0.456518
0.456555
0.456555
0.457604
0.457604
0.459803
0.459803
0.461443
0.4615
0.4615
0.46316
0.465066
0.466286
0.46629
0.46629
0.469479
0.469479
0.469662
0.469917
0.469917
0.470283
0.470735
0.471952
0.471952
0.472278
0.472997
0.472997
0.475742
0.476325
0.476325
0.477451
0.477934
0.478289
0.478712
0.478728
0.478802
0.480276
0.480276
0.480363
0.480538
0.482525
0.482553
0.483634
0.484018
0.484388
0.484418
0.484551
0.484803
0.484803
0.484968
0.488671
0.489402
0.491907
0.49355
0.494424
0.494424
0.494458
0.496666
0.497012
0.497012
0.499492
0.500591
0.500591
0.501713
0.503194
0.504256
0.504256
0.50535
0.50535
0.506617
0.50816
0.508627
0.509087
0.509098
0.5092
0.5092
0.509517
0.509517
0.514836
0.515453
0.516321
0.51681
0.518177
0.521805
0.522756
0.522756
0.525345
0.525983
0.526105
0.526801
0.531588
0.531813
0.533395
0.533853
0.534373
0.53519
0.536062
0.53661
0.538684
0.543636
0.54714
0.548965
0.549994
0.549994
0.550958
0.550958
0.551175
0.554514
0.556206
0.556405
0.557408
0.564762
0.565723
0.565723
0.565758
0.566234
0.566435
0.568586
0.568586
0.568625
0.569662
0.57251
0.573246
0.573246
0.57346
0.574034
0.577662
0.577771
0.577802
0.577802
0.577968
0.584368
0.585769
0.585786
0.585786
0.589609
0.589609
0.589963
0.591761
0.591761
0.596889
0.597681
0.600763
0.603264
0.605028
0.605193
0.605468
0.605572
0.606488
0.613171
0.614785
0.615979
0.61613
0.617255
0.620534
0.623375
0.623375
0.624426
0.626075
0.627859
0.631054
0.633966
0.633966
0.636403
0.638986
0.644443
0.648335
0.648443
0.651023
0.651023
0.652072
0.657534
0.661717
0.667731
0.674258
0.675253
0.678375
0.679747
0.680381
0.680446
0.682157
0.684515
0.685096
0.70539
0.705755
0.705755
0.707069
0.710572
0.710572
0.714389
0.714389
0.719872
0.724179
0.724179
0.724354
0.726382
0.728022
0.736812
0.741188
0.742987
0.745156
0.753178
0.76203
0.771711
0.78108
0.784292
0.788437
0.791627
0.792607
0.799075
0.802067
0.805639
0.850204
0.860852
0.865094
0.868529
0.887827
0.887827
0.901493
0.924947
0.929222
0.934841
0.951884
0.965972
0.966718
0.978714
1.03431
1.04197
1.04929
1.12813
1.19269
