0.150528
0.150528
0.150658
0.150658
0.15117
0.15117
0.151296
0.151296
0.151392
0.151392
0.151633
0.151633
0.151894
0.151894
0.151903
0.151903
0.152035
0.152035
0.152042
0.152042
0.152255
0.152255
0.152323
0.152323
0.152405
0.152405
0.152819
0.152819
0.153011
0.153011
0.15317
0.15317
0.153236
0.153236
0.15371
0.15371
0.153792
0.153792
0.154055
0.154055
0.154792
0.154792
0.15486
0.15486
0.155377
0.155377
0.155469
0.155469
0.155537
0.155537
0.155607
0.155607
0.156893
0.156893
0.156935
0.156935
0.157693
0.157693
0.157842
0.157842
0.158121
0.158121
0.158139
0.158139
0.15854
0.15854
0.15994
0.15994
0.159952
0.159952
0.160338
0.160338
0.161162
0.161162
0.161426
0.161426
0.161832
0.162425
0.162425
0.162494
0.162494
0.162606
0.162606
0.162765
0.163461
0.163461
0.164005
0.164005
0.164844
0.164844
0.166579
0.166579
0.167347
0.167347
0.168874
0.168874
0.16918
0.16918
0.169427
0.169427
0.16969
0.16969
0.170151
0.170151
0.171086
0.171086
0.171311
0.171311
0.171491
0.171962
0.171962
0.172203
0.172203
0.173067
0.173067
0.173429
0.173872
0.173872
0.173873
0.173873
0.17398
0.17398
0.174029
0.174029
0.175344
0.175344
0.17555
0.17555
0.177309
0.177309
0.177487
0.177487
0.17816
0.178566
0.178566
0.179011
0.179011
0.179477
0.179477
0.179721
0.179721
0.18086
0.18086
0.181694
0.181694
0.182921
0.182921
0.183127
0.183127
0.183154
0.183154
0.18381
0.18381
0.184285
0.184285
0.184396
0.184396
0.184844
0.184844
0.185211
0.185211
0.185564
0.185564
0.185953
0.185953
0.186057
0.186817
0.187696
0.187696
0.18849
0.18849
0.19137
0.19137
0.191997
0.192487
0.192487
0.192632
0.192717
0.192717
0.194193
0.194193
0.195022
0.195163
0.195163
0.195386
0.195386
0.197041
0.197041
0.197051
0.197051
0.19925
0.19925
0.199343
0.199343
0.200679
0.200679
0.200971
0.200971
0.201127
0.201127
0.201733
0.201733
0.202996
0.202996
0.203576
0.203576
0.203659
0.203659
0.204531
0.204531
0.205463
0.205463
0.206283
0.207265
0.207265
0.207685
0.207685
0.207772
0.207811
0.207811
0.208473
0.208473
0.208716
0.208716
0.209332
0.209332
0.210006
0.210006
0.210836
0.210836
0.210933
0.210933
0.211378
0.211378
0.212304
0.212738
0.212738
0.213365
0.213365
0.213857
0.213857
0.214216
0.214216
0.214321
0.215244
0.215244
0.215724
0.215789
0.215789
0.216135
0.216926
0.218106
0.218106
0.218966
0.218966
0.219307
0.219307
0.220321
0.22041
0.22041
0.220622
0.220622
0.222053
0.222567
0.222567
0.223099
0.223099
0.22333
0.22333
0.223334
0.223587
0.223587
0.22494
0.22494
0.225154
0.225154
0.225594
0.225594
0.225674
0.225674
0.225781
0.225781
0.225929
0.226684
0.226684
0.22781
0.228285
0.228351
0.228351
0.228676
0.228878
0.228878
0.230406
0.230406
0.233447
0.233447
0.233517
0.233517
0.233901
0.233901
0.235027
0.235027
0.236775
0.236775
0.236845
0.236845
0.239886
0.240259
0.240259
0.240504
0.240963
0.241148
0.241148
0.242387
0.242868
0.242868
0.242874
0.242938
0.242938
0.243545
0.24376
0.24376
0.246841
0.246841
0.247864
0.248128
0.248128
0.248267
0.248759
0.248759
0.248792
0.249342
0.249342
0.250342
0.250465
0.250465
0.250644
0.250644
0.252463
0.253045
0.253045
0.254256
0.254256
0.254317
0.254897
0.254897
0.254932
0.255062
0.256508
0.256508
0.25684
0.25684
0.258506
0.258836
0.2596
0.2596
0.261512
0.261512
0.262484
0.264323
0.264323
0.264359
0.264714
0.264714
0.264911
0.264911
0.265398
0.265398
0.26678
0.266856
0.266856
0.267061
0.267356
0.267356
0.267847
0.267847
0.267883
0.267883
0.268491
0.268491
0.269303
0.269303
0.270199
0.270199
0.270265
0.270265
0.27055
0.27055
0.271166
0.272006
0.272006
0.272201
0.272201
0.272413
0.272413
0.272747
0.273733
0.275001
0.275081
0.275081
0.27669
0.27669
0.27675
0.278074
0.2785
0.279862
0.279862
0.279928
0.280039
0.280288
0.280288
0.280575
0.280575
0.280715
0.281003
0.281249
0.281249
0.281511
0.282198
0.282825
0.283861
0.284267
0.284505
0.284505
0.284997
0.284997
0.285338
0.285338
0.286156
0.286591
0.286591
0.286864
0.287446
0.288061
0.288289
0.288289
0.288698
0.288995
0.289575
0.289868
0.28995
0.28995
0.290216
0.290467
0.291059
0.291059
0.291643
0.292686
0.292902
0.292902
0.292948
0.292948
0.29588
0.29603
0.29603
0.296593
0.296593
0.296635
0.296635
0.2971
0.2971
0.297419
0.297478
0.297478
0.298259
0.298624
0.298985
0.298985
0.300082
0.301154
0.301353
0.301353
0.301665
0.302359
0.302996
0.302996
0.304259
0.305268
0.305268
0.3053
0.305818
0.305818
0.306049
0.307504
0.307504
0.307509
0.307509
0.307641
0.308535
0.308763
0.308763
0.3095
0.310583
0.313193
0.315144
0.315488
0.315488
0.31597
0.31597
0.316345
0.316402
0.316936
0.316936
0.31748
0.31748
0.318561
0.318561
0.319083
0.319083
0.319537
0.319848
0.320255
0.320255
0.320281
0.320281
0.320735
0.320735
0.321432
0.322995
0.32315
0.323576
0.323854
0.324332
0.324332
0.324972
0.325775
0.325775
0.325968
0.326325
0.328132
0.328249
0.328249
0.329835
0.329975
0.330282
0.330757
0.331064
0.331856
0.332591
0.335239
0.335239
0.335306
0.335306
0.335315
0.335855
0.335965
0.335965
0.336963
0.337194
0.337263
0.337506
0.337553
0.33762
0.33767
0.338795
0.339359
0.339359
0.339971
0.340969
0.340969
0.341039
0.341525
0.341702
0.342521
0.342703
0.343639
0.343639
0.344269
0.344269
0.344523
0.344675
0.344906
0.345183
0.345491
0.345533
0.345533
0.34658
0.346605
0.346605
0.347665
0.347977
0.348394
0.348394
0.348893
0.349696
0.351037
0.35136
0.35136
0.351955
0.353566
0.353566
0.353849
0.353849
0.354392
0.354392
0.354786
0.355251
0.356553
0.35756
0.358793
0.358793
0.358967
0.35951
0.359949
0.360698
0.360698
0.362442
0.362485
0.362589
0.362937
0.362937
0.364272
0.364356
0.364663
0.364663
0.365736
0.366099
0.366099
0.366426
0.366426
0.366477
0.370722
0.371272
0.373236
0.373528
0.373528
0.378395
0.378395
0.379512
0.379512
0.379989
0.379989
0.381613
0.381613
0.381715
0.381912
0.381912
0.382942
0.382942
0.383156
0.383156
0.385659
0.385659
0.385684
0.386252
0.386468
0.387072
0.387122
0.387122
0.38765
0.38765
0.388581
0.388625
0.388625
0.388729
0.389371
0.390836
0.391162
0.391162
0.391637
0.39191
0.392089
0.392089
0.392143
0.392259
0.39226
0.392264
0.392264
0.393279
0.394092
0.394092
0.394287
0.394447
0.395212
0.395212
0.395306
0.395525
0.395863
0.395863
0.396512
0.396512
0.397278
0.397654
0.397654
0.401771
0.402906
0.402906
0.403325
0.405393
0.406024
0.407364
0.407364
0.408379
0.408379
0.408477
0.408477
0.409343
0.411976
0.411976
0.412359
0.413111
0.41359
0.415286
0.415286
0.416477
0.416493
0.417533
0.41888
0.41888
0.420276
0.42347
0.42347
0.42562
0.427449
0.427449
0.42746
0.428616
0.428616
0.429985
0.430299
0.430981
0.431381
0.432944
0.433281
0.434318
0.434318
0.435408
0.435785
0.435785
0.436819
0.436819
0.437049
0.437049
0.437062
0.437517
0.437752
0.440949
0.441605
0.441605
0.441988
0.442906
0.442906
0.443453
0.443453
0.443885
0.444227
0.444227
0.444369
0.444548
0.444548
0.445775
0.445906
0.445906
0.44672
0.44672
0.447531
0.448135
0.448135
0.448566
0.44889
0.449358
0.449644
0.450916
0.450995
0.451861
0.453302
0.453756
0.454285
0.454285
0.454598
0.455022
0.455022
0.455139
0.455388
0.455388
0.457773
0.457773
0.457984
0.458789
0.458789
0.459204
0.459334
0.459692
0.459692
0.461082
0.461378
0.461397
0.465215
0.467916
0.46818
0.46818
0.468784
0.468851
0.47032
0.47039
0.47039
0.471305
0.471305
0.472861
0.47455
0.47455
0.474824
0.475236
0.475692
0.475692
0.475847
0.478068
0.479198
0.479638
0.482346
0.483376
0.485546
0.485548
0.486229
0.487087
0.487283
0.4875
0.49018
0.49018
0.490769
0.490769
0.491351
0.491643
0.492262
0.49295
0.49295
0.494837
0.495728
0.49576
0.49576
0.497822
0.499226
0.499226
0.500137
0.501414
0.502663
0.50287
0.502882
0.503421
0.503603
0.503733
0.504307
0.504448
0.505324
0.505324
0.508374
0.508587
0.508587
0.509047
0.509273
0.511339
0.511339
0.513004
0.516322
0.516349
0.517587
0.517737
0.518086
0.518934
0.519448
0.519604
0.519874
0.520036
0.52116
0.522027
0.522272
0.52448
0.526199
0.526546
0.526546
0.527503
0.528266
0.52977
0.53242
0.532523
0.532835
0.533943
0.537035
0.540591
0.540591
0.540964
0.542234
0.542234
0.544513
0.544729
0.544729
0.546019
0.548254
0.548994
0.553994
0.555521
0.556133
0.557042
0.56194
0.564916
0.564916
0.56542
0.565857
0.565857
0.566321
0.567873
0.568342
0.569944
0.569944
0.570272
0.570272
0.572886
0.572886
0.576498
0.578285
0.581991
0.582508
0.582508
0.58489
0.58489
0.585458
0.586991
0.587409
0.588873
0.591436
0.59392
0.598436
0.598531
0.598531
0.598693
0.598972
0.599204
0.599372
0.599372
0.601033
0.604032
0.604467
0.606654
0.608378
0.608378
0.610626
0.610626
0.611449
0.611769
0.612188
0.614428
0.618114
0.620243
0.623091
0.626047
0.627535
0.628298
0.633126
0.642832
0.645544
0.646285
0.64795
0.655562
0.656215
0.662463
0.666016
0.667378
0.669638
0.684622
0.689786
0.697308
0.69899
0.699706
0.704841
0.707103
0.715548
0.724388
0.727836
0.728764
0.72977
0.731129
0.731129
0.744053
0.747503
0.752084
0.769654
0.775958
0.782681
0.783602
0.789019
0.79311
0.807474
0.808962
0.818022
0.821849
0.821849
0.823655
0.848263
0.944396
0.979804
0.982404
0.983038
0.986471
0.98775
1.00237
1.01984
1.09566
1.0975
1.11248
1.27456
