0.328
0.328
0.328
0.328
0.328
0.328
0.328
0.328
0.328
0.328
0.328
0.33
0.33
0.332
0.333
0.337
0.342
0.346
0.353
0.355
0.359
0.365
0.371
0.375
0.378
0.385
0.397
0.406
0.412
0.415
0.421
0.427
0.436
0.445
0.463
0.475
0.486
0.499
0.51
0.522
0.534
0.54
0.55
0.562
0.577
0.587
0.597
0.603
0.611
0.621
0.631
0.638
0.65
0.661
0.677
0.685
0.693
0.702
0.711
0.719
0.734
0.743
0.752
0.767
0.779
0.789
0.8
0.816
0.828
0.843
0.854
0.866
0.881
0.891
0.902
0.914
0.945
0.961
0.971
0.991
1.006
1.028
1.042
1.06
1.079
1.095
1.111
1.133
1.15
1.165
1.186
1.207
1.223
1.241
1.263
1.281
1.294
1.318
1.33
1.346
1.37
1.388
1.401
1.41
1.433
1.449
1.467
1.484
1.504
1.53
1.554
1.583
1.611
1.634
1.66
1.687
1.721
1.761
1.79
1.829
1.862
1.9
1.949
1.993
2.026
2.086
2.148
2.186
2.237
2.287
2.343
2.401
2.462
2.535
2.63
2.787
2.951
3.038
3.135
3.293
3.383
3.501
3.676
3.968
4.118
4.335
4.587
4.811
4.938
5.136
