0.328
0.328
0.328
0.33
0.33
0.332
0.334
0.334
0.337
0.337
0.338
0.34
0.342
0.343
0.345
0.347
0.348
0.35
0.353
0.355
0.357
0.36
0.364
0.366
0.368
0.378
0.381
0.384
0.386
0.393
0.398
0.407
0.409
0.414
0.42
0.428
0.433
0.438
0.441
0.448
0.451
0.452
0.456
0.461
0.463
0.469
0.473
0.476
0.48
0.485
0.489
0.492
0.494
0.496
0.5
0.5
0.508
0.51
0.514
0.52
0.528
0.528
0.53
0.537
0.548
0.557
0.562
0.562
0.568
0.574
0.577
0.579
0.583
0.583
0.587
0.589
0.593
0.599
0.6
0.604
0.611
0.614
0.621
0.627
0.632
0.635
0.638
0.642
0.647
0.649
0.655
0.66
0.669
0.67
0.67
0.674
0.681
0.688
0.691
0.696
0.703
0.705
0.709
0.712
0.715
0.72
0.723
0.734
0.736
0.739
0.743
0.745
0.751
0.756
0.757
0.764
0.768
0.772
0.777
0.777
0.782
0.785
0.787
0.789
0.793
0.796
0.802
0.805
0.807
0.811
0.817
0.822
0.827
0.831
0.841
0.847
0.852
0.856
0.861
0.863
0.866
0.87
0.872
0.874
0.875
0.876
0.879
0.881
0.883
0.885
0.887
0.889
0.893
0.897
0.898
0.898
0.903
0.907
0.912
0.916
0.921
0.923
0.929
0.932
0.935
0.939
0.943
0.945
0.949
0.952
0.957
0.96
0.96
0.964
0.967
0.971
0.972
0.974
0.976
0.977
0.98
0.982
0.985
0.992
0.993
0.996
0.997
0.999
1
1.003
1.01
1.016
1.019
1.025
1.029
1.031
1.034
1.037
1.039
1.041
1.045
1.05
1.05
1.052
1.054
1.055
1.057
1.06
1.062
1.064
1.067
1.07
1.074
1.076
1.079
1.08
1.083
1.086
1.09
1.09
1.092
1.092
1.096
1.097
1.104
1.113
1.117
1.121
1.123
1.124
1.128
1.131
1.135
1.137
1.139
1.141
1.141
1.143
1.144
1.146
1.147
1.147
1.149
1.149
1.154
1.157
1.159
1.16
1.166
1.17
1.173
1.175
1.181
1.184
1.188
1.191
1.198
1.2
1.205
1.208
1.208
1.211
1.211
1.212
1.213
1.216
1.216
1.217
1.218
1.224
1.225
1.227
1.228
1.229
1.231
1.234
1.236
1.238
1.241
1.244
1.25
1.254
1.255
1.258
1.26
1.262
1.264
1.269
1.275
1.277
1.278
1.282
1.285
1.287
1.289
1.29
1.29
1.291
1.295
1.295
1.298
1.299
1.301
1.301
1.302
1.304
1.304
1.306
1.307
1.309
1.312
1.314
1.316
1.321
1.325
1.325
1.327
1.334
1.338
1.341
1.343
1.345
1.348
1.351
1.352
1.353
1.36
1.363
1.366
1.368
1.369
1.373
1.374
1.376
1.377
1.378
1.378
1.38
1.381
1.381
1.384
1.386
1.389
1.393
1.395
1.397
1.398
1.398
1.4
1.404
1.408
1.409
1.412
1.413
1.414
1.416
1.419
1.421
1.424
1.426
1.428
1.428
1.431
1.434
1.438
1.439
1.44
1.444
1.447
1.45
1.45
1.453
1.455
1.457
1.46
1.465
1.466
1.466
1.47
1.471
1.471
1.473
1.476
1.476
1.479
1.483
1.484
1.486
1.486
1.488
1.488
1.491
1.493
1.494
1.495
1.495
1.496
1.497
1.501
1.501
1.502
1.504
1.506
1.509
1.511
1.513
1.515
1.522
1.525
1.527
1.53
1.532
1.54
1.54
1.545
1.55
1.553
1.554
1.557
1.558
1.558
1.559
1.561
1.564
1.566
1.567
1.568
1.568
1.568
1.568
1.568
1.57
1.571
1.571
1.575
1.576
1.577
1.579
1.579
1.582
1.586
1.588
1.588
1.589
1.59
1.591
1.597
1.604
1.608
1.611
1.614
1.615
1.618
1.62
1.622
1.625
1.626
1.631
1.633
1.635
1.637
1.639
1.641
1.641
1.644
1.646
1.647
1.648
1.65
1.651
1.651
1.652
1.652
1.654
1.655
1.655
1.656
1.657
1.66
1.663
1.666
1.671
1.672
1.672
1.675
1.68
1.681
1.686
1.688
1.691
1.693
1.695
1.699
1.701
1.702
1.703
1.705
1.705
1.708
1.71
1.71
1.712
1.714
1.716
1.719
1.722
1.722
1.724
1.725
1.726
1.728
1.731
1.733
1.733
1.736
1.737
1.737
1.739
1.741
1.743
1.743
1.747
1.751
1.754
1.755
1.757
1.763
1.764
1.768
1.769
1.77
1.772
1.774
1.776
1.777
1.777
1.778
1.78
1.781
1.783
1.784
1.789
1.791
1.791
1.792
1.794
1.796
1.797
1.799
1.799
1.801
1.802
1.804
1.804
1.809
1.811
1.814
1.815
1.817
1.819
1.819
1.821
1.822
1.824
1.828
1.83
1.833
1.835
1.837
1.843
1.845
1.847
1.847
1.847
1.851
1.852
1.854
1.858
1.86
1.862
1.866
1.868
1.87
1.872
1.874
1.875
1.877
1.877
1.879
1.881
1.884
1.887
1.889
1.89
1.891
1.895
1.895
1.896
1.896
1.898
1.899
1.9
1.901
1.903
1.904
1.907
1.907
1.912
1.913
1.919
1.923
1.925
1.929
1.932
1.934
1.937
1.94
1.945
1.945
1.947
1.948
1.95
1.953
1.953
1.954
1.956
1.956
1.959
1.961
1.963
1.963
1.964
1.964
1.964
1.964
1.967
1.972
1.975
1.976
1.979
1.983
1.985
1.987
1.989
1.99
1.994
1.998
2.001
2.002
2.004
2.01
2.014
2.019
2.021
2.023
2.026
2.027
2.027
2.03
2.031
2.032
2.032
2.034
2.034
2.035
2.035
2.037
2.038
2.042
2.044
2.044
2.045
2.046
2.051
2.052
2.054
2.056
2.058
2.06
2.061
2.064
2.068
2.07
2.074
2.077
2.08
2.082
2.085
2.085
2.087
2.089
2.091
2.093
2.096
2.098
2.1
2.105
2.106
2.106
2.107
2.111
2.111
2.114
2.116
2.12
2.122
2.122
2.123
2.127
2.129
2.129
2.13
2.133
2.136
2.137
2.139
2.141
2.145
2.147
2.149
2.15
2.152
2.155
2.158
2.161
2.163
2.165
2.167
2.169
2.171
2.174
2.174
2.175
2.178
2.183
2.186
2.189
2.191
2.194
2.194
2.196
2.196
2.199
2.2
2.201
2.204
2.207
2.207
2.21
2.212
2.215
2.217
2.219
2.223
2.226
2.232
2.235
2.236
2.239
2.242
2.243
2.245
2.246
2.248
2.249
2.251
2.254
2.256
2.258
2.26
2.26
2.263
2.265
2.266
2.269
2.27
2.272
2.276
2.278
2.282
2.285
2.286
2.288
2.289
2.295
2.299
2.302
2.305
2.309
2.31
2.312
2.314
2.317
2.319
2.323
2.324
2.326
2.327
2.329
2.331
2.332
2.335
2.339
2.342
2.343
2.347
2.349
2.352
2.354
2.358
2.36
2.363
2.364
2.369
2.372
2.375
2.378
2.38
2.383
2.388
2.393
2.397
2.4
2.401
2.406
2.41
2.414
2.416
2.419
2.42
2.423
2.425
2.427
2.427
2.428
2.428
2.429
2.434
2.441
2.447
2.45
2.452
2.456
2.46
2.462
2.463
2.466
2.468
2.471
2.477
2.479
2.481
2.486
2.492
2.494
2.497
2.505
2.506
2.507
2.509
2.512
2.519
2.526
2.529
2.531
2.535
2.539
2.541
2.543
2.545
2.548
2.551
2.557
2.559
2.561
2.564
2.568
2.57
2.573
2.576
2.581
2.582
2.585
2.589
2.594
2.599
2.605
2.611
2.614
2.621
2.624
2.627
2.63
2.632
2.636
2.639
2.643
2.647
2.651
2.652
2.654
2.657
2.66
2.663
2.668
2.674
2.678
2.683
2.687
2.694
2.699
2.704
2.71
2.716
2.716
2.72
2.722
2.728
2.731
2.734
2.738
2.744
2.749
2.755
2.758
2.76
2.763
2.768
2.777
2.785
2.792
2.798
2.8
2.806
2.813
2.818
2.822
2.827
2.832
2.84
2.842
2.847
2.856
2.861
2.868
2.878
2.884
2.891
2.898
2.905
2.909
2.913
2.922
2.927
2.929
2.937
2.944
2.953
2.962
2.97
2.978
2.983
2.992
3.005
3.013
3.019
3.026
3.032
3.039
3.053
3.067
3.073
3.081
3.089
3.095
3.101
3.113
3.126
3.133
3.143
3.151
3.163
3.179
3.191
3.203
3.213
3.226
3.241
3.254
3.271
3.288
3.308
3.329
3.354
3.387
3.424
3.478
3.534
3.595
3.697
