0.152391
0.152391
0.156538
0.15669
0.160858
0.160994
0.16527
0.165633
0.170103
0.17068
0.174869
0.175533
0.180524
0.181505
0.184962
0.186312
0.190132
0.191976
0.195134
0.198276
0.200982
0.203078
0.2058
0.208282
0.21039
0.213234
0.215426
0.218408
0.220287
0.222473
0.224415
0.227989
0.23014
0.232484
0.234679
0.23755
0.239353
0.242128
0.244367
0.246778
0.248369
0.250852
0.252959
0.255541
0.257735
0.260082
0.261785
0.26403
0.266283
0.268182
0.270387
0.272253
0.275092
0.277432
0.279972
0.282035
0.28435
0.287093
0.289134
0.291634
0.293672
0.29618
0.29824
0.301178
0.303306
0.306064
0.307999
0.310634
0.313034
0.31484
0.317541
0.318729
0.321137
0.323159
0.325381
0.327324
0.329117
0.331013
0.332933
0.335264
0.336778
0.33876
0.340519
0.343021
0.344468
0.346712
0.348836
0.350677
0.352355
0.35407
0.355969
0.358045
0.359826
0.361913
0.363415
0.365568
0.367571
0.369461
0.371166
0.372879
0.374386
0.375668
0.377906
0.37927
0.381548
0.383112
0.384624
0.386246
0.387853
0.388904
0.391105
0.392849
0.394616
0.396186
0.397913
0.399521
0.401129
0.402369
0.40399
0.405316
0.406805
0.408111
0.409504
0.410886
0.411902
0.413315
0.415003
0.41631
0.417682
0.419089
0.420313
0.422075
0.42345
0.425067
0.426986
0.428342
0.42933
0.430778
0.432153
0.433746
0.435542
0.437415
0.438975
0.440939
0.442572
0.443862
0.444998
0.446607
0.448201
0.449641
0.450752
0.452439
0.454075
0.45564
0.457163
0.458956
0.460412
0.461843
0.463382
0.46479
0.466676
0.468147
0.469465
0.471191
0.472511
0.47467
0.476049
0.477918
0.480145
0.48216
0.483567
0.485253
0.487407
0.488561
0.49031
0.491844
0.494382
0.496161
0.497994
0.499435
0.501378
0.502871
0.504721
0.506587
0.50827
0.509948
0.511636
0.513371
0.51566
0.517454
0.519917
0.521744
0.523495
0.525421
0.527179
0.529134
0.531403
0.533432
0.534966
0.537164
0.539184
0.541453
0.543631
0.546427
0.548365
0.55061
0.552721
0.554798
0.557385
0.559534
0.561989
0.564194
0.567025
0.569409
0.572161
0.574476
0.57708
0.579797
0.582511
0.585209
0.587442
0.590212
0.592921
0.595321
0.598032
0.601276
0.603268
0.605587
0.608864
0.612148
0.614799
0.6181
0.621089
0.624313
0.626945
0.629833
0.633014
0.635935
0.638706
0.641086
0.64356
0.64654
0.649407
0.652109
0.654815
0.657279
0.660939
0.663658
0.66673
0.669879
0.672677
0.675924
0.678293
0.681598
0.684856
0.688731
0.692297
0.695194
0.698009
0.700908
0.704121
0.707508
0.710141
0.713318
0.716531
0.720137
0.723311
0.726215
0.729297
0.732284
0.736449
0.739297
0.743001
0.746999
0.749906
0.754373
0.758194
0.762046
0.765597
0.76851
0.772943
0.778699
0.782742
0.786041
0.789571
0.793752
0.797998
0.802409
0.806662
0.811227
0.816556
0.821669
0.826797
0.830993
0.835414
0.840131
0.845544
0.850211
0.854683
0.859108
0.864244
0.868758
0.873891
0.8785
0.884016
0.889079
0.894309
0.8987
0.90407
0.91086
0.917058
0.923614
0.929389
0.936799
0.944099
0.951957
0.958679
0.967475
0.975715
0.985783
0.995452
1.00695
1.01654
1.02692
1.03611
1.04783
1.05865
1.07258
1.08588
1.10064
1.11703
1.1326
1.15447
1.17484
1.19014
1.20616
1.22457
1.24361
1.26542
1.28583
1.30775
1.32947
1.35851
1.40608
1.44649
1.48771
1.53581
1.59046
1.64705
1.75747
