0
0.07
0.14
0.2
0.35
0.41
0.48
0.55
0.6
0.66
0.71
0.74
0.75
0.78
0.79
0.8
0.81
0.81
0.81
0.81
0.84
0.89
0.92
0.97
0.97
0.98
0.98
0.98
0.98
0.98
0.98
0.98
0.98
0.98
0.98
0.98
0.98
0.98
0.98
0.98
0.98
0.98
0.98
1
1.02
1.04
1.05
1.09
1.11
1.17
1.2
1.25
1.29
1.32
1.33
1.34
1.36
1.43
1.48
1.51
1.54
1.56
1.58
1.61
1.61
1.64
1.65
1.67
1.69
1.69
1.7
1.7
1.7
1.7
1.72
1.72
1.72
1.72
1.72
1.72
1.74
1.74
1.76
1.76
1.77
1.78
1.8
1.8
1.82
1.82
1.84
1.86
1.88
1.89
1.9
1.9
1.91
1.93
1.94
1.94
1.94
1.94
1.95
1.96
1.98
2
2
2.03
2.03
2.04
2.05
2.11
2.15
2.2
2.23
2.31
2.34
2.38
2.42
2.44
2.44
2.46
2.48
2.54
2.56
2.56
2.58
2.59
2.61
2.62
2.62
2.63
2.65
2.65
2.65
2.65
2.66
2.67
2.68
2.68
2.69
2.69
2.69
2.69
2.7
2.7
2.7
2.7
2.72
2.72
2.73
2.73
2.74
2.77
2.82
2.87
2.91
2.97
3.02
3.09
3.16
3.2
3.24
3.3
3.31
3.33
3.38
3.4
3.41
3.41
3.46
3.46
3.49
3.5
3.52
3.55
3.56
3.56
3.56
3.57
3.57
3.58
3.61
3.64
3.67
3.7
3.73
3.76
3.81
3.81
3.81
3.83
3.85
3.86
3.9
3.93
3.97
3.98
4.01
4.02
4.02
4.03
4.08
4.12
4.13
4.16
4.23
4.28
4.32
4.35
4.4
4.43
4.46
4.5
4.54
4.57
4.61
4.67
4.69
4.74
4.74
4.74
4.79
4.84
4.87
4.89
4.92
4.94
4.94
4.95
4.98
4.99
5.02
5.07
5.12
5.19
5.25
5.3
5.33
5.37
5.42
5.45
5.49
5.57
5.6
5.65
5.67
5.73
5.75
5.77
5.81
5.84
5.89
5.94
5.99
6.09
6.16
6.19
6.22
6.26
6.32
6.34
6.38
6.43
6.49
6.52
6.57
6.62
6.62
6.66
6.7
6.76
6.85
6.89
6.95
7.01
7.08
7.17
7.2
7.22
7.26
7.33
7.39
7.43
7.47
7.53
7.55
7.62
7.65
7.81
7.91
8.01
8.11
8.19
8.25
8.27
8.28
8.37
8.46
8.5
8.57
8.66
8.73
8.79
8.92
8.98
9.06
9.18
9.23
9.3
9.38
9.48
9.58
9.72
9.81
9.92
10
10.04
10.19
10.27
10.32
10.45
10.62
10.78
10.92
11.06
11.14
11.22
11.4
11.54
11.65
11.89
12.05
12.27
12.48
12.73
13.09
13.37
13.78
14.17
14.47
14.9
15.4
16.2
17.45
18.61
19.89
22.61
24.88
29.61
