0.153321
0.153321
0.15483
0.15483
0.175035
0.175035
0.175477
0.175477
0.192132
0.192132
0.200402
0.200402
0.235749
0.235749
0.253484
0.253484
0.259062
0.259062
0.296732
0.296732
0.302345
0.302345
0.315269
0.315269
0.321146
0.321146
0.323101
0.323101
0.326063
0.326063
0.344388
0.344388
0.353125
0.353125
0.356538
0.356538
0.358042
0.358042
0.360608
0.360608
0.36118
0.364116
0.364116
0.364346
0.364346
0.36583
0.36583
0.368075
0.368075
0.371251
0.371251
0.372256
0.372256
0.376788
0.376788
0.379214
0.379726
0.379726
0.384776
0.384776
0.387646
0.387646
0.390737
0.390737
0.394423
0.394423
0.394839
0.397242
0.397242
0.397359
0.397359
0.40222
0.40222
0.403411
0.403411
0.405039
0.405039
0.409488
0.409488
0.413241
0.413241
0.415338
0.426497
0.428726
0.428726
0.430717
0.430717
0.432317
0.432317
0.434293
0.434293
0.435873
0.435873
0.43621
0.43621
0.436524
0.436524
0.438771
0.439384
0.444359
0.445956
0.445956
0.446211
0.447783
0.447783
0.447981
0.447981
0.448702
0.448702
0.450643
0.450643
0.450843
0.450843
0.455671
0.456576
0.456576
0.460602
0.461072
0.463916
0.463916
0.464047
0.464047
0.476301
0.478212
0.478212
0.487222
0.487222
0.493288
0.493288
0.496758
0.497963
0.497963
0.510673
0.513521
0.518789
0.518789
0.522575
0.524633
0.52686
0.528996
0.537354
0.537354
0.539565
0.542689
0.546353
0.557949
0.557949
0.564578
0.564578
0.56796
0.56796
0.568965
0.568965
0.570748
0.57238
0.57238
0.576645
0.578575
0.583607
0.583607
0.588264
0.588264
0.59767
0.598059
0.60423
0.606457
0.614397
0.616017
0.618958
0.618958
0.622884
0.623037
0.623047
0.623047
0.628409
0.62913
0.634772
0.634772
0.644372
0.645381
0.645864
0.648852
0.648852
0.652181
0.652181
0.653558
0.657904
0.658195
0.658195
0.65896
0.660677
0.660677
0.662158
0.663995
0.665057
0.665057
0.667854
0.669963
0.673975
0.680808
0.681518
0.681518
0.683142
0.688755
0.692283
0.692283
0.693389
0.695433
0.695433
0.696121
0.697931
0.703983
0.704456
0.705903
0.705903
0.713278
0.713818
0.727577
0.727577
0.729374
0.741108
0.741108
0.741374
0.75002
0.75275
0.76017
0.76276
0.779896
0.782822
0.795496
0.801272
0.814672
0.82155
0.827804
0.831257
0.831257
0.834754
0.834754
0.837976
0.846499
0.847467
0.849808
0.851983
0.867394
0.87555
0.882757
0.882757
0.888414
0.891819
0.903992
0.903992
0.911301
0.911312
0.926385
0.930307
0.941803
0.968411
0.97202
0.979078
0.980616
0.983139
0.983139
0.989965
0.991492
1.01252
1.02184
1.02294
1.02294
1.02652
1.03105
1.03187
1.03187
1.04687
1.06226
1.06572
1.07878
1.10255
1.1079
1.13397
1.13929
1.17296
1.17616
1.23021
1.24138
1.24138
1.25961
1.28305
1.29732
1.31912
1.36108
1.36108
1.36893
1.384
1.384
1.3935
1.39358
1.55387
1.59182
1.63158
1.81389
