0.152567
0.152567
0.156107
0.156107
0.159186
0.159208
0.162685
0.162744
0.166785
0.167084
0.170383
0.170842
0.174144
0.174439
0.178029
0.178948
0.182185
0.182762
0.186502
0.187204
0.19142
0.192306
0.195481
0.196921
0.199976
0.20165
0.204582
0.205949
0.208302
0.209664
0.21171
0.213527
0.216018
0.21725
0.219894
0.221329
0.223545
0.224814
0.227044
0.228451
0.230792
0.232526
0.234985
0.236838
0.238319
0.240277
0.241344
0.243282
0.244826
0.246428
0.247699
0.249533
0.250721
0.252553
0.25412
0.255629
0.257192
0.258817
0.2602
0.261683
0.263882
0.265427
0.26761
0.269461
0.271404
0.273219
0.274775
0.276446
0.278079
0.279507
0.281257
0.282958
0.284239
0.286287
0.287758
0.289375
0.291008
0.29209
0.293887
0.295424
0.297043
0.298734
0.300148
0.301747
0.303263
0.304843
0.306744
0.308182
0.309826
0.311505
0.313063
0.314431
0.315927
0.31749
0.31913
0.320419
0.321573
0.322922
0.324438
0.325987
0.327257
0.328595
0.329488
0.331396
0.332391
0.333825
0.33497
0.336179
0.337234
0.338763
0.339724
0.341127
0.342229
0.343724
0.345087
0.346545
0.34758
0.349133
0.350073
0.351426
0.353077
0.354394
0.355713
0.356905
0.358346
0.359824
0.361007
0.362784
0.363755
0.365164
0.366284
0.367487
0.368624
0.370299
0.371603
0.37297
0.37413
0.375534
0.376641
0.377953
0.379107
0.38093
0.382344
0.383602
0.384728
0.386026
0.387328
0.388535
0.389939
0.391
0.392135
0.393452
0.394486
0.395869
0.397282
0.398535
0.400159
0.401461
0.402887
0.404137
0.405324
0.406776
0.407924
0.409118
0.41051
0.411667
0.413254
0.414336
0.415824
0.417001
0.418209
0.419536
0.420561
0.42204
0.423144
0.424402
0.425775
0.426751
0.428228
0.429438
0.43095
0.432489
0.433876
0.435412
0.436751
0.438108
0.439113
0.440588
0.442048
0.443484
0.44502
0.446478
0.448084
0.449774
0.451239
0.452779
0.454519
0.456355
0.458097
0.459743
0.46101
0.462251
0.46375
0.465081
0.466751
0.467891
0.469331
0.470841
0.472658
0.474405
0.475939
0.477233
0.478646
0.480397
0.481867
0.483501
0.484758
0.486381
0.487791
0.489188
0.490661
0.492095
0.493834
0.495312
0.49695
0.498472
0.499939
0.501674
0.502902
0.504732
0.506409
0.508442
0.509886
0.511317
0.512595
0.514267
0.516177
0.51776
0.519562
0.521136
0.522944
0.524618
0.526314
0.527841
0.529675
0.531299
0.533316
0.535214
0.536787
0.538396
0.540157
0.541779
0.543678
0.546432
0.548439
0.550431
0.553215
0.555117
0.557476
0.559632
0.561315
0.563777
0.566013
0.568283
0.570531
0.572739
0.575893
0.578423
0.580959
0.583104
0.58512
0.587763
0.590064
0.592352
0.594786
0.596571
0.599108
0.601332
0.603685
0.606138
0.608646
0.611154
0.61314
0.615597
0.617926
0.620431
0.622759
0.625169
0.627869
0.63054
0.633529
0.636122
0.638573
0.641668
0.643803
0.646448
0.648548
0.651134
0.65287
0.655349
0.657418
0.659341
0.661926
0.664355
0.666504
0.668945
0.671057
0.673193
0.67582
0.678732
0.681185
0.683734
0.686527
0.689462
0.692224
0.695011
0.69759
0.700376
0.703121
0.706183
0.709093
0.712294
0.715407
0.718064
0.721086
0.72383
0.727328
0.730425
0.733609
0.736639
0.740152
0.743523
0.746966
0.750834
0.754203
0.75839
0.763014
0.766832
0.770359
0.775098
0.779047
0.782805
0.787158
0.791767
0.796374
0.800815
0.806023
0.80985
0.815152
0.819604
0.823928
0.828673
0.833876
0.838585
0.843768
0.848832
0.85477
0.860103
0.864294
0.870825
0.877921
0.885644
0.892102
0.899146
0.904551
0.910914
0.916935
0.9246
0.931675
0.938989
0.947113
0.954873
0.962806
0.972766
0.982604
0.995944
1.01002
1.02403
1.0407
1.05925
1.07633
1.09573
1.11376
1.13184
1.15415
1.17503
1.19159
1.21221
1.23057
1.24877
1.26884
1.28828
1.30688
1.33613
1.38128
1.41753
1.4714
1.53087
1.57379
1.68236
