0
0.05
0.11
0.22
0.27
0.37
0.45
0.5
0.55
0.63
0.69
0.73
0.8
0.82
0.83
0.85
0.88
0.88
0.88
0.89
0.9
0.9
0.9
0.91
0.93
0.95
0.95
0.95
0.97
0.98
0.98
0.98
0.98
0.98
0.98
0.98
0.98
0.98
0.98
0.98
0.98
0.98
0.98
0.98
0.98
0.98
0.98
0.99
1
1
1.02
1.06
1.09
1.09
1.1
1.1
1.14
1.19
1.19
1.2
1.23
1.26
1.28
1.3
1.32
1.35
1.38
1.42
1.47
1.5
1.53
1.6
1.61
1.64
1.69
1.69
1.72
1.72
1.74
1.79
1.8
1.82
1.83
1.84
1.86
1.87
1.88
1.88
1.9
1.9
1.91
1.93
1.93
1.93
1.95
1.95
1.95
1.96
1.97
1.97
1.97
1.97
1.97
1.97
1.98
1.99
1.99
1.99
2
2
2.02
2.02
2.02
2.04
2.07
2.08
2.08
2.08
2.11
2.12
2.15
2.18
2.19
2.2
2.25
2.26
2.26
2.29
2.31
2.32
2.32
2.35
2.36
2.37
2.41
2.43
2.44
2.49
2.52
2.53
2.57
2.58
2.6
2.61
2.65
2.66
2.7
2.72
2.77
2.82
2.83
2.84
2.88
2.89
2.91
2.92
2.93
2.96
2.99
2.99
2.99
3
3.01
3.03
3.03
3.03
3.03
3.03
3.03
3.04
3.04
3.08
3.09
3.1
3.11
3.15
3.16
3.16
3.16
3.2
3.21
3.23
3.24
3.27
3.28
3.31
3.32
3.33
3.39
3.41
3.44
3.5
3.54
3.6
3.63
3.66
3.69
3.7
3.74
3.79
3.8
3.84
3.87
3.88
3.89
3.91
3.92
3.92
3.93
3.95
3.97
3.97
3.99
3.99
4.01
4.04
4.05
4.07
4.09
4.13
4.16
4.18
4.19
4.25
4.25
4.28
4.34
4.38
4.42
4.47
4.51
4.56
4.62
4.67
4.7
4.72
4.74
4.78
4.79
4.81
4.81
4.81
4.81
4.84
4.85
4.85
4.86
4.88
4.91
4.97
5.01
5.07
5.11
5.13
5.16
5.24
5.28
5.33
5.37
5.4
5.44
5.46
5.53
5.58
5.6
5.63
5.68
5.73
5.76
5.82
5.82
5.85
5.88
5.92
5.97
5.98
6.04
6.05
6.12
6.13
6.19
6.25
6.29
6.33
6.38
6.42
6.45
6.46
6.51
6.61
6.64
6.69
6.77
6.78
6.83
6.88
6.95
6.98
7.08
7.1
7.13
7.19
7.25
7.29
7.33
7.37
7.43
7.48
7.54
7.59
7.69
7.71
7.74
7.79
7.9
7.96
8.02
8.05
8.1
8.18
8.24
8.27
8.33
8.42
8.51
8.6
8.63
8.68
8.71
8.78
8.81
8.89
8.99
9.09
9.2
9.28
9.37
9.5
9.53
9.57
9.66
9.77
9.87
9.98
10.02
10.14
10.21
10.34
10.44
10.51
10.61
10.75
10.89
11.04
11.13
11.18
11.37
11.48
11.6
11.67
11.89
12.01
12.09
12.21
12.33
12.42
12.62
12.78
12.91
13.03
13.14
13.27
13.4
13.63
13.72
13.97
14.21
14.39
14.62
14.81
15.03
15.24
15.46
15.71
15.94
16.19
16.5
16.77
17.18
17.5
17.91
18.46
19.15
19.85
20.63
21.67
22.76
23.92
25.3
26.98
