0
0.01
0.08
0.25
0.47
0.57
0.64
0.75
0.79
0.85
0.9
0.93
0.94
0.95
0.96
0.98
0.98
0.98
0.98
0.98
0.98
0.98
0.98
0.98
0.98
0.98
0.98
0.98
0.98
0.98
0.98
0.98
0.98
0.98
0.98
1
1.01
1.01
1.03
1.05
1.08
1.14
1.19
1.26
1.28
1.31
1.36
1.4
1.44
1.5
1.54
1.59
1.63
1.69
1.76
1.78
1.84
1.84
1.89
1.93
1.93
1.93
1.93
1.94
1.96
1.97
1.97
1.97
2.01
2.01
2.02
2.02
2.04
2.05
2.08
2.09
2.1
2.11
2.11
2.11
2.13
2.16
2.17
2.19
2.23
2.27
2.29
2.36
2.38
2.42
2.46
2.48
2.54
2.59
2.62
2.64
2.68
2.69
2.74
2.78
2.82
2.84
2.91
2.93
2.95
2.96
2.98
3.01
3.03
3.04
3.07
3.08
3.09
3.11
3.13
3.14
3.15
3.16
3.18
3.18
3.18
3.22
3.24
3.25
3.25
3.29
3.3
3.32
3.37
3.41
3.42
3.45
3.48
3.51
3.52
3.53
3.55
3.57
3.61
3.65
3.7
3.74
3.79
3.83
3.87
3.9
3.9
3.92
3.93
3.95
3.96
3.99
3.99
3.99
4.02
4.04
4.07
4.1
4.1
4.13
4.15
4.19
4.22
4.24
4.28
4.31
4.34
4.38
4.39
4.39
4.42
4.46
4.46
4.49
4.53
4.54
4.55
4.58
4.6
4.64
4.65
4.69
4.74
4.77
4.79
4.84
4.88
4.91
4.93
4.96
4.96
4.98
4.99
5
5.02
5.06
5.07
5.08
5.13
5.13
5.14
5.16
5.18
5.22
5.26
5.29
5.32
5.36
5.36
5.39
5.41
5.42
5.5
5.56
5.59
5.61
5.62
5.67
5.7
5.76
5.77
5.81
5.85
5.87
5.89
5.91
5.92
5.93
5.95
6.03
6.06
6.12
6.16
6.19
6.22
6.31
6.34
6.38
6.38
6.41
6.41
6.45
6.46
6.46
6.49
6.5
6.51
6.58
6.61
6.63
6.67
6.73
6.81
6.85
6.9
6.92
6.94
6.98
7.01
7.03
7.03
7.06
7.11
7.16
7.22
7.25
7.31
7.34
7.37
7.43
7.45
7.47
7.5
7.5
7.56
7.58
7.66
7.72
7.76
7.8
7.82
7.84
7.87
7.89
7.95
8.01
8.03
8.07
8.11
8.14
8.16
8.2
8.27
8.31
8.35
8.41
8.42
8.47
8.51
8.52
8.55
8.62
8.65
8.66
8.7
8.78
8.83
8.92
9
9.05
9.07
9.12
9.17
9.2
9.22
9.27
9.31
9.35
9.38
9.43
9.51
9.52
9.57
9.71
9.75
9.79
9.89
9.92
9.94
10.01
10.05
10.1
10.13
10.15
10.21
10.27
10.35
10.4
10.44
10.49
10.55
10.56
10.61
10.63
10.72
10.79
10.85
10.86
10.92
10.96
11.01
11.06
11.13
11.18
11.25
11.31
11.37
11.42
11.47
11.55
11.62
11.67
11.7
11.74
11.78
11.8
11.84
11.86
11.94
12.02
12.08
12.15
12.22
12.28
12.37
12.37
12.47
12.51
12.59
12.67
12.75
12.87
12.91
12.96
13.01
13.04
13.07
13.1
13.17
13.25
13.31
13.36
13.45
13.5
13.58
13.67
13.72
13.78
13.84
13.92
13.97
14.05
14.16
14.25
14.34
14.41
14.44
14.51
14.58
14.61
14.67
14.69
14.75
14.83
14.94
15.04
15.16
15.24
15.34
15.4
15.49
15.61
15.65
15.71
15.76
15.81
15.87
16.01
16.09
16.13
16.23
16.32
16.37
16.44
16.5
16.59
16.71
16.81
16.88
17.01
17.06
17.08
17.2
17.28
17.38
17.48
17.56
17.66
17.75
17.81
17.92
17.98
18.09
18.21
18.33
18.42
18.56
18.62
18.79
18.92
19.07
19.15
19.3
19.37
19.5
19.62
19.69
19.79
19.95
20.16
20.34
20.42
20.6
20.72
20.99
21.19
21.36
21.54
21.72
22
22.26
22.47
22.64
22.9
23.23
23.54
23.85
24.2
24.64
25.25
25.85
26.35
27
27.74
28.51
29.4
30.72
31.92
33.79
37.81
