0.328
0.328
0.328
0.328
0.328
0.329
0.329
0.33
0.33
0.33
0.331
0.333
0.334
0.335
0.337
0.339
0.339
0.34
0.34
0.343
0.346
0.348
0.348
0.351
0.355
0.356
0.357
0.361
0.364
0.366
0.368
0.374
0.38
0.388
0.391
0.394
0.401
0.409
0.411
0.416
0.422
0.428
0.441
0.448
0.452
0.464
0.473
0.479
0.485
0.488
0.491
0.498
0.509
0.516
0.524
0.534
0.546
0.552
0.561
0.57
0.577
0.586
0.591
0.6
0.614
0.62
0.631
0.646
0.654
0.665
0.674
0.682
0.695
0.706
0.72
0.73
0.741
0.751
0.769
0.781
0.795
0.804
0.817
0.837
0.846
0.857
0.87
0.885
0.895
0.91
0.925
0.938
0.955
0.972
0.988
1.007
1.029
1.039
1.057
1.074
1.102
1.119
1.138
1.157
1.19
1.208
1.235
1.274
1.296
1.32
1.364
1.386
1.418
1.459
1.488
1.523
1.555
1.591
1.627
1.664
1.698
1.733
1.771
1.814
1.862
1.894
1.938
1.976
2.021
2.087
2.142
2.207
2.259
2.338
2.405
2.471
2.554
2.646
2.742
2.885
3.291
3.481
3.774
3.949
4.122
4.426
4.586
4.756
5.066
5.257
