0.203675
0.203675
0.235634
0.235634
0.258796
0.259088
0.279165
0.280498
0.301442
0.306809
0.317577
0.326198
0.334586
0.343353
0.352753
0.359837
0.373464
0.383288
0.3912
0.402308
0.407798
0.422249
0.430007
0.440814
0.452345
0.460831
0.471209
0.478392
0.486613
0.49263
0.499124
0.505974
0.513856
0.519752
0.52747
0.535484
0.542032
0.549603
0.557749
0.563776
0.570339
0.577555
0.582892
0.58838
0.594049
0.600548
0.606336
0.614113
0.621049
0.626253
0.636966
0.641368
0.650785
0.65633
0.661991
0.668458
0.674294
0.682085
0.689051
0.695685
0.703449
0.710723
0.717161
0.725674
0.732129
0.739782
0.746807
0.752134
0.760109
0.769849
0.776749
0.784602
0.789807
0.797713
0.804611
0.811824
0.819374
0.825523
0.832712
0.840401
0.848506
0.855921
0.8638
0.872412
0.879869
0.889685
0.897271
0.906704
0.914707
0.920137
0.928776
0.936069
0.942945
0.95286
0.961924
0.970798
0.980476
0.991931
0.999453
1.00697
1.01567
1.02348
1.03344
1.04387
1.05102
1.05966
1.06769
1.07754
1.08731
1.0986
1.10861
1.11796
1.12717
1.13511
1.14153
1.1486
1.15421
1.16439
1.1727
1.18133
1.18897
1.19846
1.20535
1.21515
1.21944
1.23286
1.24898
1.26199
1.27901
1.29577
1.31111
1.32274
1.33754
1.35071
1.36523
1.37795
1.39146
1.40829
1.43111
1.44776
1.46615
1.49761
1.53432
1.58608
1.71573
1.80953
1.9751
2.20853
2.39339
2.60672
