0.16
0.33
0.45
0.57
0.62
0.66
0.7
0.72
0.75
0.76
0.79
0.81
0.81
0.82
0.84
0.87
0.9
0.92
0.94
0.94
0.94
0.94
0.95
0.97
1.01
1.04
1.08
1.11
1.12
1.15
1.18
1.24
1.35
1.36
1.37
1.41
1.43
1.48
1.48
1.53
1.53
1.56
1.58
1.59
1.6
1.61
1.63
1.64
1.69
1.72
1.72
1.73
1.75
1.77
1.83
1.85
1.88
1.9
1.95
1.96
1.96
1.98
2.01
2.03
2.1
2.12
2.14
2.17
2.21
2.23
2.27
2.31
2.36
2.38
2.48
2.57
2.62
2.64
2.65
2.68
2.69
2.69
2.72
2.74
2.78
2.8
2.85
2.9
2.96
3.05
3.07
3.09
3.11
3.22
3.24
3.33
3.4
3.46
3.49
3.57
3.62
3.67
3.75
3.77
3.89
3.95
4.02
4.07
4.12
4.2
4.27
4.29
4.37
4.45
4.53
4.56
4.64
4.69
4.79
4.82
4.9
4.98
5.05
5.14
5.19
5.35
5.57
5.73
5.89
6.17
6.36
6.56
6.69
6.97
7.27
7.59
7.95
8.28
8.77
9.38
9.8
10.21
10.65
11.15
11.95
12.93
14.98
16.89
20.45
23.39
