0.4
0.67
0.93
1.1
1.27
1.38
1.4
1.49
1.6
1.72
1.82
1.94
2.08
2.15
2.25
2.38
2.46
2.52
2.59
2.7
2.75
2.82
2.89
2.93
2.99
3.09
3.19
3.34
3.37
3.46
3.48
3.54
3.57
3.64
3.68
3.78
3.83
3.9
4.01
4.08
4.15
4.21
4.3
4.33
4.4
4.47
4.53
4.55
4.59
4.61
4.68
4.74
4.79
4.87
4.98
5.06
5.15
5.19
5.23
5.26
5.3
5.34
5.4
5.44
5.51
5.6
5.66
5.69
5.71
5.72
5.74
5.8
5.84
5.87
5.9
5.97
6.03
6.11
6.15
6.23
6.24
6.3
6.36
6.45
6.51
6.53
6.6
6.62
6.63
6.69
6.7
6.74
6.75
6.81
6.86
6.88
6.9
6.99
7.04
7.11
7.14
7.17
7.22
7.3
7.36
7.39
7.42
7.46
7.51
7.52
7.6
7.63
7.67
7.69
7.75
7.81
7.86
7.93
7.96
8.02
8.07
8.1
8.16
8.2
8.23
8.27
8.29
8.34
8.37
8.42
8.48
8.5
8.5
8.55
8.6
8.67
8.75
8.79
8.85
8.9
8.92
8.94
8.96
8.99
9.02
9.03
9.1
9.13
9.21
9.23
9.27
9.31
9.37
9.38
9.43
9.49
9.53
9.57
9.6
9.65
9.68
9.71
9.75
9.78
9.79
9.83
9.85
9.91
9.95
9.98
10.06
10.08
10.13
10.18
10.23
10.31
10.37
10.41
10.43
10.45
10.47
10.52
10.52
10.55
10.59
10.61
10.64
10.67
10.74
10.78
10.83
10.88
10.92
10.94
11.01
11.05
11.09
11.12
11.14
11.18
11.22
11.26
11.28
11.31
11.36
11.38
11.4
11.42
11.47
11.56
11.59
11.62
11.64
11.66
11.7
11.72
11.73
11.8
11.86
11.88
11.92
11.95
12
12.04
12.07
12.1
12.11
12.13
12.2
12.22
12.25
12.29
12.3
12.36
12.39
12.43
12.47
12.5
12.53
12.56
12.59
12.64
12.64
12.66
12.68
12.7
12.77
12.77
12.82
12.88
12.9
12.9
12.94
12.99
13.03
13.05
13.07
13.09
13.13
13.14
13.19
13.2
13.25
13.31
13.34
13.35
13.37
13.41
13.47
13.51
13.52
13.55
13.6
13.63
13.66
13.67
13.68
13.68
13.72
13.74
13.75
13.78
13.82
13.85
13.86
13.92
13.97
14.01
14.06
14.1
14.11
14.18
14.19
14.2
14.23
14.28
14.3
14.32
14.37
14.41
14.42
14.43
14.44
14.46
14.47
14.5
14.52
14.55
14.56
14.61
14.66
14.67
14.68
14.74
14.81
14.82
14.85
14.92
14.95
14.97
15.02
15.05
15.07
15.09
15.11
15.11
15.15
15.2
15.2
15.21
15.23
15.27
15.28
15.3
15.3
15.31
15.36
15.38
15.41
15.44
15.47
15.53
15.58
15.64
15.64
15.68
15.69
15.7
15.74
15.76
15.76
15.78
15.82
15.84
15.86
15.88
15.9
15.92
15.94
15.95
16.01
16.05
16.06
16.11
16.14
16.15
16.15
16.19
16.23
16.29
16.3
16.32
16.38
16.4
16.43
16.48
16.51
16.54
16.56
16.59
16.62
16.66
16.66
16.67
16.72
16.74
16.75
16.76
16.77
16.78
16.82
16.84
16.85
16.86
16.88
16.9
16.92
16.96
16.98
17.03
17.04
17.08
17.13
17.17
17.23
17.28
17.3
17.33
17.36
17.38
17.41
17.43
17.44
17.44
17.48
17.5
17.51
17.52
17.52
17.54
17.55
17.6
17.63
17.67
17.68
17.71
17.72
17.76
17.77
17.79
17.79
17.83
17.84
17.87
17.92
17.95
17.98
18.03
18.06
18.07
18.09
18.14
18.15
18.16
18.18
18.21
18.23
18.25
18.28
18.3
18.33
18.36
18.39
18.4
18.43
18.47
18.49
18.49
18.49
18.51
18.54
18.55
18.58
18.59
18.62
18.66
18.67
18.7
18.72
18.76
18.83
18.86
18.9
18.93
18.95
18.97
18.98
18.99
19.02
19.02
19.03
19.08
19.16
19.17
19.2
19.22
19.22
19.25
19.28
19.29
19.31
19.34
19.35
19.37
19.38
19.4
19.43
19.46
19.47
19.5
19.54
19.55
19.58
19.61
19.65
19.67
19.71
19.73
19.74
19.8
19.84
19.84
19.85
19.86
19.88
19.89
19.91
19.95
19.97
19.99
20
20.02
20.06
20.07
20.1
20.12
20.18
20.22
20.27
20.28
20.28
20.3
20.34
20.4
20.44
20.44
20.44
20.46
20.5
20.5
20.52
20.54
20.58
20.61
20.63
20.64
20.64
20.68
20.7
20.71
20.74
20.79
20.83
20.83
20.87
20.9
20.91
20.94
20.96
20.98
21
21.01
21.05
21.08
21.1
21.16
21.18
21.2
21.21
21.23
21.26
21.26
21.28
21.34
21.36
21.41
21.43
21.45
21.45
21.49
21.51
21.54
21.56
21.58
21.59
21.59
21.61
21.62
21.63
21.64
21.68
21.7
21.72
21.75
21.82
21.85
21.88
21.89
21.9
21.95
21.97
22
22.02
22.06
22.11
22.12
22.13
22.15
22.17
22.2
22.24
22.27
22.31
22.33
22.34
22.37
22.41
22.41
22.42
22.43
22.47
22.47
22.5
22.52
22.53
22.56
22.6
22.61
22.64
22.65
22.66
22.68
22.73
22.74
22.77
22.79
22.83
22.86
22.9
22.91
22.96
22.98
23
23.01
23.01
23.05
23.05
23.11
23.14
23.15
23.21
23.23
23.25
23.25
23.26
23.28
23.3
23.33
23.35
23.38
23.39
23.41
23.43
23.47
23.5
23.54
23.55
23.55
23.58
23.6
23.63
23.65
23.66
23.72
23.72
23.72
23.77
23.79
23.82
23.83
23.9
23.94
23.97
23.99
23.99
24.03
24.06
24.07
24.08
24.09
24.13
24.15
24.18
24.19
24.22
24.23
24.24
24.24
24.25
24.32
24.36
24.36
24.39
24.4
24.44
24.46
24.48
24.51
24.53
24.54
24.58
24.61
24.63
24.66
24.68
24.72
24.74
24.77
24.84
24.87
24.89
24.91
24.92
24.94
24.99
25.03
25.05
25.06
25.06
25.1
25.12
25.16
25.18
25.19
25.22
25.24
25.26
25.27
25.28
25.3
25.31
25.32
25.35
25.37
25.4
25.41
25.43
25.46
25.52
25.55
25.57
25.66
25.68
25.72
25.76
25.77
25.78
25.81
25.81
25.87
25.88
25.9
25.94
25.95
25.97
26
26
26.01
26.05
26.11
26.11
26.12
26.14
26.17
26.18
26.23
26.25
26.31
26.34
26.38
26.4
26.44
26.48
26.51
26.55
26.57
26.58
26.6
26.63
26.68
26.69
26.7
26.75
26.78
26.78
26.8
26.81
26.83
26.88
26.9
26.91
26.93
26.99
27.03
27.07
27.09
27.14
27.18
27.21
27.24
27.27
27.29
27.38
27.39
27.39
27.39
27.42
27.47
27.49
27.51
27.55
27.58
27.61
27.63
27.65
27.68
27.71
27.77
27.81
27.88
27.89
27.91
27.96
28.02
28.04
28.13
28.16
28.19
28.24
28.26
28.27
28.29
28.3
28.32
28.35
28.4
28.42
28.47
28.47
28.5
28.54
28.61
28.63
28.71
28.75
28.8
28.84
28.88
28.94
28.98
29.01
29.03
29.07
29.08
29.09
29.13
29.18
29.24
29.27
29.32
29.35
29.42
29.46
29.5
29.53
29.56
29.61
29.65
29.68
29.74
29.78
29.83
29.86
29.88
29.93
29.98
30.04
30.08
30.11
30.16
30.22
30.25
30.33
30.33
30.36
30.44
30.49
30.57
30.59
30.66
30.72
30.85
30.89
30.93
30.97
31.02
31.04
31.08
31.14
31.22
31.25
31.3
31.36
31.4
31.46
31.54
31.66
31.72
31.77
31.8
31.86
31.93
31.96
32.03
32.12
32.19
32.22
32.28
32.37
32.4
32.47
32.54
32.63
32.74
32.84
32.94
33.02
33.07
33.18
33.25
33.35
33.41
33.46
33.56
33.68
33.74
33.85
33.88
34.02
34.14
34.28
34.38
34.49
34.57
34.68
34.73
34.87
35.03
35.12
35.19
35.33
35.42
35.61
35.73
35.86
35.98
36.15
36.3
36.38
36.53
36.66
36.85
37.02
37.2
37.4
37.62
37.8
38.03
38.2
38.42
38.59
38.84
39.08
39.34
39.65
39.94
40.23
40.61
40.97
41.38
41.84
42.3
42.74
43.27
43.93
44.61
45.32
46.33
47.59
50.04
