0.144023
0.144023
0.148616
0.148616
0.15001
0.15001
0.150771
0.150771
0.151278
0.151278
0.151653
0.151653
0.152201
0.152201
0.152468
0.152469
0.152745
0.152748
0.152995
0.153
0.153223
0.153236
0.153505
0.153511
0.153822
0.15383
0.154111
0.154123
0.15439
0.154403
0.154706
0.154719
0.155082
0.155098
0.155412
0.155444
0.155763
0.155829
0.156105
0.156142
0.156433
0.156462
0.156832
0.156876
0.157158
0.157227
0.157476
0.15758
0.157818
0.157937
0.158263
0.158419
0.158713
0.158858
0.159176
0.159346
0.159684
0.159878
0.160248
0.160582
0.160898
0.16115
0.161456
0.161718
0.161991
0.162314
0.162621
0.162862
0.163128
0.16338
0.163711
0.16396
0.164247
0.16452
0.164801
0.165059
0.165396
0.165778
0.166075
0.166373
0.166758
0.167002
0.167354
0.167684
0.167942
0.168261
0.168641
0.169037
0.169303
0.169597
0.169886
0.17027
0.170503
0.170789
0.171082
0.171499
0.171729
0.172003
0.172193
0.172547
0.172789
0.173138
0.173382
0.173693
0.173983
0.174297
0.174659
0.174973
0.175283
0.175649
0.175958
0.17634
0.176655
0.176981
0.177269
0.177555
0.17793
0.178205
0.178508
0.17886
0.179141
0.17942
0.1797
0.180068
0.180256
0.18059
0.180888
0.181263
0.181589
0.182056
0.18235
0.182806
0.183108
0.183445
0.183772
0.184063
0.184454
0.184791
0.185171
0.185537
0.185801
0.186265
0.186628
0.186978
0.187313
0.187585
0.187986
0.188265
0.188638
0.188924
0.189277
0.189578
0.190003
0.190348
0.190703
0.191043
0.191435
0.191749
0.192063
0.192427
0.192774
0.193095
0.193527
0.193853
0.194217
0.19451
0.194968
0.195259
0.195563
0.195882
0.196183
0.196583
0.196906
0.197296
0.197615
0.197998
0.198382
0.198795
0.199197
0.199568
0.200029
0.200394
0.200837
0.201244
0.201507
0.201837
0.202102
0.202472
0.202768
0.203199
0.203499
0.203882
0.204271
0.204609
0.204977
0.20534
0.205635
0.205965
0.206402
0.206745
0.207122
0.207531
0.207871
0.208237
0.208623
0.209005
0.209375
0.209689
0.210051
0.210489
0.210885
0.211201
0.211576
0.211969
0.212428
0.212668
0.213113
0.213555
0.213948
0.21429
0.214585
0.214993
0.215425
0.215869
0.216263
0.216643
0.217113
0.21745
0.217799
0.218056
0.218502
0.218769
0.21918
0.219423
0.219763
0.220114
0.220504
0.220883
0.221354
0.221719
0.22214
0.222531
0.222984
0.223312
0.223689
0.223913
0.224328
0.224636
0.22508
0.225362
0.225723
0.226025
0.226506
0.226919
0.227272
0.227741
0.228117
0.228526
0.228839
0.229205
0.229523
0.229918
0.23024
0.230675
0.230975
0.231424
0.231784
0.232096
0.232429
0.232791
0.233162
0.233424
0.233786
0.234039
0.234355
0.234897
0.235201
0.235572
0.235859
0.236202
0.236523
0.236899
0.237216
0.237596
0.237968
0.238307
0.238632
0.238962
0.239264
0.23962
0.240092
0.240365
0.240791
0.24117
0.241611
0.24199
0.242328
0.242642
0.243113
0.243413
0.243823
0.24423
0.244574
0.244892
0.245253
0.24555
0.245874
0.246222
0.246596
0.246966
0.247314
0.247699
0.248177
0.24844
0.24888
0.249193
0.249612
0.24985
0.250204
0.250554
0.250977
0.251255
0.251575
0.251895
0.252286
0.25269
0.253089
0.253517
0.253914
0.254214
0.254507
0.254856
0.25519
0.255614
0.255927
0.256319
0.256665
0.257109
0.25732
0.25766
0.257999
0.258557
0.258873
0.259294
0.259574
0.259931
0.260314
0.260702
0.261096
0.261448
0.261814
0.262238
0.262641
0.263036
0.263548
0.263947
0.264305
0.264649
0.264952
0.265347
0.265768
0.266021
0.266406
0.266779
0.267088
0.267524
0.267895
0.268252
0.268632
0.269089
0.269436
0.269882
0.270206
0.270589
0.270921
0.271285
0.271614
0.271894
0.272362
0.272704
0.273016
0.273512
0.273865
0.274247
0.274597
0.274953
0.275368
0.275682
0.276183
0.276453
0.276817
0.277182
0.27762
0.277993
0.278444
0.278779
0.279153
0.279525
0.279897
0.28025
0.280624
0.280909
0.281314
0.28167
0.282077
0.28254
0.282838
0.283152
0.283494
0.283861
0.284295
0.284662
0.285049
0.285436
0.28582
0.286221
0.286624
0.287009
0.287399
0.287788
0.288172
0.288547
0.288985
0.289232
0.289651
0.290079
0.290478
0.29086
0.291297
0.291655
0.292126
0.292418
0.292773
0.293149
0.29355
0.293966
0.294267
0.294731
0.295144
0.295574
0.295989
0.296407
0.296759
0.297137
0.297507
0.297923
0.298324
0.298714
0.299117
0.299547
0.299971
0.30047
0.300763
0.301101
0.301516
0.301855
0.302248
0.30258
0.302988
0.303411
0.303789
0.304172
0.304649
0.305099
0.305497
0.305875
0.306246
0.306722
0.307117
0.307508
0.307945
0.30837
0.308772
0.309191
0.309523
0.309919
0.310207
0.310686
0.31122
0.311598
0.312016
0.312385
0.31281
0.313259
0.313694
0.31411
0.314524
0.314824
0.315317
0.315769
0.316145
0.316557
0.316933
0.317271
0.317649
0.318032
0.318424
0.318896
0.319288
0.319715
0.320026
0.320364
0.320839
0.321221
0.321615
0.322111
0.322538
0.322975
0.32338
0.323809
0.324142
0.324506
0.324946
0.325352
0.325824
0.326189
0.326602
0.327034
0.327405
0.3278
0.328194
0.328675
0.329096
0.329534
0.329955
0.330465
0.330854
0.3313
0.331654
0.332032
0.332437
0.332818
0.333137
0.333471
0.3339
0.334446
0.334748
0.33516
0.335559
0.336057
0.33641
0.336723
0.337114
0.337553
0.337924
0.338334
0.338877
0.339252
0.339591
0.340051
0.340467
0.34087
0.341258
0.341773
0.342154
0.342603
0.342989
0.343441
0.343833
0.344231
0.344632
0.345014
0.345506
0.345912
0.34627
0.346845
0.347275
0.347632
0.347925
0.348425
0.348821
0.349267
0.349712
0.350158
0.350617
0.351027
0.35138
0.351732
0.352132
0.35255
0.353022
0.353435
0.353789
0.354251
0.354673
0.35511
0.355653
0.35604
0.356427
0.356857
0.357154
0.357535
0.357908
0.358334
0.358727
0.359254
0.35973
0.360194
0.360655
0.361059
0.361464
0.361931
0.362341
0.362783
0.363289
0.363764
0.364134
0.364558
0.365048
0.365499
0.365958
0.366322
0.366697
0.36718
0.367614
0.368014
0.368372
0.368747
0.369184
0.369554
0.369979
0.370395
0.370737
0.371118
0.371661
0.372029
0.372497
0.372936
0.373276
0.373681
0.374182
0.374571
0.375007
0.375434
0.375888
0.376468
0.37691
0.377383
0.377814
0.378347
0.378818
0.37926
0.379781
0.380237
0.380748
0.381184
0.381607
0.382071
0.382575
0.382971
0.383415
0.383909
0.384462
0.384882
0.385349
0.385861
0.386254
0.386663
0.3871
0.387586
0.388069
0.388577
0.38897
0.389348
0.389804
0.390233
0.390584
0.39118
0.391612
0.392101
0.392555
0.393112
0.39361
0.394066
0.394658
0.395116
0.395528
0.395964
0.396444
0.396879
0.397292
0.39778
0.398344
0.39872
0.399214
0.399687
0.400218
0.400747
0.401229
0.401692
0.402172
0.402584
0.40317
0.403699
0.404173
0.404629
0.405064
0.405597
0.406078
0.406533
0.407105
0.407695
0.408212
0.408799
0.409323
0.409849
0.410299
0.410756
0.411233
0.411711
0.412278
0.41273
0.413272
0.413798
0.414234
0.414668
0.415182
0.415737
0.416197
0.416623
0.417128
0.417639
0.418197
0.418816
0.41951
0.420046
0.420557
0.421169
0.421699
0.422171
0.422748
0.4233
0.423754
0.424204
0.424793
0.42536
0.425845
0.426439
0.42704
0.427434
0.427998
0.428556
0.42919
0.42961
0.430165
0.430761
0.431231
0.431865
0.432321
0.432769
0.433326
0.433786
0.434343
0.434983
0.435569
0.436062
0.436413
0.436977
0.437444
0.438098
0.438706
0.439254
0.439884
0.440425
0.440957
0.44143
0.442151
0.442632
0.443319
0.443947
0.444523
0.445091
0.445658
0.446232
0.446737
0.447313
0.447911
0.448595
0.449185
0.449828
0.450416
0.451001
0.451702
0.452341
0.45308
0.453729
0.454278
0.455029
0.455551
0.456093
0.456524
0.457138
0.457743
0.458332
0.459003
0.45965
0.460369
0.461078
0.461744
0.462381
0.463103
0.463636
0.464193
0.464806
0.465497
0.466006
0.466749
0.467421
0.468195
0.46881
0.469555
0.470169
0.470979
0.471649
0.472227
0.472984
0.473658
0.474587
0.475428
0.476223
0.476988
0.477914
0.478578
0.479299
0.480008
0.480853
0.481715
0.482461
0.483405
0.484311
0.485128
0.485858
0.486626
0.487471
0.488338
0.489191
0.490033
0.490821
0.491644
0.49254
0.493357
0.494237
0.49512
0.496035
0.496908
0.497796
0.498675
0.499673
0.500447
0.501294
0.502287
0.503349
0.504326
0.505515
0.50643
0.50739
0.508279
0.509242
0.510108
0.511128
0.512143
0.513252
0.514615
0.515611
0.516683
0.517651
0.518739
0.519925
0.520756
0.521916
0.523063
0.523879
0.525083
0.526289
0.527461
0.528696
0.529939
0.531198
0.53239
0.533701
0.535027
0.536216
0.537251
0.538562
0.539799
0.541337
0.542538
0.543976
0.545146
0.546384
0.547742
0.549139
0.550726
0.552219
0.553529
0.554698
0.555901
0.55727
0.558519
0.559807
0.561171
0.562494
0.563418
0.564848
0.566276
0.567613
0.568932
0.570314
0.571968
0.573525
0.574953
0.57671
0.578008
0.579486
0.580976
0.582468
0.584093
0.585691
0.587068
0.588899
0.590491
0.592166
0.593652
0.595456
0.597217
0.598877
0.600488
0.602507
0.604494
0.606431
0.608769
0.610879
0.612764
0.614958
0.617289
0.619713
0.621799
0.623956
0.626092
0.627984
0.630468
0.632585
0.634757
0.637206
0.639834
0.642816
0.645569
0.648016
0.650624
0.653903
0.656778
0.659778
0.662502
0.664698
0.667317
0.670573
0.673412
0.676041
0.679454
0.68243
0.684956
0.687895
0.690792
0.693675
0.696567
0.699374
0.703145
0.706273
0.709933
0.713249
0.716833
0.72137
0.72523
0.729501
0.733883
0.738941
0.743246
0.748421
0.75298
0.758741
0.764121
0.770773
0.778247
0.786755
0.793014
0.801557
0.809966
0.817983
0.827555
0.835844
0.846327
0.856028
0.865375
0.876418
0.893371
0.913275
0.93323
0.973276
1.03827
1.1219
