0.165242
0.165242
0.167244
0.167244
0.172473
0.172473
0.1822
0.1822
0.196681
0.196681
0.23737
0.23737
0.238182
0.238182
0.243956
0.262791
0.262791
0.27545
0.27545
0.275894
0.275894
0.277384
0.277384
0.277456
0.277456
0.283914
0.291921
0.291921
0.306961
0.306961
0.307834
0.307834
0.326936
0.326936
0.328146
0.333758
0.333758
0.343069
0.343069
0.348546
0.348546
0.351705
0.351705
0.355729
0.355729
0.361057
0.361057
0.362427
0.377819
0.377819
0.382991
0.382991
0.387271
0.387271
0.387501
0.387501
0.38929
0.38929
0.394674
0.394674
0.395017
0.413706
0.413706
0.414858
0.414858
0.417508
0.41889
0.41889
0.422954
0.422954
0.423985
0.424502
0.424502
0.424609
0.424609
0.431766
0.431766
0.432801
0.432801
0.444179
0.44512
0.44512
0.447424
0.447424
0.448051
0.452282
0.452282
0.461365
0.462819
0.466516
0.466516
0.469158
0.469158
0.471354
0.47187
0.47187
0.472095
0.472095
0.472607
0.474871
0.474871
0.47549
0.47549
0.490825
0.494589
0.49603
0.49603
0.502966
0.506966
0.510323
0.510323
0.5133
0.5133
0.517006
0.519442
0.519442
0.519928
0.519928
0.52377
0.52377
0.52651
0.52651
0.529825
0.529825
0.542231
0.542577
0.547134
0.551225
0.551225
0.560805
0.560805
0.571884
0.575213
0.577469
0.577469
0.590075
0.602614
0.602614
0.603078
0.603078
0.606735
0.606735
0.607339
0.607339
0.614519
0.614519
0.616466
0.623941
0.624429
0.643215
0.647084
0.65279
0.653164
0.656392
0.658916
0.661892
0.670778
0.670778
0.671796
0.671796
0.672123
0.674161
0.674161
0.674389
0.67459
0.67459
0.706246
0.723693
0.723693
0.72804
0.732944
0.749764
0.749764
0.751621
0.751621
0.7553
0.761325
0.7626
0.772321
0.77303
0.773969
0.801945
0.813628
0.82166
0.82166
0.827628
0.845574
0.852641
0.864458
0.879744
0.882955
0.882955
0.902594
0.902594
0.910981
0.910981
0.913792
0.918214
0.918214
0.939216
0.941306
0.946514
0.949149
0.949149
0.952469
0.960098
0.989533
0.994047
1.01098
1.01098
1.02643
1.02926
1.03125
1.04147
1.04578
1.05065
1.06054
1.06525
1.07586
1.07586
1.08615
1.09192
1.11213
1.12723
1.12811
1.12961
1.13192
1.13795
1.15088
1.15419
1.1617
1.19298
1.21195
1.21195
1.2238
1.23733
1.2429
1.26813
1.28754
1.28908
1.29908
1.30108
1.31063
1.35402
1.37184
1.38704
1.41445
1.52716
1.95836
1.96618
