0.164384
0.164384
0.179552
0.179552
0.193854
0.193854
0.210587
0.210587
0.224654
0.224654
0.239786
0.240044
0.254161
0.256041
0.266067
0.267658
0.28216
0.28479
0.292419
0.295634
0.30259
0.306816
0.312722
0.317586
0.323125
0.328166
0.332951
0.336685
0.341119
0.345142
0.349598
0.353481
0.357899
0.363553
0.367611
0.373647
0.37711
0.384489
0.388793
0.396639
0.402128
0.408109
0.414841
0.419762
0.423748
0.428588
0.432664
0.437135
0.442221
0.445859
0.452461
0.458518
0.464498
0.468818
0.475398
0.479143
0.486169
0.491633
0.495726
0.501067
0.505388
0.511793
0.515877
0.52186
0.525392
0.529471
0.534158
0.538178
0.543084
0.547434
0.5524
0.556203
0.559613
0.565434
0.570184
0.574121
0.577525
0.582451
0.587635
0.592934
0.597869
0.601925
0.606514
0.61064
0.615345
0.620973
0.625864
0.631229
0.635773
0.641241
0.646762
0.651371
0.656845
0.66138
0.665313
0.670324
0.674489
0.679651
0.685736
0.691323
0.697133
0.703605
0.70953
0.715462
0.720991
0.726692
0.731967
0.739043
0.744512
0.752565
0.758036
0.763882
0.76964
0.775956
0.781427
0.788102
0.794478
0.800191
0.805697
0.810818
0.817159
0.821716
0.830033
0.836504
0.844583
0.851797
0.858869
0.86421
0.871037
0.876801
0.882644
0.888338
0.895279
0.900604
0.906297
0.912076
0.917683
0.923536
0.929344
0.935024
0.941011
0.946272
0.954009
0.962061
0.967848
0.973956
0.980652
0.986613
0.995185
1.00559
1.01361
1.0199
1.02644
1.03398
1.04064
1.04661
1.05232
1.05697
1.06215
1.07054
1.07979
1.08705
1.09628
1.1029
1.11113
1.12327
1.1346
1.14423
1.15676
1.1675
1.17984
1.19116
1.20409
1.21565
1.22555
1.23589
1.24281
1.25337
1.26638
1.27617
1.28645
1.29869
1.31199
1.33165
1.3511
1.36833
1.39089
1.4086
1.42563
1.44373
1.46427
1.49684
1.5381
1.58769
1.61279
1.74198
1.78876
1.89806
2.07583
2.286
