0.151521
0.151521
0.154095
0.154095
0.157893
0.15812
0.16215
0.1624
0.166936
0.167424
0.17162
0.172547
0.177217
0.17834
0.182109
0.183764
0.187587
0.189244
0.193731
0.196067
0.200548
0.202498
0.206138
0.208039
0.211174
0.213172
0.216192
0.217685
0.221049
0.222377
0.225389
0.22733
0.229999
0.231726
0.234347
0.236127
0.238896
0.240576
0.242755
0.244541
0.246696
0.248859
0.251272
0.252969
0.254815
0.25736
0.259946
0.261874
0.264271
0.265933
0.268233
0.270604
0.272466
0.274307
0.276485
0.278672
0.280728
0.282319
0.284897
0.286538
0.288487
0.290787
0.292455
0.294554
0.296666
0.299018
0.300808
0.303418
0.304818
0.306973
0.308824
0.310689
0.312679
0.314363
0.315841
0.317966
0.320014
0.321721
0.324293
0.326209
0.328034
0.329585
0.332162
0.333561
0.335397
0.337248
0.339562
0.341197
0.343144
0.345661
0.347178
0.34886
0.350862
0.352422
0.354427
0.356091
0.357697
0.359332
0.361667
0.363438
0.365605
0.366941
0.368456
0.370323
0.372642
0.374131
0.375803
0.376948
0.378717
0.37969
0.381842
0.383432
0.384953
0.386751
0.388277
0.389643
0.391332
0.393264
0.394885
0.396311
0.397813
0.399097
0.400488
0.401982
0.404068
0.405353
0.407351
0.408947
0.4111
0.412916
0.414869
0.416447
0.417548
0.419463
0.421098
0.422842
0.42422
0.425899
0.427726
0.429345
0.431137
0.432662
0.434609
0.436437
0.438497
0.440385
0.442301
0.443856
0.445675
0.447474
0.449205
0.450581
0.452039
0.453831
0.455924
0.458493
0.460024
0.461827
0.463852
0.465515
0.467173
0.468889
0.470844
0.473211
0.475196
0.476966
0.478642
0.480205
0.482178
0.484228
0.485672
0.487889
0.489997
0.492152
0.494099
0.495834
0.498004
0.499509
0.501261
0.502902
0.504981
0.507038
0.50942
0.51118
0.512812
0.514831
0.516249
0.518169
0.519636
0.521436
0.523186
0.524612
0.526212
0.527846
0.529251
0.530814
0.533131
0.53507
0.536853
0.539138
0.541131
0.542937
0.544839
0.54672
0.548897
0.551128
0.552894
0.554955
0.557012
0.558644
0.560744
0.56263
0.564493
0.566262
0.568292
0.57033
0.572249
0.574894
0.577704
0.580168
0.582562
0.584777
0.587116
0.589553
0.592062
0.594311
0.596579
0.599178
0.601568
0.604369
0.606845
0.60958
0.612282
0.615162
0.617797
0.620162
0.622437
0.624365
0.626734
0.629121
0.632109
0.634627
0.636942
0.639814
0.641838
0.64449
0.647457
0.64985
0.652736
0.655445
0.658435
0.661052
0.664054
0.666746
0.669804
0.672896
0.675834
0.679212
0.681663
0.684415
0.68756
0.690701
0.693202
0.696713
0.699088
0.701884
0.705323
0.708173
0.710923
0.713927
0.716801
0.719715
0.722683
0.726165
0.729019
0.732493
0.735459
0.738803
0.74261
0.746159
0.7498
0.754398
0.759056
0.762998
0.767375
0.771755
0.776954
0.781219
0.785731
0.79085
0.795672
0.801698
0.807786
0.814386
0.820944
0.826658
0.832692
0.838183
0.844228
0.849458
0.855089
0.860464
0.867219
0.872322
0.878457
0.884763
0.890537
0.897364
0.90323
0.908332
0.913615
0.918815
0.924809
0.931441
0.937854
0.943824
0.9499
0.958036
0.965578
0.974619
0.982483
0.99076
0.99961
1.00802
1.01664
1.03031
1.04125
1.0558
1.06843
1.08542
1.10027
1.1138
1.1295
1.14716
1.16351
1.1808
1.19465
1.21112
1.22701
1.24344
1.26102
1.27637
1.29078
1.30625
1.32433
1.34641
1.37532
1.41581
1.4999
1.56088
