0.152213
0.152213
0.152968
0.152968
0.153816
0.153816
0.155558
0.155558
0.15627
0.15627
0.159964
0.159964
0.188908
0.188908
0.188928
0.188928
0.18894
0.18894
0.194984
0.194984
0.204187
0.204187
0.212558
0.212558
0.220099
0.220099
0.231302
0.231302
0.235478
0.244378
0.248937
0.248937
0.248991
0.248991
0.249756
0.249756
0.25404
0.254978
0.254978
0.255239
0.255239
0.260211
0.261308
0.261308
0.263208
0.265699
0.265699
0.269127
0.269127
0.283136
0.283136
0.28425
0.28425
0.284741
0.284741
0.293788
0.293788
0.305917
0.307321
0.307321
0.308499
0.308499
0.31106
0.31106
0.314642
0.314642
0.318108
0.318108
0.318165
0.322564
0.322564
0.3232
0.3232
0.324504
0.324504
0.338075
0.341857
0.341857
0.343166
0.343166
0.347654
0.347941
0.347941
0.353974
0.355025
0.360371
0.368196
0.368196
0.372667
0.372667
0.376972
0.376972
0.377654
0.377654
0.384759
0.384759
0.38563
0.385635
0.385635
0.386637
0.386637
0.386662
0.388269
0.388269
0.39292
0.39292
0.394232
0.394232
0.40021
0.40021
0.402635
0.402635
0.402723
0.402723
0.415105
0.415105
0.416913
0.416913
0.419127
0.425732
0.427558
0.427558
0.428109
0.435617
0.435617
0.437334
0.437334
0.438296
0.438296
0.43882
0.439603
0.440236
0.440236
0.447072
0.451911
0.453132
0.453134
0.453134
0.454173
0.45869
0.460789
0.463114
0.467334
0.467334
0.471
0.471
0.473206
0.47797
0.47797
0.480117
0.480117
0.481795
0.484037
0.484037
0.488876
0.491288
0.493924
0.49481
0.49481
0.495324
0.496806
0.497188
0.497188
0.497379
0.497955
0.50014
0.50014
0.502688
0.502688
0.507819
0.508693
0.510077
0.510077
0.514317
0.514317
0.5147
0.5147
0.516462
0.516462
0.520658
0.520931
0.522518
0.528656
0.529137
0.529137
0.535776
0.535776
0.537019
0.537019
0.542065
0.542065
0.542773
0.542773
0.543763
0.543763
0.545615
0.545615
0.546682
0.546682
0.551662
0.55237
0.555434
0.559277
0.559277
0.560684
0.561079
0.561079
0.561668
0.573332
0.573332
0.574291
0.574291
0.575437
0.577177
0.580037
0.580037
0.580861
0.583995
0.588218
0.595048
0.595048
0.596258
0.597714
0.600005
0.600005
0.600181
0.604318
0.604318
0.605972
0.609219
0.619482
0.621054
0.624913
0.629516
0.631496
0.632538
0.634365
0.635511
0.637582
0.637582
0.639127
0.645187
0.645187
0.650211
0.650518
0.650518
0.654113
0.656955
0.669285
0.669285
0.674351
0.681371
0.683123
0.695992
0.695992
0.701974
0.701974
0.70516
0.710244
0.712542
0.713016
0.713792
0.719128
0.738848
0.738848
0.738965
0.743886
0.743886
0.744361
0.744361
0.745786
0.745786
0.750299
0.755091
0.756796
0.765097
0.76556
0.76556
0.76726
0.767958
0.769565
0.770301
0.770301
0.770597
0.77743
0.780321
0.787446
0.794174
0.794174
0.797809
0.797809
0.799342
0.804069
0.822355
0.823855
0.823855
0.828673
0.833487
0.833487
0.83701
0.839343
0.840266
0.842522
0.844242
0.846947
0.859486
0.861498
0.87462
0.879413
0.879413
0.884458
0.885635
0.912645
0.921805
0.921805
0.933088
0.939793
0.940115
0.940236
0.974376
0.974376
0.98052
0.986989
0.991086
1.00674
1.02032
1.02708
1.03244
1.04176
1.08661
1.09251
1.11522
1.14073
1.17952
1.18638
1.18638
1.187
1.19134
1.21154
1.21154
1.2155
1.2155
1.25319
1.25747
1.29702
1.31222
1.34427
1.36467
1.41029
1.43286
