0.328
0.328
0.328
0.328
0.328
0.328
0.328
0.328
0.328
0.328
0.328
0.328
0.328
0.328
0.328
0.328
0.329
0.329
0.331
0.332
0.332
0.332
0.332
0.332
0.333
0.333
0.334
0.334
0.335
0.336
0.336
0.336
0.336
0.336
0.337
0.338
0.339
0.339
0.34
0.341
0.343
0.343
0.343
0.343
0.344
0.344
0.344
0.344
0.344
0.345
0.347
0.348
0.349
0.352
0.352
0.353
0.353
0.354
0.354
0.354
0.356
0.358
0.362
0.364
0.367
0.371
0.373
0.375
0.378
0.378
0.379
0.381
0.382
0.384
0.385
0.387
0.391
0.395
0.399
0.401
0.406
0.406
0.41
0.412
0.417
0.419
0.421
0.427
0.428
0.43
0.436
0.439
0.439
0.441
0.441
0.447
0.45
0.456
0.457
0.458
0.46
0.465
0.47
0.472
0.475
0.479
0.48
0.485
0.486
0.489
0.492
0.492
0.496
0.502
0.502
0.503
0.504
0.506
0.507
0.509
0.51
0.514
0.514
0.516
0.522
0.528
0.532
0.535
0.539
0.542
0.545
0.547
0.554
0.557
0.56
0.565
0.571
0.573
0.578
0.583
0.587
0.599
0.601
0.604
0.607
0.608
0.615
0.616
0.617
0.619
0.622
0.624
0.629
0.632
0.637
0.639
0.639
0.64
0.643
0.647
0.653
0.658
0.658
0.667
0.67
0.672
0.683
0.684
0.69
0.694
0.701
0.71
0.715
0.719
0.723
0.724
0.729
0.732
0.734
0.735
0.738
0.74
0.745
0.749
0.751
0.756
0.762
0.769
0.775
0.778
0.786
0.792
0.795
0.802
0.809
0.812
0.815
0.822
0.824
0.828
0.832
0.835
0.839
0.844
0.85
0.853
0.857
0.862
0.875
0.879
0.886
0.891
0.898
0.905
0.907
0.911
0.913
0.921
0.925
0.932
0.936
0.94
0.948
0.958
0.963
0.969
0.981
0.987
0.994
0.998
1.002
1.007
1.013
1.018
1.025
1.033
1.04
1.045
1.051
1.056
1.06
1.067
1.071
1.083
1.089
1.101
1.105
1.11
1.118
1.125
1.131
1.134
1.143
1.149
1.153
1.165
1.171
1.178
1.189
1.197
1.206
1.212
1.217
1.227
1.232
1.236
1.248
1.256
1.27
1.274
1.284
1.289
1.294
1.305
1.313
1.318
1.326
1.333
1.339
1.349
1.359
1.366
1.375
1.382
1.393
1.402
1.408
1.419
1.425
1.435
1.442
1.45
1.463
1.475
1.481
1.496
1.505
1.514
1.529
1.539
1.548
1.559
1.574
1.584
1.595
1.605
1.623
1.636
1.644
1.657
1.671
1.682
1.691
1.708
1.717
1.726
1.745
1.756
1.773
1.793
1.807
1.825
1.841
1.858
1.879
1.903
1.923
1.954
1.99
2.02
2.065
2.107
2.147
2.187
2.248
2.323
2.42
2.525
2.708
2.924
3.021
3.151
3.236
3.354
3.818
3.97
4.505
4.626
4.823
5.043
