0.151818
0.151818
0.153562
0.153562
0.155163
0.155211
0.157414
0.157544
0.160035
0.160104
0.162197
0.162413
0.16474
0.165046
0.167624
0.167937
0.170803
0.171527
0.174231
0.174773
0.177226
0.1781
0.180328
0.181733
0.184138
0.185203
0.187089
0.188515
0.190701
0.191813
0.194189
0.195388
0.197537
0.198658
0.200702
0.202324
0.204503
0.20622
0.208094
0.209984
0.211621
0.213823
0.215291
0.216874
0.218473
0.220022
0.221505
0.223607
0.225212
0.226882
0.2282
0.230308
0.231641
0.23367
0.23529
0.237001
0.238919
0.240796
0.242213
0.243716
0.24534
0.247313
0.249573
0.251276
0.252486
0.254499
0.256274
0.258063
0.259896
0.2612
0.26259
0.264536
0.266425
0.268219
0.269872
0.271859
0.27404
0.275518
0.276934
0.278599
0.280424
0.282158
0.284171
0.285904
0.288139
0.289801
0.291461
0.293462
0.295085
0.296595
0.297669
0.299141
0.300874
0.302649
0.304599
0.305928
0.307693
0.30916
0.31058
0.311546
0.313209
0.314534
0.316069
0.31719
0.318694
0.320164
0.32176
0.323261
0.324763
0.325886
0.327322
0.3286
0.330273
0.331738
0.333382
0.334737
0.336391
0.337891
0.34015
0.341315
0.342775
0.344144
0.345471
0.347211
0.348997
0.35041
0.351967
0.353492
0.355273
0.356873
0.358224
0.360233
0.362011
0.363861
0.365616
0.367368
0.368784
0.370552
0.37165
0.373058
0.37456
0.376111
0.377473
0.37873
0.380728
0.382571
0.384507
0.386149
0.387564
0.389313
0.390845
0.392325
0.393898
0.395731
0.397062
0.398594
0.400018
0.401614
0.402561
0.404341
0.405782
0.407089
0.408602
0.410076
0.411719
0.413022
0.414766
0.416233
0.417613
0.419224
0.4205
0.421677
0.423272
0.424445
0.425535
0.426877
0.428288
0.429512
0.431083
0.432157
0.433534
0.435007
0.436607
0.437876
0.439522
0.440976
0.442338
0.444048
0.445924
0.44771
0.449149
0.450343
0.451605
0.452825
0.454819
0.456243
0.457733
0.459137
0.461083
0.462614
0.464043
0.465436
0.466891
0.468282
0.470115
0.47146
0.472823
0.474207
0.475701
0.477292
0.478692
0.480214
0.481579
0.483353
0.485204
0.486771
0.488419
0.490387
0.492067
0.493479
0.494804
0.496307
0.497641
0.4993
0.500901
0.502453
0.503652
0.505228
0.506808
0.508226
0.510044
0.511639
0.513255
0.514771
0.516227
0.517815
0.519137
0.520869
0.522384
0.52384
0.525322
0.526739
0.528398
0.529947
0.531375
0.53293
0.534373
0.535985
0.537793
0.53928
0.540938
0.542465
0.544171
0.546024
0.547379
0.54897
0.550423
0.552539
0.554488
0.556156
0.557694
0.559311
0.561045
0.562215
0.564286
0.565538
0.567369
0.569159
0.571189
0.573673
0.575774
0.577836
0.579239
0.581337
0.583478
0.585045
0.587567
0.590016
0.591972
0.593993
0.596387
0.598749
0.601046
0.603489
0.605778
0.607722
0.610101
0.611786
0.613889
0.615938
0.617758
0.620457
0.622296
0.62449
0.626478
0.629214
0.631155
0.633307
0.636238
0.638931
0.641271
0.644061
0.646291
0.648708
0.651845
0.65458
0.657036
0.659156
0.662067
0.665043
0.667729
0.671235
0.674037
0.67745
0.681071
0.684483
0.687684
0.690934
0.693081
0.696383
0.699942
0.702899
0.706104
0.709343
0.712668
0.715525
0.718641
0.721625
0.724272
0.72732
0.730436
0.733201
0.736384
0.738999
0.742003
0.745025
0.747954
0.75129
0.755682
0.759787
0.763855
0.767939
0.772018
0.776426
0.781429
0.785776
0.790394
0.79479
0.799243
0.804395
0.81034
0.814969
0.822007
0.827929
0.834219
0.84148
0.848872
0.856322
0.862761
0.870531
0.876767
0.884936
0.891509
0.897988
0.905814
0.912803
0.922059
0.930662
0.938931
0.94668
0.955417
0.965127
0.973819
0.983067
0.991625
1.00057
1.01049
1.02158
1.03492
1.04587
1.05611
1.06901
1.08153
1.10636
1.12908
1.1546
1.17278
1.19905
1.22063
1.2442
1.26531
1.28433
1.30578
1.32468
1.3463
1.37185
1.41364
1.47656
1.56193
1.76059
