0.151719
0.151719
0.153183
0.153183
0.154585
0.154585
0.155954
0.155954
0.157896
0.157896
0.160386
0.160386
0.163132
0.163168
0.165684
0.166019
0.16871
0.169259
0.172247
0.172841
0.17533
0.175753
0.17812
0.179272
0.181479
0.182786
0.184656
0.185812
0.188209
0.189135
0.190431
0.191455
0.193024
0.194126
0.195601
0.196835
0.198523
0.199653
0.20098
0.201911
0.203605
0.204698
0.206668
0.207577
0.20921
0.209942
0.211286
0.21228
0.21395
0.214747
0.216477
0.217475
0.218787
0.220214
0.221478
0.222447
0.224173
0.225343
0.226753
0.227826
0.229123
0.230527
0.232005
0.233324
0.234422
0.235902
0.237159
0.238411
0.239716
0.241074
0.242447
0.243514
0.245006
0.24652
0.247721
0.248794
0.250731
0.251832
0.253108
0.254404
0.255958
0.257232
0.258461
0.259919
0.261577
0.26273
0.26402
0.265519
0.266629
0.268049
0.269056
0.270433
0.271537
0.273157
0.274626
0.275706
0.277113
0.278055
0.279783
0.281183
0.282396
0.283636
0.285215
0.286577
0.287839
0.289062
0.290709
0.291976
0.293816
0.29494
0.296301
0.297613
0.299231
0.300358
0.302096
0.303369
0.30477
0.306007
0.307417
0.30855
0.31007
0.311086
0.312333
0.313304
0.314797
0.315938
0.317241
0.318312
0.319495
0.32053
0.3219
0.323134
0.324281
0.325732
0.326808
0.327951
0.328935
0.330036
0.331111
0.332465
0.333423
0.334548
0.335751
0.336829
0.337891
0.339154
0.340513
0.34147
0.342588
0.343956
0.345199
0.34624
0.34827
0.349687
0.351045
0.352242
0.353599
0.354775
0.355921
0.356984
0.358077
0.359172
0.360485
0.361401
0.362478
0.364168
0.365075
0.366585
0.367688
0.368975
0.370054
0.371104
0.372201
0.373322
0.374488
0.375724
0.376741
0.377839
0.378745
0.379864
0.380834
0.38203
0.38294
0.383977
0.385139
0.386357
0.38705
0.387883
0.389419
0.390499
0.391744
0.392795
0.394092
0.395125
0.396257
0.397269
0.398381
0.399468
0.400605
0.401696
0.40272
0.404218
0.405275
0.40672
0.407654
0.408706
0.409564
0.410729
0.411754
0.413065
0.414083
0.415409
0.416694
0.417923
0.418803
0.420046
0.421298
0.422695
0.423973
0.425271
0.42621
0.427468
0.428672
0.429649
0.431097
0.432669
0.433535
0.435173
0.436469
0.43777
0.439042
0.441018
0.442268
0.44365
0.445023
0.446256
0.447349
0.448925
0.450516
0.45181
0.453372
0.454314
0.455541
0.456687
0.458075
0.459334
0.460857
0.46211
0.463683
0.464626
0.46595
0.46739
0.468449
0.469791
0.471055
0.472396
0.473518
0.474814
0.476139
0.47738
0.478823
0.480434
0.481917
0.483574
0.484709
0.486311
0.487888
0.489554
0.490787
0.492408
0.493725
0.495176
0.497092
0.498453
0.500087
0.501699
0.502915
0.5045
0.506153
0.507744
0.509507
0.510822
0.512659
0.51391
0.515293
0.516439
0.517609
0.518881
0.520262
0.521631
0.523417
0.525296
0.526855
0.528356
0.529872
0.531374
0.532786
0.534466
0.536168
0.537479
0.538854
0.54058
0.541883
0.543671
0.545364
0.547239
0.548827
0.550157
0.552392
0.554116
0.556058
0.557725
0.559876
0.561405
0.56334
0.565287
0.56761
0.568999
0.571516
0.573842
0.575805
0.577695
0.579538
0.582128
0.58409
0.586719
0.58896
0.590943
0.592934
0.595416
0.597739
0.600069
0.601878
0.604104
0.606605
0.60886
0.611235
0.613839
0.61607
0.618707
0.621352
0.623848
0.626162
0.62856
0.630815
0.632926
0.635537
0.637863
0.640187
0.642437
0.645116
0.647903
0.650796
0.653603
0.655951
0.658664
0.661068
0.663576
0.666057
0.668887
0.671847
0.674441
0.67699
0.679546
0.682492
0.685252
0.688378
0.69129
0.694565
0.697712
0.700972
0.703672
0.70687
0.709874
0.713199
0.71648
0.72011
0.723181
0.72608
0.729271
0.732407
0.735919
0.739166
0.742323
0.7453
0.748382
0.752539
0.755541
0.759131
0.762963
0.766981
0.771563
0.776673
0.780319
0.784453
0.787935
0.792397
0.79678
0.800819
0.80451
0.808699
0.812986
0.816249
0.820537
0.8245
0.828458
0.833554
0.838061
0.84342
0.848476
0.854104
0.86068
0.86612
0.8724
0.878267
0.883166
0.889592
0.895862
0.902918
0.91038
0.918418
0.926729
0.935305
0.943842
0.951585
0.959672
0.968242
0.976017
0.984788
0.99532
1.00677
1.01769
1.02894
1.04326
1.06078
1.07714
1.09065
1.10545
1.13102
1.15903
1.18879
1.21209
1.2345
1.25823
1.2827
1.32581
1.35358
1.39158
1.44423
1.55944
