0.14
0.29
0.38
0.46
0.52
0.57
0.61
0.64
0.67
0.75
0.83
0.85
0.89
0.91
0.93
0.94
0.94
0.95
0.98
1.01
1.03
1.05
1.09
1.14
1.18
1.23
1.28
1.3
1.37
1.39
1.43
1.46
1.49
1.51
1.53
1.53
1.55
1.56
1.56
1.56
1.56
1.56
1.57
1.57
1.58
1.58
1.58
1.58
1.59
1.61
1.62
1.65
1.67
1.73
1.76
1.82
1.89
1.92
1.94
1.98
2.02
2.06
2.1
2.16
2.22
2.25
2.27
2.28
2.29
2.3
2.31
2.33
2.34
2.37
2.38
2.39
2.39
2.39
2.41
2.42
2.45
2.46
2.46
2.47
2.49
2.53
2.55
2.58
2.6
2.62
2.63
2.66
2.69
2.72
2.75
2.75
2.79
2.82
2.83
2.85
2.88
2.89
2.9
2.9
2.92
2.97
2.99
3.01
3.04
3.06
3.12
3.17
3.19
3.2
3.22
3.28
3.28
3.3
3.35
3.4
3.42
3.43
3.47
3.47
3.51
3.54
3.58
3.6
3.62
3.65
3.65
3.66
3.67
3.72
3.74
3.75
3.76
3.76
3.77
3.78
3.79
3.81
3.82
3.83
3.85
3.89
3.91
3.94
3.95
3.95
4.02
4.03
4.06
4.1
4.1
4.1
4.14
4.19
4.27
4.32
4.34
4.38
4.41
4.43
4.44
4.48
4.49
4.53
4.55
4.57
4.61
4.63
4.66
4.68
4.68
4.72
4.75
4.78
4.79
4.79
4.81
4.82
4.85
4.88
4.9
4.93
4.94
4.96
4.96
5.0
5.0
5.04
5.06
5.13
5.15
5.18
5.26
5.32
5.37
5.42
5.46
5.5
5.52
5.55
5.57
5.6
5.62
5.63
5.66
5.67
5.7
5.73
5.74
5.76
5.8
5.83
5.84
5.84
5.85
5.9
5.94
5.97
5.99
6.04
6.06
6.09
6.11
6.17
6.22
6.25
6.27
6.3
6.32
6.34
6.35
6.39
6.43
6.45
6.47
6.49
6.55
6.6
6.62
6.63
6.65
6.66
6.69
6.69
6.73
6.78
6.81
6.86
6.91
6.93
6.97
7.0
7.04
7.06
7.1
7.14
7.17
7.18
7.19
7.2
7.22
7.27
7.31
7.36
7.38
7.4
7.42
7.45
7.52
7.55
7.61
7.64
7.69
7.71
7.75
7.79
7.82
7.84
7.88
7.95
7.96
8.02
8.05
8.08
8.12
8.13
8.16
8.17
8.18
8.24
8.28
8.32
8.36
8.38
8.42
8.45
8.47
8.49
8.53
8.61
8.62
8.64
8.68
8.73
8.77
8.86
8.87
8.9
8.94
8.99
9.03
9.1
9.14
9.17
9.19
9.22
9.24
9.27
9.3
9.31
9.34
9.38
9.41
9.48
9.53
9.57
9.62
9.65
9.69
9.72
9.72
9.78
9.85
9.86
9.89
9.96
10.01
10.05
10.08
10.1
10.15
10.16
10.19
10.2
10.25
10.29
10.35
10.41
10.44
10.46
10.49
10.53
10.55
10.6
10.6
10.67
10.73
10.8
10.83
10.87
10.91
10.93
11.0
11.03
11.08
11.11
11.14
11.17
11.21
11.24
11.29
11.33
11.38
11.42
11.47
11.52
11.54
11.58
11.62
11.66
11.72
11.75
11.81
11.83
11.93
11.98
12.01
12.06
12.1
12.17
12.21
12.21
12.24
12.31
12.36
12.39
12.5
12.53
12.6
12.64
12.74
12.78
12.84
12.94
13.0
13.04
13.06
13.09
13.14
13.2
13.24
13.29
13.37
13.43
13.47
13.56
13.63
13.71
13.8
13.85
13.91
13.96
14.03
14.1
14.18
14.26
14.27
14.29
14.37
14.4
14.48
14.57
14.65
14.75
14.8
14.88
14.93
14.99
15.08
15.22
15.26
15.35
15.42
15.52
15.63
15.71
15.81
15.89
15.99
16.06
16.13
16.21
16.34
16.37
16.46
16.6
16.71
16.8
16.96
17.07
17.16
17.26
17.45
17.6
17.68
17.86
18.0
18.15
18.25
18.37
18.54
18.73
18.98
19.2
19.35
19.56
19.74
19.97
20.27
20.47
20.64
20.99
21.23
21.45
21.8
22.16
22.55
22.97
23.38
24.0
24.57
25.29
26.26
27.51
29.25
32.68
