0.150006
0.150006
0.15035
0.15035
0.150845
0.150845
0.151731
0.151731
0.151844
0.151844
0.15218
0.15218
0.152198
0.152198
0.152709
0.152709
0.152744
0.152744
0.153401
0.153401
0.153942
0.153942
0.154276
0.154276
0.154332
0.154332
0.154897
0.154897
0.15507
0.15507
0.155242
0.155242
0.157076
0.157076
0.157226
0.157226
0.158855
0.158855
0.159168
0.159168
0.160166
0.160166
0.160661
0.160661
0.16072
0.161488
0.161488
0.163566
0.163566
0.163851
0.163851
0.165079
0.165079
0.165981
0.166001
0.166001
0.166866
0.166866
0.167473
0.169717
0.169717
0.17069
0.17069
0.171554
0.171554
0.171917
0.171917
0.174377
0.174377
0.176251
0.176251
0.178145
0.180515
0.180515
0.180634
0.180634
0.184246
0.184246
0.184674
0.184674
0.186658
0.186658
0.188793
0.188793
0.191008
0.191008
0.191269
0.191269
0.191384
0.191384
0.191591
0.191591
0.193156
0.193156
0.19416
0.19416
0.194897
0.194897
0.195186
0.195186
0.197229
0.197229
0.197669
0.197669
0.197875
0.197875
0.197893
0.197893
0.199935
0.199935
0.201151
0.201151
0.203102
0.206032
0.206704
0.206704
0.206945
0.206945
0.208117
0.208408
0.211443
0.213321
0.213321
0.213866
0.213866
0.213945
0.214084
0.214533
0.214533
0.217337
0.217639
0.217639
0.21768
0.21768
0.220787
0.220787
0.220977
0.220977
0.222957
0.222957
0.22383
0.22383
0.227305
0.227305
0.228399
0.228399
0.228407
0.228472
0.228472
0.229442
0.229442
0.230878
0.233918
0.233918
0.235724
0.235804
0.236077
0.236077
0.23698
0.23698
0.237189
0.237189
0.237708
0.239941
0.239941
0.240875
0.240875
0.242738
0.242738
0.243397
0.243397
0.243478
0.244877
0.244877
0.246875
0.246875
0.246932
0.246932
0.248626
0.248626
0.249394
0.249394
0.250751
0.251434
0.251434
0.255467
0.255467
0.258005
0.260144
0.260611
0.260611
0.262163
0.262163
0.262556
0.262556
0.262734
0.262734
0.263092
0.263092
0.26446
0.264582
0.265417
0.265417
0.265603
0.265641
0.265708
0.265708
0.266179
0.266179
0.26661
0.26661
0.268271
0.268271
0.272686
0.272686
0.273982
0.273982
0.277939
0.277939
0.279341
0.279567
0.28187
0.28187
0.28247
0.282535
0.28391
0.28391
0.286922
0.286922
0.287208
0.288249
0.288267
0.288267
0.28867
0.28871
0.288716
0.288716
0.288745
0.291985
0.294314
0.294314
0.294704
0.294704
0.295693
0.295693
0.296085
0.296688
0.296688
0.297426
0.297426
0.300531
0.300531
0.301421
0.301421
0.302308
0.302308
0.302339
0.302339
0.302367
0.303255
0.305606
0.305606
0.305773
0.305773
0.306598
0.307667
0.307826
0.309669
0.310212
0.310653
0.310653
0.310752
0.310752
0.311542
0.312104
0.312306
0.312811
0.314669
0.316835
0.318603
0.318603
0.318905
0.318905
0.319467
0.319489
0.321707
0.321821
0.321821
0.324969
0.325388
0.325388
0.326214
0.326936
0.326936
0.326939
0.326939
0.327481
0.328524
0.328972
0.330184
0.330184
0.330706
0.330706
0.331733
0.331733
0.331794
0.331794
0.331844
0.331844
0.333239
0.333709
0.333756
0.333756
0.334168
0.334168
0.336213
0.336213
0.336959
0.337681
0.337681
0.337848
0.338396
0.338396
0.33963
0.33963
0.339644
0.342219
0.342488
0.342488
0.343716
0.343716
0.344137
0.344145
0.344145
0.345424
0.346274
0.346274
0.348395
0.348953
0.349035
0.349035
0.350228
0.351689
0.351754
0.353286
0.353867
0.354033
0.354033
0.357292
0.359154
0.359929
0.36008
0.36008
0.360463
0.360626
0.360626
0.361455
0.361455
0.362784
0.362784
0.364225
0.364353
0.364353
0.366087
0.366087
0.366847
0.367531
0.367944
0.367944
0.37019
0.371293
0.371293
0.371355
0.372003
0.372003
0.372519
0.372714
0.372714
0.37307
0.373484
0.374183
0.37436
0.375169
0.376263
0.376263
0.377141
0.377355
0.377859
0.377859
0.378492
0.378492
0.379711
0.379711
0.379918
0.379918
0.380298
0.380298
0.380412
0.380412
0.381028
0.381028
0.38184
0.381935
0.382215
0.382215
0.382435
0.382718
0.382908
0.382908
0.383118
0.384745
0.384745
0.387171
0.38804
0.38804
0.388783
0.388783
0.390179
0.39029
0.390665
0.390665
0.391338
0.392677
0.392677
0.39281
0.394312
0.394972
0.394972
0.396498
0.396615
0.396615
0.396805
0.397041
0.397041
0.397054
0.397054
0.397311
0.398201
0.399282
0.399282
0.399338
0.401245
0.401247
0.401612
0.402592
0.403862
0.403862
0.404063
0.404863
0.40542
0.405527
0.406781
0.408608
0.40894
0.409927
0.409927
0.411024
0.41159
0.412289
0.412289
0.412892
0.412892
0.412959
0.412959
0.414517
0.416559
0.416737
0.416737
0.417844
0.418651
0.418651
0.419003
0.420561
0.422186
0.423538
0.425075
0.426162
0.426162
0.426723
0.426723
0.427256
0.427256
0.427757
0.428326
0.430062
0.430062
0.430273
0.430435
0.430435
0.432199
0.43222
0.432866
0.432866
0.433065
0.433215
0.433215
0.433979
0.433979
0.434322
0.434322
0.434763
0.435671
0.435806
0.435806
0.43813
0.438473
0.438483
0.438664
0.43887
0.43887
0.439119
0.441336
0.441406
0.441507
0.441876
0.444749
0.445715
0.447839
0.448845
0.44959
0.450239
0.452567
0.454371
0.454371
0.45452
0.454658
0.455518
0.45629
0.456888
0.456888
0.457006
0.458545
0.458545
0.458683
0.459743
0.459743
0.460291
0.461898
0.46279
0.463394
0.466516
0.468759
0.468759
0.470521
0.470832
0.474113
0.474113
0.474256
0.474902
0.475886
0.476887
0.477871
0.480017
0.482016
0.484003
0.484003
0.486108
0.488714
0.491002
0.492034
0.493999
0.494744
0.494744
0.494945
0.497026
0.498585
0.499477
0.502121
0.503273
0.504124
0.504124
0.504689
0.505108
0.505108
0.506341
0.506341
0.507569
0.511868
0.512013
0.512013
0.513985
0.515263
0.515376
0.518837
0.51909
0.519507
0.523952
0.526444
0.526495
0.526495
0.531741
0.532159
0.532159
0.533097
0.536196
0.536808
0.536808
0.53829
0.541792
0.541792
0.544542
0.545521
0.545896
0.547866
0.547866
0.549323
0.55399
0.55399
0.567265
0.568025
0.568025
0.571521
0.572349
0.572349
0.585268
0.586167
0.588383
0.594482
0.594482
0.594655
0.599363
0.601467
0.601613
0.601613
0.601619
0.603791
0.609983
0.610289
0.612286
0.614908
0.615556
0.615556
0.615891
0.616635
0.616635
0.618733
0.62533
0.626862
0.628663
0.631753
0.631753
0.635502
0.635502
0.636487
0.636487
0.637838
0.64203
0.64245
0.643313
0.644103
0.648157
0.649687
0.651976
0.653751
0.653751
0.65474
0.659733
0.659733
0.660665
0.66209
0.664332
0.665293
0.665443
0.665732
0.665732
0.669167
0.672079
0.674663
0.678076
0.679598
0.679598
0.687944
0.68886
0.68886
0.689635
0.689692
0.689692
0.705966
0.709751
0.715259
0.715259
0.718023
0.718555
0.719012
0.728954
0.729128
0.729271
0.729364
0.733363
0.734239
0.742012
0.742303
0.752893
0.752893
0.753043
0.753197
0.753735
0.753966
0.753966
0.755064
0.755552
0.756862
0.758156
0.760107
0.761157
0.771193
0.774585
0.774681
0.775582
0.781516
0.781993
0.783755
0.799331
0.79998
0.807146
0.807572
0.810658
0.821158
0.821158
0.82711
0.850684
0.852717
0.857952
0.870004
0.873967
0.881388
0.891411
0.898133
0.92874
0.938379
0.940345
0.950314
0.958767
0.963573
0.963573
0.965566
0.967241
0.972668
0.9732
1.002
1.01988
1.05917
1.05999
1.10921
1.10973
1.1179
1.13134
1.14719
1.16923
1.52739
