0.328
0.328
0.328
0.328
0.328
0.329
0.329
0.329
0.331
0.331
0.332
0.333
0.335
0.335
0.335
0.337
0.337
0.339
0.339
0.34
0.34
0.341
0.341
0.341
0.344
0.344
0.344
0.345
0.346
0.347
0.348
0.348
0.349
0.35
0.35
0.35
0.351
0.351
0.352
0.354
0.356
0.357
0.357
0.358
0.359
0.362
0.363
0.365
0.365
0.368
0.368
0.369
0.371
0.372
0.374
0.376
0.378
0.381
0.384
0.388
0.39
0.391
0.393
0.394
0.395
0.395
0.4
0.4
0.402
0.402
0.403
0.403
0.405
0.406
0.406
0.408
0.41
0.41
0.411
0.412
0.415
0.418
0.418
0.42
0.421
0.424
0.425
0.425
0.427
0.43
0.435
0.437
0.439
0.443
0.444
0.45
0.453
0.455
0.457
0.459
0.459
0.465
0.468
0.474
0.476
0.477
0.48
0.484
0.487
0.488
0.488
0.489
0.491
0.493
0.495
0.5
0.501
0.504
0.506
0.508
0.513
0.514
0.517
0.519
0.523
0.525
0.529
0.531
0.531
0.536
0.539
0.539
0.539
0.541
0.543
0.544
0.545
0.547
0.548
0.549
0.55
0.551
0.551
0.552
0.552
0.552
0.554
0.557
0.558
0.56
0.561
0.563
0.565
0.567
0.568
0.572
0.576
0.579
0.581
0.587
0.591
0.597
0.601
0.604
0.608
0.611
0.612
0.615
0.615
0.618
0.619
0.622
0.622
0.625
0.629
0.632
0.634
0.636
0.639
0.641
0.642
0.644
0.647
0.647
0.652
0.654
0.655
0.656
0.659
0.663
0.663
0.664
0.665
0.667
0.668
0.669
0.669
0.671
0.673
0.673
0.675
0.679
0.68
0.681
0.683
0.683
0.683
0.686
0.691
0.691
0.696
0.697
0.702
0.706
0.708
0.711
0.714
0.717
0.724
0.726
0.73
0.733
0.735
0.737
0.741
0.746
0.749
0.752
0.759
0.759
0.761
0.764
0.764
0.764
0.766
0.766
0.768
0.771
0.773
0.774
0.775
0.776
0.779
0.779
0.781
0.783
0.784
0.788
0.793
0.796
0.799
0.804
0.806
0.809
0.812
0.813
0.818
0.821
0.823
0.825
0.827
0.831
0.836
0.839
0.842
0.842
0.844
0.846
0.848
0.851
0.852
0.854
0.855
0.858
0.858
0.858
0.859
0.86
0.861
0.862
0.863
0.865
0.868
0.872
0.878
0.881
0.884
0.886
0.89
0.896
0.899
0.902
0.906
0.907
0.91
0.913
0.919
0.922
0.924
0.929
0.932
0.933
0.937
0.939
0.942
0.944
0.944
0.948
0.95
0.95
0.95
0.95
0.953
0.954
0.955
0.957
0.958
0.96
0.962
0.964
0.966
0.968
0.971
0.972
0.977
0.978
0.981
0.984
0.988
0.99
0.994
0.997
0.999
1.005
1.009
1.013
1.021
1.024
1.028
1.029
1.029
1.035
1.036
1.036
1.038
1.039
1.042
1.043
1.043
1.046
1.048
1.048
1.05
1.051
1.051
1.055
1.057
1.059
1.064
1.066
1.07
1.073
1.075
1.077
1.081
1.085
1.089
1.093
1.094
1.095
1.098
1.1
1.103
1.107
1.108
1.113
1.114
1.117
1.119
1.12
1.124
1.127
1.129
1.13
1.132
1.132
1.137
1.138
1.14
1.144
1.149
1.149
1.152
1.155
1.156
1.158
1.161
1.166
1.173
1.175
1.178
1.185
1.187
1.19
1.191
1.192
1.195
1.196
1.198
1.2
1.202
1.203
1.204
1.204
1.208
1.209
1.209
1.212
1.215
1.219
1.221
1.223
1.226
1.231
1.234
1.236
1.242
1.244
1.25
1.254
1.259
1.262
1.266
1.269
1.274
1.277
1.28
1.282
1.283
1.284
1.285
1.289
1.292
1.296
1.296
1.298
1.3
1.302
1.303
1.305
1.308
1.31
1.313
1.314
1.319
1.323
1.326
1.329
1.331
1.335
1.337
1.34
1.346
1.348
1.354
1.357
1.358
1.361
1.363
1.368
1.37
1.37
1.373
1.373
1.375
1.379
1.382
1.387
1.388
1.392
1.395
1.396
1.4
1.405
1.409
1.411
1.415
1.418
1.422
1.425
1.429
1.433
1.437
1.438
1.444
1.445
1.446
1.448
1.449
1.453
1.455
1.456
1.458
1.459
1.461
1.465
1.467
1.468
1.473
1.477
1.483
1.485
1.489
1.492
1.497
1.502
1.506
1.51
1.515
1.519
1.524
1.529
1.529
1.53
1.534
1.534
1.536
1.537
1.539
1.539
1.542
1.546
1.55
1.55
1.553
1.559
1.567
1.571
1.574
1.579
1.582
1.588
1.591
1.597
1.599
1.603
1.606
1.61
1.612
1.617
1.62
1.621
1.623
1.625
1.626
1.627
1.631
1.637
1.639
1.644
1.649
1.654
1.657
1.662
1.663
1.667
1.671
1.677
1.683
1.685
1.688
1.69
1.691
1.694
1.697
1.7
1.703
1.707
1.713
1.713
1.716
1.723
1.729
1.731
1.733
1.738
1.741
1.746
1.749
1.753
1.754
1.757
1.762
1.766
1.771
1.777
1.778
1.784
1.79
1.794
1.803
1.806
1.807
1.815
1.817
1.818
1.822
1.825
1.826
1.831
1.835
1.844
1.849
1.855
1.857
1.862
1.864
1.867
1.87
1.874
1.88
1.884
1.887
1.889
1.893
1.896
1.899
1.909
1.914
1.918
1.921
1.925
1.927
1.933
1.939
1.941
1.944
1.946
1.954
1.959
1.966
1.971
1.977
1.983
1.989
1.993
1.999
2.001
2.007
2.011
2.015
2.019
2.02
2.022
2.034
2.038
2.039
2.044
2.054
2.055
2.062
2.068
2.076
2.089
2.096
2.101
2.107
2.113
2.114
2.118
2.127
2.129
2.133
2.143
2.152
2.161
2.168
2.173
2.176
2.184
2.191
2.196
2.204
2.211
2.218
2.226
2.236
2.243
2.248
2.255
2.263
2.273
2.283
2.29
2.298
2.304
2.314
2.322
2.328
2.334
2.339
2.346
2.355
2.362
2.373
2.38
2.39
2.395
2.411
2.42
2.432
2.439
2.452
2.459
2.468
2.489
2.5
2.507
2.517
2.53
2.544
2.556
2.567
2.58
2.596
2.607
2.624
2.637
2.655
2.677
2.695
2.715
2.739
2.756
2.776
2.791
2.806
2.832
2.857
2.877
2.914
2.946
2.98
3.041
3.11
3.161
3.264
3.464
4.139
4.461
