0.187354
0.187354
0.244234
0.244234
0.309852
0.310367
0.347074
0.347374
0.371526
0.377291
0.397144
0.408948
0.430968
0.438807
0.457422
0.468338
0.490883
0.497972
0.524006
0.540203
0.554845
0.570719
0.581449
0.597594
0.610536
0.620704
0.635437
0.646625
0.659789
0.671151
0.684461
0.69746
0.712419
0.725279
0.738984
0.764817
0.773178
0.796097
0.808416
0.830258
0.853233
0.868692
0.89059
0.904762
0.920252
0.935407
0.947778
0.95759
0.971612
0.982783
0.990313
0.997954
1.007
1.01748
1.02698
1.0362
1.04915
1.05602
1.0667
1.07824
1.09351
1.1054
1.12274
1.13491
1.14855
1.15906
1.17356
1.18578
1.19752
1.20992
1.22517
1.24289
1.26226
1.28939
1.3349
1.35918
1.38621
1.42247
1.44407
1.46579
1.49028
1.53202
1.55455
1.57479
1.5957
1.61764
1.65068
1.69778
1.73568
1.87851
2.07134
2.23607
2.35186
2.44402
2.50577
2.55564
2.65627
2.73454
2.88468
3.33789
