0.169269
0.169269
0.191021
0.192912
0.210676
0.216632
0.228329
0.234498
0.242098
0.252502
0.258516
0.268419
0.271953
0.279667
0.284526
0.291517
0.295392
0.303655
0.309894
0.319504
0.326017
0.33342
0.341585
0.348957
0.354365
0.361782
0.368525
0.374858
0.38086
0.389084
0.395802
0.405771
0.41837
0.429184
0.44086
0.451586
0.46114
0.472223
0.482799
0.488176
0.497802
0.505418
0.516791
0.526538
0.535717
0.543743
0.551369
0.561694
0.57082
0.578239
0.58768
0.59436
0.603301
0.609173
0.615974
0.621152
0.628638
0.635184
0.641668
0.64643
0.652762
0.656362
0.662283
0.667919
0.673484
0.678306
0.684761
0.690899
0.697604
0.704497
0.711185
0.715866
0.723777
0.730304
0.73758
0.745854
0.752464
0.760355
0.769591
0.776303
0.785648
0.79419
0.800843
0.811336
0.824808
0.836411
0.846808
0.864682
0.879369
0.89974
0.911961
0.927026
0.943431
0.954897
0.968992
0.979081
0.991229
1.00049
1.01409
1.02449
1.03515
1.04858
1.05683
1.06633
1.07657
1.09297
1.10734
1.11953
1.12673
1.13679
1.14869
1.15706
1.16675
1.17457
1.18424
1.19499
1.20269
1.21419
1.22388
1.23333
1.24563
1.25626
1.2691
1.28649
1.30304
1.31647
1.33117
1.34852
1.36379
1.38063
1.39423
1.40755
1.42553
1.4507
1.47496
1.49756
1.51561
1.53594
1.56048
1.58153
1.59919
1.6334
1.6664
1.69614
1.74005
1.7866
1.96226
2.23243
2.65514
3.18323
