0.141055
0.141055
0.150066
0.150066
0.15086
0.15086
0.151436
0.151436
0.151834
0.151842
0.152361
0.152369
0.152687
0.152695
0.15299
0.152993
0.153324
0.153339
0.153621
0.153649
0.153929
0.153945
0.154231
0.154242
0.154601
0.154615
0.154938
0.154992
0.155363
0.155397
0.155876
0.155947
0.156364
0.156459
0.156862
0.15693
0.15736
0.15749
0.157972
0.158108
0.158594
0.158744
0.159256
0.159374
0.159979
0.160188
0.160633
0.160865
0.16132
0.161531
0.162
0.162286
0.162793
0.163113
0.163575
0.163814
0.164243
0.164577
0.164988
0.165286
0.165698
0.166091
0.166423
0.166828
0.167162
0.167619
0.168072
0.16838
0.168704
0.169042
0.169437
0.169808
0.170206
0.170574
0.170984
0.171281
0.171673
0.171927
0.172293
0.172599
0.172957
0.173313
0.173741
0.174074
0.174571
0.174936
0.17526
0.175558
0.175888
0.176284
0.176594
0.176993
0.17732
0.177644
0.177995
0.178312
0.178676
0.179023
0.179432
0.179792
0.180136
0.180516
0.180913
0.181346
0.181684
0.181986
0.182333
0.182786
0.182987
0.183493
0.183841
0.184308
0.184625
0.185001
0.185438
0.185809
0.186162
0.186722
0.187049
0.187441
0.187713
0.188069
0.188432
0.188751
0.189206
0.189571
0.189978
0.190472
0.190826
0.191196
0.191566
0.191888
0.192196
0.192515
0.192911
0.19333
0.193701
0.194105
0.194616
0.194886
0.195381
0.19575
0.196111
0.196467
0.196877
0.197301
0.197718
0.198046
0.198445
0.198764
0.19917
0.199457
0.199845
0.200221
0.200529
0.201018
0.201415
0.201798
0.202124
0.20242
0.202704
0.203132
0.20347
0.203836
0.20429
0.204693
0.20503
0.205386
0.205743
0.206035
0.206436
0.206806
0.207183
0.207537
0.20798
0.208335
0.208646
0.208975
0.209503
0.209869
0.210115
0.210425
0.210834
0.211197
0.211442
0.211911
0.212187
0.212543
0.212957
0.213259
0.213603
0.213959
0.214342
0.214655
0.214995
0.21539
0.215857
0.216084
0.216403
0.216664
0.217002
0.217279
0.217746
0.218113
0.218444
0.218853
0.219229
0.219558
0.219999
0.220317
0.220689
0.220952
0.221381
0.221742
0.222157
0.222467
0.222756
0.223074
0.223431
0.223935
0.224288
0.224623
0.225003
0.225257
0.225634
0.225927
0.226249
0.226528
0.2269
0.227264
0.22757
0.228012
0.228409
0.228791
0.229157
0.229621
0.229952
0.230249
0.230597
0.230846
0.231185
0.231698
0.231991
0.232402
0.232733
0.233138
0.233484
0.233829
0.2341
0.23448
0.234879
0.235242
0.235532
0.235837
0.2362
0.236563
0.236876
0.237222
0.23751
0.237887
0.238183
0.238554
0.238859
0.239246
0.239482
0.239947
0.240211
0.240523
0.240832
0.241129
0.241491
0.241933
0.242242
0.242613
0.242966
0.243358
0.243715
0.244057
0.244478
0.244813
0.245243
0.245584
0.245896
0.24623
0.246528
0.246867
0.247275
0.24756
0.2479
0.248195
0.248543
0.248832
0.249117
0.249463
0.249861
0.250123
0.2504
0.250814
0.251116
0.251473
0.251753
0.252115
0.25238
0.252668
0.253052
0.253395
0.253732
0.254024
0.254366
0.254627
0.254977
0.255286
0.255687
0.256071
0.256414
0.256838
0.257266
0.257682
0.25797
0.258362
0.258648
0.259038
0.259429
0.259781
0.260062
0.260456
0.260766
0.261058
0.261446
0.261821
0.262144
0.262461
0.26281
0.263241
0.263707
0.263988
0.264281
0.264641
0.264959
0.265307
0.265627
0.265989
0.266306
0.266591
0.266903
0.267261
0.267594
0.267948
0.268384
0.268741
0.269135
0.269369
0.269724
0.270071
0.270389
0.270695
0.271063
0.271419
0.271772
0.27208
0.272405
0.272802
0.273148
0.273503
0.273857
0.274111
0.27447
0.274781
0.275068
0.275479
0.275786
0.276136
0.276454
0.276793
0.277119
0.27757
0.277886
0.278247
0.278577
0.278968
0.279361
0.27973
0.280073
0.280475
0.280773
0.281169
0.281473
0.281742
0.282085
0.282431
0.282828
0.283246
0.283598
0.284007
0.284271
0.284617
0.284993
0.285359
0.285739
0.286019
0.286343
0.286639
0.286992
0.287348
0.287831
0.28817
0.288518
0.288852
0.289202
0.289608
0.290051
0.290441
0.290933
0.291296
0.291692
0.292066
0.292316
0.292658
0.292961
0.293388
0.293683
0.294086
0.294434
0.294812
0.295161
0.295517
0.295799
0.296052
0.296326
0.296802
0.2972
0.297596
0.297939
0.298363
0.298708
0.299082
0.299418
0.299722
0.300189
0.300427
0.30077
0.30108
0.301394
0.301767
0.302097
0.302502
0.302807
0.30318
0.30359
0.304013
0.304368
0.304689
0.305009
0.305306
0.305638
0.30597
0.306327
0.306655
0.30707
0.307394
0.307792
0.308076
0.30846
0.308753
0.309104
0.309397
0.309765
0.31023
0.310569
0.310969
0.311367
0.311776
0.312148
0.31258
0.312908
0.313297
0.313703
0.314068
0.314391
0.314742
0.315141
0.315448
0.315891
0.316243
0.316587
0.317017
0.317328
0.317657
0.31799
0.318297
0.3186
0.318974
0.319328
0.319678
0.31996
0.320239
0.320645
0.321073
0.321419
0.321828
0.322219
0.322578
0.322912
0.323219
0.323523
0.323886
0.324213
0.324561
0.324907
0.325349
0.325722
0.326016
0.326313
0.326702
0.327031
0.327398
0.327714
0.328033
0.328367
0.328826
0.329161
0.329485
0.329853
0.330286
0.330681
0.330996
0.331321
0.331675
0.332023
0.33234
0.332719
0.333072
0.333469
0.333821
0.334232
0.334557
0.334978
0.33531
0.335753
0.336205
0.336511
0.336915
0.337303
0.337614
0.337993
0.338402
0.338797
0.33922
0.33958
0.339916
0.340223
0.340615
0.340921
0.341268
0.341608
0.342005
0.342372
0.34275
0.343147
0.343592
0.344096
0.344426
0.344815
0.345161
0.345578
0.345992
0.346396
0.346796
0.347284
0.347653
0.348019
0.348414
0.348797
0.349227
0.349608
0.350088
0.350475
0.350901
0.35126
0.351623
0.352081
0.352571
0.352971
0.353288
0.353655
0.354039
0.354391
0.35476
0.355143
0.35555
0.355928
0.356286
0.356611
0.357016
0.357412
0.357903
0.358282
0.358698
0.359066
0.35955
0.359885
0.360275
0.360658
0.361122
0.361574
0.362137
0.362471
0.362931
0.363355
0.363895
0.364358
0.364782
0.365235
0.365604
0.366006
0.366382
0.366812
0.367193
0.36757
0.367934
0.368362
0.368726
0.369292
0.369624
0.370083
0.370406
0.370809
0.371182
0.371642
0.372043
0.372505
0.372806
0.373193
0.37351
0.373927
0.374312
0.374703
0.375173
0.375495
0.375868
0.376261
0.376739
0.377227
0.377678
0.378071
0.378488
0.378967
0.379398
0.379891
0.380244
0.380663
0.381104
0.381495
0.381956
0.382311
0.382689
0.383092
0.383628
0.384053
0.38448
0.384936
0.385376
0.385826
0.386318
0.386753
0.387226
0.387632
0.388034
0.388403
0.388877
0.389303
0.389642
0.390172
0.390669
0.391091
0.391497
0.391921
0.392367
0.39281
0.393252
0.393697
0.394188
0.394649
0.39508
0.395541
0.396013
0.39645
0.397009
0.397393
0.39797
0.398413
0.398876
0.399276
0.399874
0.40025
0.40077
0.401361
0.401818
0.402241
0.40263
0.403081
0.403662
0.404138
0.404648
0.405169
0.405641
0.406184
0.40663
0.407127
0.407657
0.408138
0.408778
0.409204
0.409807
0.410358
0.410843
0.411328
0.411864
0.412389
0.41292
0.413381
0.413813
0.414346
0.414831
0.415412
0.415879
0.4164
0.416978
0.417578
0.418118
0.418665
0.419229
0.419823
0.420377
0.421009
0.421638
0.422186
0.422718
0.423359
0.423867
0.424439
0.424995
0.425552
0.426113
0.426719
0.427218
0.427851
0.428494
0.429142
0.429646
0.430196
0.430835
0.43152
0.432189
0.432734
0.433313
0.433889
0.434635
0.435216
0.435888
0.436396
0.437087
0.437745
0.438248
0.438873
0.439522
0.440163
0.440746
0.441362
0.442096
0.442568
0.443165
0.443922
0.444637
0.445238
0.445815
0.446565
0.447206
0.447993
0.44863
0.449284
0.449966
0.450682
0.451363
0.452155
0.452699
0.453425
0.454153
0.454944
0.455508
0.456116
0.456707
0.45747
0.458043
0.458646
0.459349
0.460148
0.46076
0.461549
0.462208
0.462917
0.463686
0.464584
0.465238
0.465964
0.466814
0.467633
0.468343
0.468915
0.469607
0.470158
0.471181
0.471837
0.472551
0.473363
0.47416
0.474898
0.475728
0.476397
0.477186
0.477952
0.478763
0.479593
0.480505
0.4813
0.482267
0.483254
0.484111
0.484986
0.485931
0.486908
0.48771
0.488683
0.489598
0.490592
0.491316
0.492167
0.493091
0.49402
0.495186
0.496177
0.497128
0.497927
0.498973
0.499823
0.500761
0.501733
0.502772
0.503812
0.50467
0.505646
0.506663
0.507627
0.50857
0.509493
0.510368
0.511378
0.512301
0.513194
0.514115
0.515207
0.516283
0.517478
0.518579
0.519524
0.520231
0.521254
0.522376
0.523433
0.524364
0.525525
0.526404
0.527683
0.528592
0.52952
0.530433
0.531515
0.53248
0.533639
0.534685
0.535891
0.536641
0.53781
0.538898
0.539978
0.541272
0.542203
0.543077
0.544404
0.545706
0.54704
0.548319
0.549435
0.550898
0.552129
0.553436
0.554697
0.555901
0.557112
0.558574
0.559661
0.56084
0.562414
0.563682
0.564872
0.566058
0.567313
0.568758
0.570114
0.571524
0.572698
0.574058
0.575438
0.577003
0.578668
0.5804
0.582212
0.58365
0.584926
0.586388
0.588102
0.589572
0.591289
0.592739
0.594098
0.595779
0.597583
0.59893
0.60056
0.602682
0.604371
0.60605
0.60802
0.610016
0.612091
0.61407
0.616195
0.61806
0.620027
0.621955
0.624284
0.626507
0.62845
0.630491
0.632684
0.635164
0.637981
0.64045
0.642528
0.645054
0.647799
0.650038
0.652533
0.655093
0.657251
0.660111
0.66287
0.665938
0.669716
0.672595
0.675418
0.678477
0.681931
0.685109
0.689012
0.692715
0.695878
0.700289
0.704127
0.707779
0.711812
0.715423
0.719732
0.724325
0.729728
0.733641
0.738308
0.74348
0.748475
0.754318
0.760557
0.766478
0.773234
0.780994
0.789279
0.798171
0.808279
0.818679
0.828596
0.839786
0.849515
0.860807
0.871065
0.890169
0.905865
0.922208
0.945547
0.97143
1.0042
1.06581
