0.19
0.52
0.64
0.71
0.72
0.73
0.76
0.78
0.79
0.8
0.8
0.8
0.81
0.81
0.82
0.87
0.95
1.03
1.11
1.16
1.16
1.22
1.29
1.34
1.39
1.45
1.52
1.56
1.57
1.59
1.64
1.66
1.66
1.72
1.73
1.76
1.77
1.79
1.81
1.82
1.84
1.84
1.85
1.85
1.86
1.87
1.88
1.93
1.94
1.94
1.99
2.07
2.14
2.25
2.32
2.33
2.39
2.42
2.45
2.47
2.48
2.49
2.51
2.54
2.55
2.56
2.58
2.6
2.63
2.65
2.71
2.71
2.73
2.76
2.78
2.79
2.8
2.83
2.85
2.91
2.93
2.93
2.96
3
3.01
3.03
3.09
3.12
3.14
3.17
3.2
3.22
3.26
3.28
3.29
3.33
3.34
3.37
3.4
3.43
3.46
3.47
3.51
3.52
3.53
3.55
3.57
3.59
3.62
3.64
3.67
3.69
3.71
3.74
3.77
3.8
3.83
3.85
3.87
3.91
3.94
3.97
4
4.06
4.09
4.1
4.18
4.22
4.29
4.29
4.33
4.36
4.38
4.43
4.47
4.51
4.53
4.55
4.58
4.61
4.66
4.68
4.71
4.78
4.82
4.85
4.92
5
5.06
5.11
5.17
5.22
5.26
5.34
5.38
5.41
5.46
5.5
5.53
5.63
5.68
5.73
5.79
5.89
5.96
6.06
6.14
6.22
6.26
6.34
6.46
6.52
6.67
6.78
6.89
6.99
7.16
7.31
7.47
7.6
7.76
7.99
8.25
8.48
8.78
9.07
9.24
9.67
10
10.34
10.96
11.79
12.52
13.1
13.87
14.88
16.54
20.49
25.32
28.77
