0.29
0.45
0.55
0.64
0.72
0.73
0.73
0.73
0.75
0.75
0.75
0.75
0.76
0.76
0.78
0.79
0.81
0.86
0.87
0.91
0.94
1
1.02
1.03
1.07
1.09
1.19
1.22
1.24
1.28
1.3
1.3
1.33
1.33
1.36
1.39
1.43
1.48
1.5
1.54
1.56
1.58
1.61
1.62
1.64
1.64
1.67
1.7
1.72
1.75
1.78
1.8
1.83
1.88
1.88
1.88
1.9
1.92
1.94
1.95
1.96
1.97
2
2.01
2.04
2.04
2.05
2.08
2.11
2.11
2.13
2.15
2.16
2.19
2.2
2.22
2.22
2.23
2.24
2.27
2.28
2.33
2.34
2.37
2.4
2.43
2.44
2.44
2.48
2.51
2.54
2.58
2.65
2.68
2.71
2.72
2.74
2.77
2.79
2.8
2.83
2.86
2.88
2.9
2.93
2.94
2.95
2.96
2.98
2.99
3.01
3.04
3.05
3.07
3.14
3.16
3.2
3.21
3.24
3.27
3.32
3.35
3.35
3.4
3.42
3.42
3.43
3.44
3.44
3.45
3.47
3.49
3.53
3.54
3.59
3.64
3.66
3.7
3.76
3.82
3.88
3.91
3.94
3.95
3.96
3.99
4.02
4.04
4.07
4.1
4.13
4.16
4.2
4.24
4.27
4.31
4.33
4.4
4.45
4.49
4.51
4.55
4.61
4.63
4.69
4.75
4.8
4.85
4.85
4.91
4.94
5
5.05
5.15
5.18
5.21
5.25
5.26
5.3
5.35
5.43
5.46
5.47
5.51
5.55
5.61
5.65
5.69
5.76
5.85
5.93
5.97
6.01
6.08
6.09
6.17
6.24
6.33
6.44
6.46
6.5
6.55
6.6
6.65
6.72
6.84
6.93
7
7.09
7.14
7.23
7.31
7.37
7.45
7.58
7.66
7.77
7.85
7.97
8.08
8.26
8.4
8.55
8.63
8.81
8.98
9.16
9.34
9.61
9.78
10
10.23
10.51
10.79
11.14
11.42
11.72
12.08
12.46
12.9
13.45
14.8
15.98
17.02
18.53
19.79
23.27
25.37
30.01
34.56
