0.328
0.328
0.328
0.328
0.328
0.328
0.328
0.33
0.33
0.33
0.331
0.331
0.332
0.332
0.332
0.332
0.334
0.334
0.334
0.334
0.335
0.335
0.336
0.336
0.336
0.337
0.338
0.34
0.341
0.341
0.341
0.341
0.341
0.342
0.342
0.342
0.344
0.344
0.344
0.345
0.345
0.346
0.348
0.348
0.348
0.348
0.348
0.349
0.35
0.351
0.352
0.353
0.355
0.356
0.357
0.361
0.364
0.368
0.371
0.375
0.377
0.38
0.383
0.389
0.393
0.394
0.396
0.398
0.403
0.408
0.412
0.414
0.419
0.425
0.432
0.436
0.436
0.441
0.441
0.442
0.444
0.447
0.449
0.45
0.45
0.452
0.455
0.456
0.459
0.459
0.46
0.463
0.467
0.468
0.473
0.476
0.477
0.481
0.487
0.494
0.496
0.501
0.507
0.513
0.519
0.522
0.525
0.527
0.531
0.532
0.54
0.545
0.549
0.552
0.554
0.557
0.557
0.559
0.563
0.569
0.572
0.577
0.582
0.587
0.595
0.605
0.609
0.614
0.619
0.621
0.623
0.629
0.633
0.638
0.642
0.647
0.651
0.655
0.664
0.668
0.672
0.677
0.684
0.69
0.701
0.707
0.711
0.717
0.723
0.734
0.738
0.743
0.748
0.755
0.76
0.764
0.772
0.784
0.79
0.799
0.805
0.807
0.817
0.824
0.831
0.837
0.842
0.848
0.853
0.863
0.87
0.875
0.879
0.886
0.894
0.903
0.911
0.915
0.922
0.929
0.942
0.948
0.955
0.961
0.967
0.974
0.981
0.986
0.992
1.005
1.011
1.023
1.028
1.037
1.041
1.051
1.061
1.069
1.075
1.08
1.083
1.09
1.098
1.102
1.109
1.117
1.132
1.14
1.149
1.153
1.159
1.164
1.176
1.182
1.193
1.2
1.212
1.217
1.225
1.233
1.244
1.256
1.264
1.27
1.276
1.286
1.295
1.304
1.315
1.324
1.332
1.336
1.353
1.367
1.377
1.39
1.402
1.404
1.418
1.429
1.441
1.459
1.469
1.48
1.491
1.501
1.52
1.532
1.542
1.553
1.564
1.577
1.593
1.604
1.62
1.633
1.649
1.657
1.676
1.69
1.704
1.722
1.737
1.746
1.76
1.782
1.803
1.823
1.841
1.858
1.883
1.906
1.925
1.949
1.981
2.002
2.03
2.057
2.088
2.125
2.159
2.201
2.241
2.294
2.357
2.418
2.488
2.58
2.665
2.735
2.845
3.048
3.166
3.307
3.536
3.897
4.08
4.279
4.47
4.989
