0.15297
0.15297
0.157699
0.157699
0.163555
0.163748
0.169733
0.170276
0.176774
0.177599
0.182554
0.183614
0.187426
0.189161
0.19395
0.195531
0.19936
0.20093
0.204029
0.205269
0.20844
0.210894
0.21361
0.215745
0.217825
0.220067
0.222566
0.22464
0.22681
0.229363
0.231076
0.232816
0.234589
0.237032
0.238862
0.24085
0.242689
0.244752
0.246454
0.248296
0.250061
0.251699
0.253279
0.25565
0.256992
0.258429
0.260455
0.261887
0.263383
0.264933
0.266623
0.268375
0.269732
0.27134
0.272554
0.2739
0.275301
0.276664
0.27784
0.279775
0.281285
0.282884
0.284163
0.285645
0.28692
0.288602
0.290291
0.291606
0.293196
0.294509
0.29574
0.296931
0.298094
0.299154
0.300396
0.301435
0.30302
0.304145
0.305539
0.306872
0.308209
0.309475
0.310637
0.311802
0.312825
0.314038
0.315052
0.316503
0.317536
0.318706
0.320111
0.321235
0.322466
0.323645
0.324831
0.325814
0.327263
0.328473
0.329572
0.33081
0.331885
0.333334
0.334576
0.335612
0.336939
0.338008
0.339017
0.340347
0.341523
0.342433
0.343789
0.345273
0.346391
0.347491
0.349255
0.350445
0.351431
0.352578
0.353882
0.355104
0.356451
0.357646
0.358893
0.360276
0.36165
0.362753
0.363792
0.365341
0.366554
0.36818
0.369366
0.370623
0.371893
0.373154
0.374338
0.375992
0.37709
0.378308
0.379213
0.38054
0.38173
0.382913
0.383966
0.385543
0.386572
0.387771
0.388994
0.390104
0.391575
0.392892
0.39431
0.395607
0.396812
0.398008
0.3992
0.400291
0.40134
0.402649
0.403529
0.404647
0.405686
0.407061
0.408266
0.409151
0.410216
0.411317
0.412502
0.413621
0.414877
0.416273
0.417252
0.418575
0.419724
0.421077
0.422486
0.424129
0.425624
0.426859
0.428052
0.429315
0.43059
0.432039
0.433409
0.434819
0.436364
0.437713
0.438873
0.440433
0.441715
0.443114
0.444444
0.446071
0.447989
0.449626
0.451525
0.453286
0.454527
0.456391
0.458004
0.459589
0.461769
0.463331
0.465213
0.467106
0.468703
0.470286
0.472282
0.473989
0.475767
0.47744
0.479433
0.481369
0.483571
0.485471
0.487702
0.489178
0.491183
0.493147
0.494715
0.495913
0.497893
0.49955
0.501435
0.503595
0.505361
0.506861
0.508758
0.510291
0.511849
0.513569
0.515504
0.517138
0.518646
0.520179
0.522005
0.523972
0.525915
0.52776
0.529887
0.531658
0.533338
0.53552
0.53725
0.53924
0.541235
0.543388
0.545621
0.547834
0.550196
0.552308
0.554005
0.556437
0.558746
0.560726
0.562475
0.565066
0.567377
0.569645
0.572064
0.574743
0.577653
0.579909
0.581893
0.584074
0.586448
0.588746
0.592012
0.594177
0.596844
0.599126
0.601385
0.603571
0.605688
0.608086
0.610234
0.612343
0.614908
0.617459
0.620034
0.622181
0.624413
0.626894
0.628939
0.631192
0.633009
0.63544
0.637581
0.640136
0.642927
0.645855
0.648212
0.650527
0.653773
0.655706
0.658042
0.660871
0.663666
0.666627
0.669769
0.672798
0.675921
0.679509
0.682143
0.685643
0.687979
0.691692
0.694987
0.698117
0.701395
0.704639
0.708183
0.712599
0.716584
0.719884
0.724276
0.728405
0.732797
0.73683
0.740519
0.744455
0.748819
0.75349
0.756802
0.760068
0.764888
0.768731
0.772679
0.776933
0.780664
0.784502
0.788613
0.792862
0.797539
0.802505
0.807274
0.811295
0.815998
0.81967
0.824557
0.829223
0.832446
0.83761
0.841353
0.845753
0.851108
0.855439
0.860552
0.864744
0.869621
0.874117
0.878882
0.885363
0.890031
0.89478
0.900473
0.905486
0.91095
0.91588
0.920617
0.926512
0.932879
0.939156
0.94611
0.952779
0.95943
0.966851
0.974254
0.979662
0.986536
0.993405
0.999689
1.0067
1.01414
1.02173
1.03155
1.04015
1.04956
1.05852
1.06819
1.07764
1.08866
1.09855
1.10842
1.12301
1.13682
1.14986
1.16485
1.18457
1.20747
1.23496
1.27967
1.33117
1.37757
1.42718
1.47409
1.56788
1.63487
1.76314
1.90929
2.44943
