0.328
0.328
0.328
0.328
0.328
0.328
0.328
0.329
0.329
0.329
0.33
0.33
0.331
0.331
0.332
0.333
0.333
0.333
0.333
0.335
0.335
0.336
0.336
0.336
0.336
0.337
0.337
0.338
0.338
0.339
0.34
0.34
0.34
0.341
0.341
0.342
0.342
0.342
0.342
0.342
0.343
0.343
0.343
0.344
0.346
0.346
0.346
0.346
0.347
0.347
0.347
0.347
0.347
0.35
0.35
0.35
0.35
0.351
0.351
0.353
0.353
0.353
0.355
0.356
0.358
0.359
0.361
0.362
0.363
0.363
0.364
0.366
0.368
0.371
0.374
0.376
0.378
0.379
0.382
0.385
0.385
0.389
0.391
0.393
0.395
0.399
0.401
0.403
0.406
0.408
0.411
0.414
0.416
0.419
0.422
0.423
0.424
0.425
0.426
0.426
0.427
0.427
0.431
0.432
0.433
0.435
0.439
0.442
0.444
0.444
0.446
0.447
0.447
0.449
0.451
0.455
0.455
0.46
0.466
0.47
0.473
0.476
0.48
0.482
0.485
0.49
0.493
0.496
0.502
0.505
0.509
0.509
0.511
0.512
0.513
0.514
0.518
0.519
0.519
0.521
0.522
0.522
0.524
0.527
0.528
0.53
0.53
0.53
0.531
0.534
0.535
0.537
0.538
0.538
0.54
0.543
0.547
0.549
0.557
0.562
0.569
0.575
0.578
0.583
0.588
0.593
0.597
0.598
0.6
0.604
0.606
0.607
0.611
0.613
0.614
0.618
0.619
0.623
0.625
0.627
0.627
0.629
0.63
0.634
0.635
0.639
0.643
0.647
0.652
0.658
0.66
0.663
0.664
0.667
0.67
0.674
0.678
0.679
0.684
0.688
0.688
0.69
0.695
0.695
0.699
0.704
0.708
0.712
0.715
0.72
0.726
0.729
0.732
0.735
0.739
0.744
0.748
0.753
0.757
0.761
0.761
0.764
0.767
0.77
0.772
0.776
0.777
0.781
0.784
0.791
0.793
0.8
0.804
0.807
0.818
0.819
0.821
0.827
0.83
0.834
0.835
0.836
0.839
0.844
0.85
0.855
0.858
0.86
0.86
0.866
0.869
0.87
0.875
0.881
0.885
0.892
0.896
0.902
0.905
0.908
0.911
0.914
0.919
0.924
0.927
0.931
0.935
0.942
0.945
0.947
0.951
0.954
0.96
0.963
0.97
0.975
0.979
0.982
0.988
0.994
0.997
1.001
1.004
1.008
1.014
1.017
1.022
1.029
1.031
1.033
1.037
1.041
1.045
1.051
1.055
1.058
1.06
1.065
1.07
1.076
1.082
1.085
1.093
1.097
1.101
1.107
1.111
1.114
1.115
1.121
1.126
1.129
1.134
1.139
1.147
1.154
1.159
1.162
1.167
1.175
1.179
1.185
1.186
1.191
1.196
1.199
1.203
1.206
1.214
1.217
1.222
1.226
1.228
1.236
1.241
1.251
1.256
1.258
1.261
1.265
1.271
1.278
1.284
1.289
1.292
1.296
1.302
1.312
1.317
1.323
1.327
1.33
1.339
1.345
1.35
1.354
1.357
1.364
1.366
1.371
1.379
1.386
1.394
1.401
1.409
1.416
1.419
1.425
1.436
1.442
1.449
1.457
1.461
1.465
1.473
1.482
1.493
1.505
1.513
1.517
1.525
1.53
1.535
1.547
1.554
1.559
1.573
1.579
1.587
1.596
1.607
1.616
1.618
1.629
1.638
1.649
1.658
1.665
1.675
1.689
1.705
1.711
1.718
1.73
1.746
1.759
1.771
1.787
1.804
1.82
1.837
1.85
1.865
1.893
1.908
1.928
1.947
1.966
1.984
1.999
2.022
2.038
2.057
2.072
2.087
2.107
2.129
2.147
2.172
2.201
2.229
2.258
2.296
2.331
2.366
2.417
2.484
2.588
2.663
2.738
2.876
3.012
3.084
3.189
3.29
3.443
3.726
4.018
4.244
4.654
