0.149948
0.149948
0.157924
0.157924
0.1607
0.1607
0.163971
0.163971
0.170548
0.175038
0.19005
0.19005
0.20923
0.20923
0.209688
0.209688
0.213348
0.213348
0.213902
0.213902
0.215468
0.215468
0.220464
0.220464
0.222203
0.222203
0.228026
0.228026
0.229025
0.229025
0.234332
0.234332
0.2384
0.2384
0.243337
0.243337
0.243603
0.243603
0.244399
0.250485
0.250485
0.252211
0.25236
0.25236
0.254415
0.254415
0.257857
0.257857
0.258422
0.258422
0.26122
0.26122
0.271789
0.271789
0.272217
0.272217
0.273727
0.273727
0.276843
0.276843
0.279338
0.279338
0.281741
0.281741
0.281939
0.281939
0.284571
0.286591
0.286591
0.303081
0.305027
0.305027
0.305684
0.307109
0.307109
0.311842
0.314024
0.314024
0.314771
0.314771
0.316127
0.316127
0.317082
0.317082
0.317346
0.318736
0.318736
0.32296
0.32296
0.323003
0.323003
0.328548
0.328548
0.329205
0.335838
0.335838
0.337487
0.337487
0.340085
0.340085
0.341619
0.341619
0.341821
0.341821
0.344723
0.347835
0.347835
0.349432
0.349432
0.351496
0.362961
0.362961
0.365124
0.365124
0.365453
0.365453
0.367847
0.367847
0.371281
0.371281
0.374598
0.374598
0.378293
0.378293
0.381678
0.38176
0.38176
0.382351
0.382351
0.383335
0.384365
0.384365
0.38765
0.393808
0.397147
0.397147
0.39721
0.39721
0.398062
0.398842
0.398842
0.401806
0.401806
0.403121
0.403121
0.404515
0.404515
0.406107
0.406115
0.406115
0.413284
0.413284
0.413392
0.413392
0.414898
0.415086
0.415086
0.422551
0.422551
0.423748
0.425695
0.426282
0.426282
0.428441
0.432667
0.432667
0.433173
0.433173
0.433877
0.433877
0.434548
0.441291
0.443796
0.443796
0.444734
0.444734
0.445046
0.445058
0.446459
0.448625
0.449735
0.449735
0.450946
0.453891
0.458523
0.458688
0.458688
0.462513
0.462513
0.466387
0.473176
0.473176
0.475962
0.480425
0.482056
0.482722
0.482722
0.484325
0.488768
0.496041
0.503561
0.505786
0.506653
0.509825
0.509825
0.511148
0.511148
0.512126
0.512402
0.512402
0.513109
0.513109
0.514501
0.517414
0.517414
0.521949
0.524189
0.524189
0.527743
0.527743
0.528185
0.52931
0.52931
0.532774
0.535255
0.535443
0.535443
0.536872
0.537127
0.537127
0.537419
0.5375
0.539027
0.546451
0.546797
0.546797
0.547996
0.551981
0.554838
0.555022
0.555022
0.559068
0.561797
0.563877
0.563877
0.56544
0.576467
0.576467
0.576641
0.577154
0.578696
0.581886
0.582491
0.582491
0.586145
0.5864
0.58981
0.59022
0.592895
0.59687
0.59993
0.599977
0.599977
0.604454
0.604454
0.604962
0.606947
0.611592
0.6182
0.618968
0.619968
0.623249
0.623249
0.628186
0.62874
0.62874
0.629057
0.630404
0.636902
0.639542
0.640408
0.642899
0.644622
0.644622
0.648814
0.648814
0.648908
0.648908
0.659118
0.660854
0.663081
0.666112
0.666112
0.671061
0.673682
0.673931
0.676998
0.677897
0.678544
0.684995
0.692761
0.692761
0.693338
0.69691
0.698141
0.698141
0.711816
0.715394
0.716717
0.725684
0.725792
0.731183
0.731183
0.735636
0.735636
0.74662
0.74662
0.74804
0.755891
0.755891
0.757471
0.766618
0.76676
0.76676
0.771457
0.771457
0.77275
0.77275
0.779407
0.792715
0.792991
0.797503
0.797966
0.797966
0.800123
0.800658
0.807354
0.809239
0.810786
0.813878
0.813878
0.817854
0.818626
0.826746
0.832534
0.834452
0.839889
0.840318
0.840318
0.840403
0.856001
0.867654
0.870123
0.870123
0.874616
0.874616
0.87597
0.881388
0.884586
0.884586
0.889945
0.889945
0.896617
0.908917
0.908917
0.919548
0.926945
0.961981
0.96848
0.97682
0.977572
0.977572
0.984214
0.989227
0.993424
1.00348
1.01701
1.02944
1.03575
1.03575
1.04593
1.04639
1.05265
1.06305
1.11153
1.12123
1.15809
1.22555
1.25332
1.26057
1.28614
1.29542
1.36674
1.41248
1.44663
1.45666
1.46949
1.50514
1.58716
2.13427
