0.153063
0.153063
0.153091
0.153091
0.154244
0.154244
0.158893
0.158893
0.160181
0.160181
0.160621
0.160621
0.163193
0.163193
0.166665
0.166665
0.170228
0.170228
0.172422
0.172422
0.173304
0.173304
0.178967
0.178967
0.179301
0.179301
0.181529
0.181529
0.18192
0.18192
0.182532
0.182532
0.18324
0.18324
0.192674
0.192674
0.1938
0.1938
0.197962
0.201986
0.201986
0.206397
0.206397
0.211424
0.211424
0.217557
0.223021
0.223021
0.223981
0.223981
0.232973
0.232973
0.234252
0.234252
0.234684
0.234684
0.235525
0.239578
0.239578
0.239792
0.239913
0.240044
0.240044
0.243375
0.245228
0.245228
0.250691
0.250691
0.255359
0.255359
0.257847
0.257847
0.258582
0.258582
0.259408
0.259408
0.261682
0.262393
0.263187
0.263187
0.263586
0.263586
0.264861
0.264861
0.266896
0.27148
0.274284
0.274284
0.274823
0.274823
0.275191
0.275191
0.276736
0.276736
0.280915
0.280915
0.281487
0.281487
0.281948
0.281948
0.282408
0.282408
0.285974
0.285974
0.286523
0.286523
0.288372
0.288372
0.289437
0.290922
0.290922
0.291182
0.291182
0.291316
0.292913
0.292913
0.292966
0.294392
0.294553
0.294553
0.301555
0.301555
0.304508
0.304508
0.305554
0.30735
0.30735
0.308229
0.308229
0.308523
0.308523
0.308717
0.308717
0.310163
0.310508
0.310508
0.312196
0.312196
0.313206
0.313206
0.314441
0.314575
0.314575
0.315845
0.315963
0.315963
0.316218
0.316218
0.316938
0.316938
0.317518
0.317518
0.317975
0.318383
0.319265
0.319265
0.321167
0.324334
0.324334
0.32622
0.32622
0.327436
0.328999
0.3296
0.3296
0.330512
0.330512
0.331287
0.332006
0.332006
0.333863
0.333863
0.334555
0.334555
0.335053
0.335053
0.336062
0.337326
0.337326
0.342619
0.342619
0.343228
0.343228
0.344415
0.344415
0.345008
0.345008
0.345264
0.346101
0.346101
0.346461
0.347716
0.349939
0.350448
0.351215
0.351215
0.354884
0.35584
0.35584
0.356094
0.356094
0.356215
0.356239
0.356239
0.356582
0.356582
0.357486
0.357486
0.361176
0.363148
0.365845
0.365845
0.368028
0.369003
0.369164
0.369164
0.370818
0.370818
0.377085
0.379727
0.379727
0.380704
0.381619
0.381619
0.384054
0.384054
0.384232
0.384896
0.384896
0.386175
0.388331
0.388446
0.388446
0.389203
0.389203
0.391305
0.391305
0.39251
0.39251
0.393219
0.393219
0.396002
0.396992
0.396992
0.397014
0.397014
0.400482
0.400482
0.401338
0.401958
0.403587
0.404762
0.40507
0.40507
0.405886
0.405886
0.406574
0.406574
0.408782
0.408782
0.41118
0.412577
0.412577
0.413032
0.413032
0.414303
0.416822
0.419803
0.421633
0.421633
0.421661
0.421661
0.421713
0.422975
0.424052
0.42498
0.42498
0.42555
0.427149
0.427165
0.430488
0.430488
0.430631
0.433683
0.434718
0.434718
0.43624
0.43624
0.439475
0.440222
0.440222
0.445919
0.44721
0.455893
0.455893
0.45608
0.45608
0.459327
0.461979
0.461979
0.465211
0.465211
0.46839
0.469721
0.470163
0.470479
0.471406
0.471406
0.472071
0.475919
0.475919
0.478015
0.478238
0.478238
0.481426
0.481708
0.481759
0.481844
0.483145
0.483867
0.485369
0.485369
0.488499
0.488499
0.488563
0.489248
0.489436
0.490551
0.490551
0.490957
0.490957
0.491606
0.491606
0.491746
0.496374
0.496374
0.49653
0.497158
0.497158
0.497925
0.499857
0.50054
0.50139
0.501806
0.502607
0.502785
0.51033
0.512212
0.512212
0.517289
0.521613
0.526485
0.528609
0.528953
0.528953
0.530942
0.531731
0.534988
0.538081
0.541456
0.541456
0.541885
0.541885
0.545743
0.548757
0.549877
0.554398
0.555048
0.559366
0.563371
0.564449
0.567588
0.567588
0.568397
0.570068
0.573995
0.573995
0.577539
0.577539
0.578661
0.579677
0.581017
0.581017
0.584112
0.584112
0.590937
0.590937
0.591177
0.592626
0.593209
0.600567
0.604485
0.606242
0.606242
0.612429
0.620337
0.620337
0.624542
0.624542
0.624911
0.625798
0.625798
0.625804
0.626865
0.635912
0.635912
0.639621
0.643969
0.645327
0.645327
0.646022
0.646022
0.649965
0.649965
0.652317
0.659333
0.665453
0.667157
0.676281
0.67634
0.676748
0.678926
0.680877
0.684915
0.684915
0.688081
0.688081
0.694199
0.695397
0.695863
0.695863
0.70054
0.705735
0.713948
0.714914
0.727881
0.73045
0.73045
0.735753
0.735753
0.739865
0.739865
0.74525
0.748158
0.759228
0.763871
0.763871
0.79445
0.79445
0.804424
0.810774
0.829223
0.837161
0.845595
0.852095
0.854156
0.854156
0.857884
0.860681
0.870587
0.876039
0.876039
0.876425
0.885854
0.887766
0.894708
0.897754
0.898864
0.916837
0.918957
0.923083
0.923575
0.923688
0.934528
0.93682
0.939941
0.960998
0.961035
0.965187
0.967478
0.969466
0.969466
0.969586
0.98452
1.02445
1.02969
1.03274
1.03274
1.0562
1.05694
1.06146
1.08711
1.10188
1.11913
1.15225
1.15869
1.38283
1.40052
1.81158
2.08125
