0.149438
0.149438
0.151216
0.151216
0.152099
0.152099
0.15278
0.15278
0.153393
0.153395
0.154033
0.154033
0.154687
0.154687
0.155571
0.155577
0.156092
0.156095
0.156817
0.156831
0.157466
0.15747
0.158058
0.158083
0.158641
0.15867
0.159369
0.159465
0.160211
0.160381
0.160945
0.16114
0.161712
0.161923
0.162601
0.162713
0.163469
0.163677
0.164394
0.164607
0.165329
0.165676
0.166327
0.166788
0.167356
0.167759
0.168341
0.168785
0.169445
0.170042
0.170552
0.171087
0.171599
0.172094
0.172705
0.173135
0.173813
0.174136
0.174625
0.175163
0.175859
0.17655
0.177281
0.177756
0.178235
0.178845
0.179234
0.179827
0.180232
0.180887
0.181242
0.182035
0.182416
0.1831
0.183561
0.184099
0.184491
0.18503
0.185679
0.186158
0.18659
0.187216
0.187768
0.18846
0.188945
0.189478
0.189959
0.190541
0.190913
0.191575
0.191992
0.192897
0.193367
0.194077
0.194608
0.195276
0.195917
0.196433
0.197031
0.19767
0.198137
0.198651
0.199145
0.199688
0.200255
0.200723
0.201372
0.201923
0.202665
0.203228
0.203855
0.204333
0.204768
0.205313
0.205878
0.206291
0.20684
0.207349
0.207863
0.208471
0.208958
0.20961
0.210111
0.210626
0.211328
0.21178
0.212254
0.212802
0.213253
0.213702
0.21419
0.214821
0.215369
0.216059
0.21644
0.216981
0.217418
0.218081
0.218623
0.218967
0.219534
0.220048
0.220583
0.221042
0.221557
0.22205
0.222705
0.223216
0.223838
0.224388
0.224817
0.225435
0.225926
0.226476
0.227076
0.227582
0.228106
0.228507
0.229129
0.229634
0.230016
0.230478
0.231119
0.231518
0.232091
0.232693
0.233437
0.233887
0.234517
0.235014
0.235522
0.235963
0.236485
0.237061
0.237753
0.238327
0.238752
0.239358
0.239886
0.240533
0.241101
0.241705
0.242306
0.242817
0.24335
0.243986
0.244545
0.245034
0.245569
0.246044
0.246659
0.247213
0.247759
0.248493
0.249008
0.249731
0.250254
0.250676
0.25119
0.251793
0.252264
0.252872
0.253505
0.254179
0.254814
0.255301
0.255875
0.256513
0.257062
0.257556
0.258174
0.2588
0.259382
0.260003
0.26048
0.261094
0.261579
0.262133
0.26254
0.263053
0.263676
0.264151
0.264619
0.265354
0.266069
0.266594
0.267324
0.267803
0.268358
0.268876
0.269373
0.270022
0.270458
0.271085
0.271767
0.272409
0.272848
0.273415
0.274005
0.274489
0.27514
0.275724
0.276344
0.276952
0.277482
0.278021
0.278527
0.279282
0.279732
0.280431
0.280822
0.281456
0.282068
0.282576
0.283233
0.283729
0.28444
0.284885
0.285479
0.285942
0.286556
0.28707
0.28759
0.288232
0.288865
0.289429
0.289947
0.290357
0.291019
0.291518
0.292113
0.292785
0.293263
0.293838
0.294461
0.294982
0.295522
0.295973
0.29657
0.297277
0.297746
0.298274
0.298701
0.299218
0.300013
0.300574
0.301179
0.301675
0.302372
0.302885
0.303359
0.303946
0.304592
0.30505
0.305616
0.306144
0.30661
0.306981
0.307524
0.308272
0.308729
0.309335
0.30989
0.310463
0.310906
0.311582
0.312051
0.312592
0.312988
0.313533
0.314017
0.314558
0.315161
0.316046
0.316567
0.317165
0.317701
0.318153
0.318721
0.319203
0.319552
0.320145
0.320722
0.321267
0.321993
0.322548
0.322983
0.323563
0.3241
0.324632
0.32514
0.325594
0.326029
0.32662
0.327267
0.327768
0.328327
0.328823
0.329189
0.329761
0.330284
0.330831
0.331361
0.331819
0.332271
0.332772
0.333276
0.33379
0.334253
0.334854
0.335319
0.335757
0.336225
0.336701
0.337262
0.337756
0.338404
0.33882
0.33942
0.339847
0.340386
0.341041
0.341635
0.342196
0.342707
0.343258
0.343936
0.344378
0.344922
0.345419
0.345889
0.346553
0.347098
0.34761
0.348162
0.348676
0.349352
0.349893
0.350419
0.351006
0.351462
0.352041
0.352586
0.353226
0.35372
0.354228
0.35483
0.355291
0.355884
0.356445
0.356994
0.357676
0.358231
0.35875
0.359417
0.360048
0.360663
0.361271
0.36189
0.362414
0.363
0.363684
0.364313
0.364826
0.365658
0.366163
0.366819
0.367386
0.367948
0.368536
0.369047
0.369783
0.370372
0.371089
0.371616
0.372215
0.372744
0.373293
0.37385
0.374468
0.375096
0.37567
0.376369
0.377029
0.377597
0.378476
0.378993
0.379597
0.380301
0.380978
0.381471
0.381969
0.382623
0.383202
0.383868
0.384372
0.385082
0.385615
0.386207
0.386752
0.387474
0.388073
0.388737
0.389401
0.390119
0.390799
0.391561
0.392205
0.392723
0.393373
0.39396
0.394593
0.395409
0.39597
0.396626
0.397196
0.39784
0.398604
0.399212
0.399913
0.400767
0.401632
0.402231
0.402946
0.403613
0.40418
0.404805
0.405329
0.405964
0.406602
0.407212
0.407717
0.408504
0.409219
0.409944
0.41063
0.411235
0.411962
0.412709
0.41311
0.413671
0.41446
0.415169
0.415855
0.416487
0.417069
0.417742
0.418315
0.418934
0.419571
0.42023
0.420953
0.421719
0.422328
0.423006
0.423611
0.424248
0.424868
0.425557
0.426327
0.426981
0.427637
0.428333
0.429068
0.429942
0.430756
0.431629
0.432365
0.432914
0.433568
0.434294
0.434966
0.435805
0.436498
0.437043
0.437875
0.43853
0.439349
0.440068
0.440852
0.441585
0.442336
0.443004
0.4438
0.444585
0.445352
0.446245
0.447083
0.447959
0.448691
0.449383
0.45017
0.451018
0.451785
0.452635
0.453599
0.454268
0.455194
0.455998
0.45677
0.457461
0.458359
0.459208
0.460046
0.461006
0.461711
0.462578
0.463186
0.46418
0.464978
0.465812
0.466763
0.467641
0.468681
0.469703
0.470573
0.471349
0.472346
0.473443
0.47406
0.475067
0.476054
0.477057
0.477921
0.478913
0.479762
0.480814
0.481897
0.483036
0.483818
0.484814
0.485782
0.486633
0.487631
0.488586
0.489674
0.490838
0.491878
0.493056
0.494012
0.495052
0.496075
0.497154
0.498147
0.499161
0.500556
0.501627
0.502689
0.503673
0.504818
0.505832
0.506786
0.507948
0.50916
0.510228
0.511285
0.512544
0.513364
0.514474
0.515488
0.516389
0.517339
0.518493
0.519788
0.520989
0.522468
0.523434
0.524771
0.526101
0.527611
0.528931
0.530103
0.531357
0.532522
0.533587
0.535008
0.53631
0.537596
0.538763
0.540013
0.541457
0.542795
0.544247
0.545508
0.547287
0.548315
0.549937
0.551238
0.552851
0.554141
0.555622
0.55708
0.558777
0.560098
0.561773
0.56329
0.564708
0.566423
0.567975
0.56914
0.570707
0.572326
0.573693
0.574965
0.576607
0.578327
0.57988
0.581246
0.582755
0.584486
0.586156
0.587838
0.589378
0.591
0.593058
0.594303
0.59607
0.597667
0.5992
0.601037
0.602501
0.604805
0.606731
0.608628
0.610804
0.612696
0.614653
0.616854
0.618919
0.621323
0.623447
0.625712
0.628119
0.630704
0.63305
0.635029
0.637603
0.639787
0.64239
0.645135
0.647584
0.650081
0.652786
0.655724
0.657816
0.660635
0.663752
0.666481
0.669014
0.671253
0.67419
0.677161
0.679495
0.681969
0.685106
0.688085
0.690723
0.693404
0.696563
0.699946
0.703334
0.706511
0.709067
0.711865
0.714989
0.717298
0.720623
0.723918
0.726961
0.730775
0.73418
0.736891
0.740361
0.743841
0.747337
0.751871
0.756296
0.760648
0.764446
0.769371
0.77334
0.778232
0.78354
0.788246
0.793032
0.798131
0.802518
0.809507
0.816049
0.822177
0.829239
0.835941
0.84393
0.852933
0.861886
0.871153
0.879902
0.888646
0.89906
0.910591
0.92367
0.934978
0.948716
0.97008
0.985742
1.00371
1.01857
1.04016
1.08042
1.31218
