0.182104
0.182104
0.285298
0.285298
0.359657
0.362574
0.394792
0.408583
0.428579
0.448866
0.462712
0.475558
0.488739
0.49877
0.509155
0.52348
0.534289
0.545908
0.559411
0.571255
0.589235
0.601029
0.614595
0.635651
0.642854
0.66913
0.682521
0.69941
0.7123
0.726663
0.73955
0.752178
0.768651
0.788245
0.80307
0.815984
0.824773
0.833701
0.844093
0.855477
0.865849
0.876048
0.889659
0.898979
0.912814
0.920189
0.935644
0.949239
0.965423
0.980617
0.993052
1.00286
1.01743
1.0258
1.03679
1.04558
1.05528
1.06234
1.06974
1.07796
1.08586
1.09343
1.10267
1.11334
1.12694
1.14747
1.16907
1.19547
1.2208
1.24909
1.28177
1.30615
1.34877
1.38553
1.41492
1.43662
1.46992
1.48887
1.51636
1.53183
1.5561
1.57378
1.59645
1.61645
1.64191
1.66846
1.69546
1.75139
1.79548
1.85501
1.91636
1.97132
2.02137
2.08418
2.11464
2.19351
2.63927
2.71154
2.91942
3.0143
