0.328
0.328
0.328
0.328
0.329
0.33
0.331
0.331
0.332
0.335
0.336
0.338
0.34
0.343
0.344
0.346
0.347
0.349
0.351
0.352
0.353
0.357
0.358
0.36
0.36
0.361
0.361
0.364
0.365
0.368
0.372
0.374
0.377
0.379
0.385
0.387
0.39
0.391
0.391
0.393
0.393
0.394
0.394
0.397
0.4
0.402
0.406
0.407
0.408
0.409
0.412
0.415
0.416
0.418
0.419
0.42
0.425
0.427
0.432
0.438
0.438
0.44
0.441
0.442
0.444
0.446
0.448
0.449
0.453
0.457
0.461
0.464
0.466
0.467
0.47
0.47
0.473
0.475
0.479
0.48
0.482
0.488
0.491
0.495
0.497
0.498
0.502
0.505
0.506
0.509
0.512
0.514
0.517
0.52
0.522
0.526
0.529
0.531
0.533
0.535
0.54
0.542
0.548
0.55
0.555
0.557
0.557
0.558
0.558
0.559
0.56
0.563
0.564
0.567
0.571
0.572
0.572
0.576
0.577
0.58
0.581
0.582
0.583
0.585
0.586
0.588
0.589
0.593
0.595
0.597
0.6
0.604
0.606
0.608
0.61
0.611
0.613
0.615
0.62
0.62
0.624
0.626
0.628
0.632
0.635
0.637
0.64
0.642
0.646
0.647
0.648
0.65
0.653
0.656
0.659
0.661
0.662
0.662
0.665
0.665
0.669
0.672
0.674
0.677
0.681
0.683
0.689
0.693
0.695
0.699
0.699
0.7
0.7
0.7
0.702
0.705
0.705
0.706
0.708
0.709
0.713
0.714
0.717
0.718
0.722
0.724
0.726
0.728
0.729
0.731
0.732
0.737
0.74
0.743
0.747
0.748
0.748
0.75
0.751
0.756
0.758
0.761
0.767
0.77
0.772
0.776
0.778
0.78
0.782
0.782
0.783
0.785
0.787
0.787
0.789
0.789
0.79
0.792
0.794
0.8
0.801
0.803
0.804
0.805
0.808
0.811
0.813
0.813
0.818
0.821
0.822
0.824
0.825
0.826
0.828
0.831
0.834
0.834
0.837
0.838
0.844
0.847
0.85
0.852
0.857
0.858
0.863
0.865
0.866
0.868
0.868
0.873
0.875
0.875
0.879
0.88
0.882
0.883
0.886
0.886
0.888
0.888
0.89
0.891
0.893
0.893
0.896
0.9
0.9
0.901
0.901
0.903
0.904
0.904
0.905
0.909
0.91
0.912
0.915
0.916
0.92
0.923
0.925
0.93
0.934
0.935
0.935
0.939
0.942
0.945
0.948
0.95
0.954
0.956
0.958
0.961
0.961
0.964
0.966
0.966
0.968
0.973
0.973
0.974
0.977
0.978
0.981
0.983
0.985
0.986
0.986
0.987
0.988
0.993
0.995
0.995
0.997
0.999
0.999
1.002
1.002
1.006
1.01
1.011
1.012
1.014
1.016
1.019
1.022
1.026
1.029
1.032
1.034
1.038
1.042
1.042
1.043
1.045
1.047
1.05
1.051
1.051
1.053
1.056
1.059
1.06
1.061
1.064
1.065
1.066
1.067
1.067
1.068
1.072
1.074
1.076
1.079
1.082
1.087
1.09
1.092
1.094
1.096
1.098
1.099
1.1
1.101
1.104
1.106
1.108
1.11
1.114
1.114
1.115
1.115
1.116
1.118
1.119
1.121
1.122
1.123
1.125
1.127
1.13
1.132
1.135
1.137
1.137
1.138
1.141
1.144
1.147
1.151
1.151
1.155
1.158
1.162
1.165
1.169
1.17
1.171
1.174
1.177
1.179
1.185
1.187
1.189
1.19
1.192
1.193
1.193
1.195
1.196
1.196
1.197
1.198
1.199
1.199
1.199
1.204
1.204
1.207
1.209
1.209
1.21
1.21
1.211
1.214
1.215
1.215
1.216
1.217
1.219
1.221
1.224
1.224
1.228
1.23
1.231
1.232
1.234
1.235
1.239
1.24
1.243
1.246
1.254
1.257
1.26
1.261
1.263
1.264
1.267
1.268
1.271
1.274
1.274
1.278
1.28
1.283
1.283
1.284
1.29
1.292
1.297
1.298
1.299
1.301
1.302
1.306
1.309
1.31
1.31
1.311
1.313
1.313
1.313
1.314
1.316
1.316
1.316
1.316
1.317
1.318
1.319
1.319
1.32
1.321
1.324
1.324
1.326
1.328
1.331
1.332
1.337
1.34
1.341
1.343
1.346
1.35
1.354
1.359
1.362
1.368
1.369
1.373
1.375
1.379
1.382
1.383
1.386
1.387
1.39
1.39
1.391
1.394
1.394
1.396
1.396
1.398
1.399
1.401
1.402
1.404
1.405
1.407
1.408
1.414
1.417
1.42
1.423
1.426
1.429
1.433
1.433
1.435
1.438
1.44
1.443
1.444
1.448
1.45
1.451
1.453
1.453
1.454
1.454
1.455
1.455
1.458
1.459
1.459
1.46
1.461
1.462
1.463
1.463
1.466
1.467
1.47
1.472
1.475
1.476
1.481
1.483
1.486
1.49
1.494
1.497
1.499
1.505
1.507
1.508
1.51
1.515
1.518
1.518
1.521
1.522
1.522
1.525
1.526
1.529
1.529
1.53
1.533
1.535
1.535
1.538
1.54
1.54
1.543
1.543
1.546
1.547
1.553
1.554
1.557
1.561
1.561
1.562
1.567
1.57
1.57
1.574
1.574
1.576
1.579
1.582
1.584
1.585
1.589
1.59
1.591
1.595
1.596
1.597
1.599
1.6
1.6
1.602
1.602
1.604
1.604
1.604
1.604
1.609
1.611
1.611
1.613
1.615
1.62
1.623
1.627
1.63
1.633
1.637
1.641
1.644
1.647
1.65
1.653
1.655
1.656
1.658
1.662
1.664
1.666
1.669
1.673
1.674
1.675
1.676
1.678
1.678
1.68
1.68
1.682
1.685
1.686
1.686
1.688
1.691
1.692
1.693
1.694
1.701
1.703
1.705
1.713
1.715
1.716
1.716
1.716
1.718
1.719
1.72
1.724
1.727
1.73
1.733
1.738
1.74
1.742
1.743
1.747
1.747
1.749
1.749
1.754
1.757
1.759
1.76
1.764
1.767
1.77
1.772
1.777
1.779
1.781
1.785
1.787
1.79
1.792
1.792
1.793
1.796
1.799
1.8
1.802
1.803
1.805
1.805
1.808
1.809
1.81
1.813
1.816
1.82
1.822
1.825
1.83
1.834
1.836
1.836
1.839
1.839
1.842
1.848
1.851
1.851
1.854
1.859
1.862
1.863
1.869
1.87
1.871
1.873
1.876
1.877
1.881
1.883
1.885
1.886
1.887
1.888
1.891
1.895
1.897
1.899
1.903
1.906
1.913
1.919
1.922
1.924
1.928
1.932
1.932
1.934
1.938
1.938
1.939
1.94
1.942
1.946
1.946
1.947
1.949
1.95
1.954
1.958
1.962
1.962
1.968
1.97
1.974
1.975
1.978
1.985
1.989
1.995
1.999
2.001
2.002
2.006
2.006
2.007
2.009
2.01
2.011
2.012
2.015
2.016
2.019
2.024
2.029
2.033
2.038
2.041
2.042
2.046
2.049
2.05
2.053
2.055
2.062
2.067
2.073
2.075
2.077
2.081
2.087
2.089
2.093
2.095
2.099
2.101
2.104
2.105
2.111
2.113
2.113
2.116
2.118
2.12
2.123
2.125
2.126
2.13
2.135
2.137
2.14
2.144
2.148
2.153
2.159
2.163
2.167
2.172
2.176
2.179
2.183
2.186
2.187
2.19
2.193
2.195
2.198
2.202
2.206
2.211
2.215
2.217
2.219
2.223
2.229
2.231
2.235
2.238
2.241
2.247
2.249
2.252
2.259
2.261
2.269
2.272
2.277
2.278
2.285
2.29
2.293
2.294
2.299
2.301
2.305
2.306
2.311
2.314
2.32
2.323
2.332
2.335
2.336
2.34
2.348
2.35
2.354
2.361
2.365
2.365
2.367
2.374
2.378
2.38
2.384
2.388
2.391
2.394
2.398
2.406
2.409
2.414
2.423
2.423
2.429
2.433
2.44
2.444
2.448
2.454
2.459
2.465
2.468
2.474
2.479
2.482
2.486
2.49
2.497
2.5
2.504
2.507
2.51
2.515
2.525
2.53
2.533
2.538
2.545
2.551
2.56
2.566
2.576
2.577
2.58
2.587
2.593
2.6
2.604
2.608
2.617
2.622
2.631
2.635
2.641
2.646
2.657
2.667
2.673
2.678
2.691
2.698
2.702
2.716
2.72
2.727
2.735
2.741
2.75
2.757
2.771
2.782
2.788
2.795
2.805
2.817
2.835
2.847
2.855
2.861
2.876
2.892
2.904
2.916
2.928
2.939
2.952
2.97
2.982
2.997
3.008
3.03
3.05
3.067
3.088
3.11
3.135
3.164
3.203
3.231
3.275
3.313
3.369
3.471
3.601
3.703
4.012
