0.16
0.36
0.66
0.81
0.97
1.05
1.06
1.06
1.08
1.12
1.17
1.24
1.3
1.38
1.48
1.56
1.66
1.76
1.81
1.92
1.99
2.01
2.06
2.11
2.13
2.15
2.19
2.24
2.3
2.4
2.44
2.5
2.59
2.66
2.72
2.77
2.84
2.87
2.89
2.9
2.92
2.95
2.98
3.03
3.05
3.1
3.17
3.31
3.38
3.41
3.5
3.56
3.6
3.63
3.64
3.67
3.73
3.74
3.76
3.79
3.83
3.87
3.93
4.01
4.08
4.12
4.16
4.24
4.31
4.38
4.4
4.43
4.44
4.48
4.54
4.56
4.62
4.69
4.73
4.77
4.87
4.89
4.92
4.94
5
5.05
5.09
5.12
5.16
5.2
5.24
5.28
5.34
5.37
5.39
5.42
5.48
5.51
5.53
5.56
5.6
5.64
5.68
5.74
5.77
5.84
5.89
5.93
5.98
6
6.03
6.04
6.06
6.08
6.12
6.15
6.18
6.19
6.23
6.3
6.34
6.38
6.43
6.46
6.5
6.53
6.53
6.58
6.61
6.66
6.69
6.75
6.78
6.8
6.81
6.9
6.93
6.94
6.94
6.97
6.99
7.03
7.07
7.08
7.09
7.1
7.14
7.16
7.19
7.19
7.22
7.27
7.28
7.32
7.34
7.4
7.44
7.47
7.5
7.55
7.61
7.64
7.66
7.68
7.7
7.72
7.76
7.77
7.8
7.82
7.84
7.86
7.88
7.9
7.92
7.96
7.98
7.98
7.98
8
8.08
8.11
8.13
8.15
8.19
8.22
8.25
8.29
8.32
8.33
8.34
8.36
8.36
8.39
8.4
8.41
8.44
8.46
8.46
8.5
8.54
8.56
8.59
8.6
8.6
8.62
8.65
8.69
8.7
8.74
8.78
8.81
8.83
8.85
8.87
8.89
8.92
8.96
8.96
8.96
8.96
8.98
9.03
9.07
9.08
9.08
9.09
9.12
9.16
9.2
9.2
9.22
9.25
9.26
9.26
9.3
9.32
9.33
9.34
9.36
9.38
9.41
9.45
9.49
9.5
9.51
9.55
9.56
9.58
9.59
9.59
9.64
9.68
9.72
9.74
9.76
9.77
9.78
9.8
9.83
9.83
9.83
9.84
9.84
9.88
9.88
9.88
9.92
9.94
10
10.01
10.02
10.04
10.04
10.08
10.12
10.15
10.16
10.2
10.21
10.22
10.24
10.27
10.29
10.29
10.29
10.3
10.3
10.36
10.39
10.4
10.42
10.43
10.44
10.48
10.5
10.51
10.56
10.57
10.58
10.6
10.6
10.62
10.65
10.68
10.72
10.73
10.74
10.77
10.79
10.81
10.83
10.85
10.88
10.89
10.91
10.93
10.95
10.96
10.99
11
11
11.01
11.03
11.03
11.03
11.04
11.06
11.11
11.13
11.15
11.18
11.19
11.22
11.26
11.28
11.31
11.34
11.37
11.4
11.4
11.43
11.45
11.47
11.49
11.51
11.54
11.54
11.55
11.56
11.57
11.6
11.64
11.66
11.69
11.69
11.7
11.7
11.72
11.74
11.78
11.79
11.85
11.89
11.91
11.91
11.94
11.98
11.99
12
12.02
12.04
12.05
12.05
12.06
12.09
12.13
12.13
12.17
12.18
12.2
12.22
12.23
12.25
12.31
12.35
12.37
12.41
12.45
12.46
12.47
12.47
12.5
12.51
12.55
12.57
12.59
12.6
12.62
12.65
12.67
12.69
12.7
12.71
12.75
12.75
12.76
12.77
12.78
12.81
12.84
12.86
12.86
12.88
12.88
12.93
12.93
12.95
12.96
13
13.04
13.05
13.09
13.1
13.12
13.16
13.19
13.23
13.26
13.26
13.28
13.28
13.29
13.3
13.31
13.34
13.37
13.39
13.42
13.45
13.45
13.47
13.47
13.49
13.51
13.55
13.57
13.57
13.6
13.65
13.69
13.69
13.73
13.75
13.76
13.79
13.82
13.87
13.9
13.95
13.96
14
14.02
14.03
14.05
14.06
14.06
14.06
14.08
14.09
14.12
14.13
14.14
14.17
14.19
14.2
14.21
14.22
14.24
14.24
14.27
14.28
14.28
14.31
14.34
14.37
14.4
14.43
14.45
14.48
14.52
14.53
14.56
14.57
14.58
14.61
14.63
14.67
14.69
14.7
14.72
14.74
14.8
14.81
14.83
14.87
14.88
14.91
14.95
14.96
14.97
14.99
14.99
15.01
15.04
15.05
15.06
15.06
15.12
15.14
15.17
15.19
15.22
15.26
15.28
15.31
15.32
15.37
15.37
15.39
15.41
15.43
15.44
15.48
15.48
15.51
15.52
15.55
15.56
15.61
15.65
15.65
15.67
15.71
15.75
15.77
15.78
15.8
15.82
15.82
15.83
15.84
15.89
15.92
15.94
15.96
15.96
15.98
15.99
15.99
16.02
16.06
16.1
16.11
16.13
16.13
16.15
16.16
16.2
16.24
16.27
16.29
16.34
16.36
16.4
16.42
16.46
16.47
16.49
16.5
16.52
16.57
16.58
16.6
16.63
16.68
16.69
16.73
16.8
16.83
16.85
16.88
16.9
16.92
16.92
16.92
16.94
16.94
16.94
16.97
16.97
16.99
17
17.01
17.01
17.05
17.11
17.12
17.15
17.17
17.2
17.21
17.25
17.28
17.32
17.36
17.4
17.44
17.48
17.5
17.54
17.55
17.58
17.6
17.64
17.66
17.67
17.68
17.69
17.69
17.7
17.71
17.72
17.77
17.81
17.86
17.87
17.9
17.9
17.92
17.94
17.94
17.97
17.98
18.04
18.07
18.12
18.13
18.15
18.19
18.23
18.25
18.26
18.3
18.35
18.38
18.41
18.44
18.47
18.48
18.51
18.54
18.55
18.61
18.64
18.68
18.69
18.72
18.73
18.75
18.76
18.8
18.81
18.83
18.87
18.89
18.91
18.94
18.94
18.96
18.99
19.01
19.01
19.07
19.1
19.11
19.13
19.18
19.21
19.25
19.3
19.32
19.35
19.38
19.39
19.44
19.48
19.51
19.53
19.55
19.57
19.57
19.59
19.62
19.64
19.66
19.69
19.7
19.71
19.73
19.75
19.78
19.82
19.87
19.89
19.92
19.94
19.95
19.98
19.99
20.03
20.05
20.1
20.15
20.16
20.2
20.22
20.26
20.27
20.31
20.34
20.35
20.37
20.37
20.4
20.46
20.5
20.54
20.57
20.6
20.62
20.64
20.68
20.71
20.76
20.78
20.83
20.88
20.93
20.95
20.97
20.98
21.02
21.05
21.08
21.1
21.13
21.16
21.16
21.18
21.22
21.26
21.29
21.3
21.33
21.38
21.42
21.45
21.46
21.48
21.51
21.55
21.58
21.6
21.66
21.69
21.74
21.82
21.86
21.9
21.92
21.94
21.97
21.98
21.99
22.02
22.03
22.06
22.11
22.13
22.14
22.17
22.21
22.28
22.32
22.36
22.38
22.4
22.43
22.45
22.5
22.57
22.61
22.65
22.71
22.73
22.73
22.8
22.81
22.81
22.83
22.88
22.91
22.94
22.98
23.02
23.07
23.1
23.13
23.19
23.21
23.26
23.3
23.34
23.36
23.37
23.43
23.45
23.53
23.57
23.6
23.63
23.65
23.67
23.71
23.75
23.77
23.82
23.86
23.89
23.92
23.95
23.96
24.03
24.06
24.12
24.18
24.21
24.24
24.29
24.37
24.43
24.45
24.46
24.51
24.56
24.6
24.62
24.66
24.71
24.78
24.82
24.88
24.91
24.93
24.96
24.98
25.06
25.13
25.16
25.21
25.25
25.27
25.31
25.35
25.43
25.49
25.49
25.51
25.53
25.57
25.62
25.68
25.75
25.84
25.91
25.96
25.98
26.04
26.09
26.13
26.18
26.21
26.21
26.27
26.3
26.36
26.41
26.45
26.53
26.59
26.69
26.74
26.79
26.89
26.95
26.97
27
27.05
27.09
27.12
27.24
27.34
27.41
27.49
27.5
27.55
27.59
27.63
27.72
27.75
27.82
27.91
27.94
28.03
28.11
28.17
28.26
28.32
28.34
28.46
28.56
28.6
28.67
28.71
28.78
28.85
28.9
29
29.09
29.19
29.28
29.35
29.43
29.51
29.57
29.65
29.72
29.83
29.93
30.02
30.12
30.2
30.25
30.39
30.51
30.59
30.7
30.81
30.89
31
31.06
31.16
31.25
31.41
31.58
31.7
31.82
31.91
32.06
32.14
32.24
32.36
32.59
32.73
32.89
33.02
33.17
33.42
33.57
33.78
34
34.26
34.56
34.83
35.06
35.27
35.61
35.95
36.35
36.83
37.31
37.84
38.27
38.83
39.52
40.36
41.32
43.66
46.73
