0.151757
0.151757
0.152223
0.152223
0.1526
0.1526
0.153561
0.153561
0.153568
0.153568
0.153801
0.153801
0.154233
0.154233
0.15478
0.15478
0.154912
0.154912
0.155566
0.155566
0.156085
0.156085
0.158255
0.158255
0.159365
0.159365
0.159388
0.159388
0.160559
0.161374
0.162834
0.162834
0.166579
0.166579
0.16753
0.16753
0.169432
0.169432
0.170679
0.170679
0.171474
0.171474
0.1717
0.1717
0.175575
0.175575
0.176436
0.176436
0.177222
0.177222
0.177731
0.177731
0.17989
0.17989
0.181071
0.181071
0.182918
0.182918
0.184377
0.184377
0.184438
0.184869
0.184869
0.185702
0.185702
0.187575
0.187575
0.187703
0.187703
0.189142
0.189142
0.192026
0.192026
0.192324
0.192324
0.193567
0.194921
0.194921
0.19548
0.19548
0.195604
0.195604
0.197834
0.197834
0.197924
0.197924
0.199979
0.199979
0.200093
0.200093
0.200548
0.200548
0.200858
0.201203
0.203944
0.203944
0.205264
0.205264
0.205713
0.205713
0.208099
0.208099
0.21034
0.21034
0.210351
0.210351
0.210656
0.21128
0.21128
0.212842
0.213324
0.213324
0.214432
0.214592
0.214592
0.2147
0.2147
0.215366
0.215366
0.215585
0.216009
0.216009
0.216133
0.216133
0.216742
0.216742
0.216879
0.216879
0.219124
0.219124
0.220088
0.220197
0.220197
0.221463
0.222519
0.222519
0.222741
0.222741
0.224222
0.224222
0.224928
0.224928
0.225081
0.225192
0.225192
0.225632
0.225632
0.226911
0.226911
0.227373
0.227373
0.228313
0.228313
0.22903
0.22903
0.230664
0.230664
0.234198
0.234329
0.235035
0.235035
0.235065
0.235065
0.235122
0.235122
0.235416
0.235416
0.235488
0.235488
0.235872
0.236144
0.236644
0.236644
0.236711
0.236711
0.23688
0.23688
0.237733
0.237733
0.238854
0.238854
0.239636
0.239636
0.240536
0.240536
0.241252
0.241252
0.242505
0.242914
0.242914
0.242926
0.243796
0.243796
0.244255
0.244255
0.244396
0.244396
0.245664
0.247055
0.247055
0.247093
0.249252
0.249252
0.249453
0.249453
0.252259
0.252663
0.252663
0.252872
0.254181
0.254181
0.254771
0.255309
0.256886
0.256886
0.260402
0.260402
0.261087
0.261529
0.261529
0.262198
0.262198
0.262601
0.262947
0.262947
0.263867
0.263867
0.264066
0.264066
0.265386
0.265386
0.266272
0.26628
0.26628
0.266365
0.266658
0.266658
0.266705
0.266705
0.267188
0.267188
0.267289
0.267289
0.267437
0.267437
0.267959
0.268264
0.268619
0.269103
0.26912
0.26912
0.269291
0.269291
0.269533
0.269533
0.270679
0.270819
0.270819
0.270869
0.270869
0.270874
0.270874
0.271321
0.272113
0.272113
0.273663
0.273663
0.274075
0.274075
0.274077
0.274077
0.274159
0.274496
0.274914
0.275933
0.275933
0.276103
0.276103
0.276958
0.280855
0.281399
0.281399
0.281435
0.282424
0.282914
0.283387
0.283702
0.28491
0.28491
0.285375
0.285375
0.285489
0.285489
0.286087
0.28726
0.28726
0.287777
0.287962
0.287962
0.288508
0.288508
0.288986
0.288986
0.289005
0.289005
0.289054
0.289054
0.289173
0.289206
0.289206
0.290482
0.290806
0.290806
0.290857
0.290857
0.290878
0.290878
0.291001
0.291987
0.291987
0.292459
0.292459
0.293489
0.293489
0.294352
0.294352
0.294486
0.294555
0.294555
0.294954
0.295319
0.295319
0.29651
0.29651
0.297651
0.297722
0.298538
0.29867
0.299277
0.299277
0.299321
0.299913
0.299913
0.300501
0.302564
0.30257
0.30257
0.303771
0.303771
0.304297
0.304417
0.304417
0.306555
0.306555
0.307375
0.308147
0.308147
0.308546
0.30859
0.30859
0.308672
0.308672
0.308998
0.309151
0.309319
0.309319
0.310616
0.310616
0.310682
0.311816
0.311816
0.312022
0.312022
0.31236
0.312636
0.312636
0.313345
0.313488
0.313613
0.313613
0.31365
0.313766
0.314155
0.314155
0.31437
0.31437
0.314534
0.314534
0.315031
0.315031
0.315033
0.315237
0.315371
0.315371
0.315434
0.315434
0.315494
0.316072
0.316072
0.316561
0.316561
0.317745
0.31779
0.318011
0.318348
0.318595
0.318595
0.318896
0.318896
0.319005
0.319005
0.319518
0.32001
0.320184
0.320184
0.320395
0.320395
0.320839
0.321347
0.321531
0.321531
0.321636
0.321636
0.322247
0.322584
0.32281
0.322944
0.322944
0.323872
0.323872
0.323879
0.324794
0.324794
0.325185
0.32552
0.32552
0.326268
0.326268
0.327055
0.327055
0.327286
0.327286
0.327327
0.327987
0.328822
0.328822
0.329437
0.329683
0.329683
0.33009
0.33009
0.330992
0.330992
0.331194
0.331942
0.332519
0.332519
0.333455
0.334374
0.334374
0.334995
0.334995
0.335427
0.335427
0.336203
0.336312
0.336312
0.337322
0.337322
0.33839
0.33839
0.338624
0.338777
0.338777
0.338811
0.339515
0.34075
0.341257
0.341257
0.342664
0.343309
0.34362
0.343907
0.345285
0.345546
0.34572
0.345811
0.345845
0.345887
0.346015
0.346059
0.346127
0.346127
0.346815
0.346922
0.346922
0.346982
0.348506
0.348506
0.348507
0.348733
0.349238
0.349238
0.349487
0.349654
0.350775
0.350775
0.350881
0.350881
0.351684
0.351684
0.351727
0.35181
0.35181
0.351904
0.35218
0.35218
0.352486
0.352486
0.354314
0.354564
0.354653
0.355465
0.355465
0.355651
0.35568
0.356003
0.356003
0.35672
0.35672
0.356927
0.356927
0.357182
0.357182
0.357203
0.358044
0.358044
0.358211
0.358231
0.358231
0.359322
0.359322
0.35955
0.35955
0.36088
0.36088
0.361972
0.361972
0.362096
0.362096
0.362665
0.362665
0.364018
0.3642
0.3642
0.364272
0.364272
0.364418
0.364979
0.367452
0.368108
0.368838
0.368838
0.369364
0.369364
0.370022
0.370022
0.370634
0.37071
0.37093
0.370969
0.3711
0.3711
0.371481
0.371481
0.372621
0.374555
0.375073
0.375678
0.375678
0.3766
0.376927
0.376927
0.377277
0.37734
0.377454
0.377634
0.377634
0.378258
0.378258
0.378467
0.379175
0.379175
0.379469
0.379997
0.379997
0.380199
0.380825
0.380825
0.380964
0.382042
0.382483
0.382483
0.382545
0.382545
0.384203
0.384203
0.384475
0.384803
0.384845
0.384999
0.384999
0.386347
0.386347
0.387147
0.38825
0.389555
0.389555
0.389822
0.390079
0.390079
0.390855
0.390855
0.391512
0.392576
0.392576
0.393428
0.393428
0.394447
0.395012
0.395381
0.3954
0.395613
0.395613
0.396424
0.396634
0.396783
0.396914
0.39738
0.39738
0.397486
0.397507
0.398361
0.398372
0.398372
0.398851
0.398851
0.400732
0.400923
0.401717
0.401918
0.402226
0.402639
0.402639
0.402712
0.403431
0.403978
0.404238
0.405443
0.405443
0.405949
0.406902
0.409067
0.409688
0.410065
0.411517
0.4117
0.412166
0.412352
0.412352
0.412438
0.412438
0.412709
0.413008
0.413685
0.413756
0.413766
0.414292
0.414342
0.414342
0.4144
0.41497
0.415115
0.415213
0.416127
0.416127
0.416352
0.416809
0.417126
0.418534
0.41903
0.41903
0.41919
0.419607
0.419667
0.419667
0.420401
0.420401
0.420429
0.423395
0.423815
0.42488
0.425512
0.427704
0.427704
0.427891
0.428009
0.428009
0.428265
0.429114
0.430869
0.431221
0.43242
0.434061
0.434061
0.434079
0.434168
0.434769
0.435489
0.435736
0.437949
0.439146
0.439146
0.439419
0.439723
0.439723
0.44105
0.441246
0.441246
0.441304
0.441304
0.441306
0.44203
0.442093
0.442093
0.44271
0.44271
0.442909
0.442909
0.443835
0.44396
0.444312
0.444649
0.444649
0.446483
0.448761
0.449024
0.450044
0.450605
0.450605
0.450735
0.451641
0.452521
0.452758
0.4552
0.455757
0.45592
0.45592
0.457647
0.459029
0.460065
0.460172
0.460261
0.460334
0.460357
0.460887
0.460887
0.461513
0.463948
0.464018
0.464018
0.464145
0.464145
0.464179
0.465767
0.466928
0.467195
0.46762
0.467834
0.467834
0.470333
0.470613
0.471588
0.472387
0.472387
0.472632
0.472632
0.473863
0.473863
0.474082
0.474082
0.474309
0.474767
0.475421
0.475904
0.47741
0.477419
0.477419
0.479219
0.479668
0.479668
0.482976
0.483087
0.483087
0.484733
0.486086
0.487409
0.487765
0.489138
0.490691
0.490746
0.491787
0.496228
0.496228
0.496423
0.497608
0.497608
0.498284
0.49875
0.499407
0.499407
0.499426
0.499782
0.499782
0.500083
0.500185
0.500792
0.500806
0.501504
0.503222
0.504075
0.504716
0.50556
0.505703
0.506764
0.506792
0.508072
0.508332
0.508493
0.508493
0.508707
0.509241
0.51011
0.510485
0.511296
0.51189
0.512644
0.512893
0.5146
0.5146
0.514809
0.515342
0.515781
0.516127
0.516865
0.516865
0.518072
0.518072
0.518872
0.520162
0.5208
0.5208
0.520836
0.522403
0.522403
0.52525
0.525623
0.526047
0.526517
0.526517
0.530433
0.530433
0.530583
0.530816
0.532086
0.532086
0.534227
0.535848
0.535848
0.53641
0.537145
0.537808
0.53891
0.53891
0.538932
0.540754
0.541922
0.543028
0.543028
0.543367
0.543676
0.543676
0.544755
0.5457
0.545704
0.546611
0.547964
0.548159
0.551629
0.553737
0.553754
0.556835
0.556835
0.558833
0.55886
0.56045
0.560501
0.560522
0.560959
0.560959
0.561035
0.561035
0.563783
0.565096
0.565675
0.565943
0.566105
0.56638
0.56638
0.566472
0.567128
0.568375
0.568375
0.569584
0.570746
0.573087
0.577834
0.578879
0.582111
0.582263
0.582702
0.582702
0.589791
0.591374
0.591374
0.596705
0.600582
0.60182
0.603685
0.604088
0.604339
0.604578
0.604578
0.604828
0.606591
0.612038
0.614292
0.616321
0.616906
0.616906
0.620145
0.620145
0.620664
0.623391
0.626778
0.634993
0.637085
0.637635
0.64427
0.645992
0.648337
0.653498
0.654851
0.656026
0.659843
0.661546
0.662473
0.664179
0.664608
0.672987
0.676149
0.682871
0.692715
0.695904
0.702777
0.709245
0.712522
0.746402
0.747354
0.753239
0.75549
0.761904
0.771357
0.772058
0.781109
0.793549
0.812663
0.814126
0.825734
0.852158
0.862507
0.862507
0.910477
0.910477
0.924167
0.945728
0.946159
0.992163
1.12529
1.28087
