0.05
0.15
0.38
0.59
0.7
0.76
0.76
0.79
0.79
0.8
0.81
0.82
0.82
0.82
0.82
0.82
0.82
0.82
0.83
0.83
0.83
0.86
0.9
0.98
1.01
1.09
1.17
1.3
1.34
1.39
1.41
1.47
1.48
1.52
1.57
1.6
1.62
1.65
1.7
1.72
1.72
1.75
1.77
1.77
1.77
1.77
1.77
1.77
1.77
1.78
1.78
1.78
1.78
1.78
1.8
1.8
1.82
1.86
1.92
1.97
2.02
2.03
2.06
2.15
2.18
2.26
2.28
2.32
2.37
2.38
2.39
2.43
2.43
2.47
2.51
2.57
2.58
2.62
2.66
2.7
2.73
2.78
2.83
2.9
2.99
3.04
3.08
3.16
3.21
3.26
3.32
3.34
3.39
3.41
3.45
3.49
3.57
3.69
3.78
3.83
3.85
3.9
3.98
4.08
4.12
4.24
4.29
4.35
4.44
4.59
4.7
4.83
4.96
5
5.12
5.19
5.29
5.4
5.46
5.59
5.66
5.77
5.93
6.03
6.2
6.34
6.44
6.59
6.65
6.76
6.95
7.17
7.47
7.63
7.87
8.03
8.23
8.49
8.86
9.13
9.51
9.74
10.23
10.64
11.28
11.88
13.33
15.61
17.93
20.53
