0.154058
0.154058
0.207508
0.207508
0.210889
0.210889
0.218557
0.218557
0.226298
0.226298
0.236923
0.236923
0.24026
0.24026
0.253213
0.253213
0.275363
0.275363
0.277414
0.278509
0.278509
0.278788
0.278788
0.282201
0.282201
0.301049
0.301049
0.305186
0.305186
0.311366
0.311366
0.317488
0.317488
0.341726
0.341726
0.347652
0.347652
0.355206
0.355206
0.356602
0.356602
0.359822
0.359822
0.360035
0.36532
0.366012
0.384837
0.384837
0.389568
0.389568
0.392944
0.392944
0.394461
0.395135
0.395135
0.401571
0.407804
0.407804
0.410012
0.412651
0.412651
0.421141
0.424265
0.424265
0.425864
0.425864
0.434015
0.439595
0.439595
0.442449
0.442449
0.444588
0.447625
0.44822
0.44822
0.450002
0.450646
0.450646
0.451238
0.451238
0.455859
0.461984
0.465321
0.465321
0.477845
0.477845
0.478712
0.487359
0.487359
0.488547
0.489995
0.489995
0.490372
0.490372
0.495031
0.495031
0.495636
0.495636
0.500232
0.500232
0.502919
0.503653
0.503653
0.51155
0.51155
0.51965
0.51965
0.521853
0.521853
0.524042
0.524042
0.525345
0.525345
0.529176
0.530389
0.545301
0.545486
0.547149
0.547596
0.549187
0.550583
0.550583
0.55342
0.555883
0.561895
0.561895
0.564053
0.565378
0.565378
0.56651
0.569001
0.579152
0.579152
0.580957
0.58413
0.586707
0.586707
0.587178
0.587784
0.587784
0.597081
0.609527
0.613506
0.61387
0.61387
0.616271
0.616271
0.617599
0.623988
0.623988
0.630439
0.630439
0.641685
0.650623
0.650623
0.652522
0.652522
0.65711
0.673346
0.673346
0.673531
0.677147
0.680821
0.686092
0.695461
0.695461
0.70055
0.712166
0.716877
0.716877
0.719561
0.734474
0.734474
0.734852
0.738171
0.738171
0.743016
0.743016
0.745145
0.745609
0.755355
0.761361
0.761361
0.763427
0.766258
0.768248
0.769059
0.781275
0.78333
0.78333
0.790464
0.791042
0.801626
0.801626
0.801724
0.801724
0.812408
0.820737
0.820737
0.832067
0.848411
0.851276
0.851276
0.855163
0.855163
0.855714
0.859458
0.875364
0.875364
0.884291
0.888059
0.888484
0.9054
0.915626
0.916186
0.925111
0.935607
0.935607
0.942451
0.963301
0.981343
0.982739
0.999673
1.00293
1.00938
1.01143
1.03104
1.03637
1.07993
1.08119
1.08119
1.11978
1.12876
1.13908
1.14122
1.16401
1.16882
1.17479
1.17839
1.24502
1.26726
1.27973
1.34117
1.4075
1.41233
1.49225
1.5527
1.72959
1.7569
1.92973
