0.15
0.29
0.46
0.64
0.69
0.71
0.73
0.75
0.75
0.78
0.78
0.79
0.83
0.85
0.85
0.86
0.87
0.88
0.88
0.9
0.92
0.92
0.94
0.94
0.95
0.96
0.96
0.97
0.99
1
1
1.03
1.05
1.05
1.07
1.11
1.14
1.16
1.25
1.33
1.36
1.41
1.46
1.5
1.51
1.55
1.61
1.64
1.67
1.71
1.72
1.72
1.72
1.72
1.73
1.73
1.73
1.74
1.74
1.74
1.76
1.78
1.82
1.82
1.83
1.85
1.86
1.89
1.91
1.93
1.99
2.03
2.05
2.1
2.12
2.18
2.22
2.25
2.29
2.32
2.33
2.35
2.37
2.38
2.39
2.41
2.42
2.44
2.44
2.44
2.44
2.46
2.47
2.48
2.5
2.53
2.58
2.63
2.7
2.76
2.79
2.88
2.92
2.96
3
3.03
3.05
3.08
3.1
3.12
3.13
3.13
3.14
3.15
3.15
3.16
3.18
3.21
3.25
3.28
3.34
3.37
3.43
3.51
3.55
3.56
3.58
3.58
3.58
3.59
3.59
3.62
3.62
3.64
3.67
3.69
3.72
3.77
3.82
3.84
3.87
3.94
4.01
4.04
4.09
4.13
4.17
4.24
4.26
4.27
4.32
4.39
4.44
4.47
4.5
4.51
4.57
4.63
4.67
4.75
4.77
4.83
4.87
4.92
4.93
4.96
4.99
5.03
5.06
5.16
5.19
5.22
5.28
5.34
5.44
5.45
5.52
5.57
5.62
5.67
5.71
5.73
5.81
5.88
5.88
5.93
6.02
6.08
6.14
6.19
6.22
6.27
6.31
6.39
6.47
6.54
6.61
6.67
6.71
6.79
6.87
6.95
7.05
7.11
7.19
7.24
7.32
7.39
7.49
7.56
7.63
7.74
7.8
7.86
7.92
7.95
8.06
8.24
8.32
8.41
8.51
8.63
8.69
8.85
9.03
9.14
9.22
9.37
9.54
9.68
9.82
9.94
10.17
10.41
10.68
10.95
11.26
11.69
12.16
12.63
13.09
13.79
14.52
15.47
16.47
17.76
19.37
24.28
29.49
38.12
