0.328
0.328
0.328
0.328
0.328
0.328
0.328
0.328
0.328
0.328
0.328
0.328
0.328
0.328
0.328
0.328
0.328
0.328
0.328
0.33
0.33
0.33
0.331
0.331
0.331
0.332
0.333
0.333
0.334
0.334
0.335
0.335
0.335
0.337
0.337
0.338
0.338
0.338
0.339
0.34
0.34
0.34
0.341
0.344
0.345
0.348
0.349
0.351
0.357
0.359
0.361
0.367
0.378
0.381
0.388
0.391
0.393
0.4
0.408
0.412
0.418
0.421
0.426
0.432
0.435
0.435
0.435
0.44
0.442
0.446
0.448
0.454
0.458
0.463
0.466
0.467
0.469
0.476
0.483
0.486
0.49
0.492
0.497
0.502
0.504
0.511
0.522
0.527
0.531
0.535
0.545
0.552
0.561
0.569
0.575
0.58
0.584
0.586
0.59
0.593
0.596
0.606
0.616
0.621
0.63
0.635
0.642
0.651
0.658
0.66
0.666
0.673
0.68
0.687
0.696
0.7
0.709
0.713
0.716
0.724
0.73
0.741
0.75
0.761
0.771
0.777
0.781
0.786
0.79
0.801
0.808
0.817
0.826
0.833
0.843
0.855
0.865
0.873
0.882
0.887
0.898
0.905
0.914
0.926
0.935
0.94
0.946
0.956
0.969
0.979
0.985
0.997
1.007
1.016
1.024
1.035
1.038
1.045
1.059
1.07
1.084
1.09
1.102
1.11
1.123
1.133
1.136
1.145
1.156
1.168
1.178
1.188
1.194
1.207
1.218
1.231
1.245
1.256
1.27
1.283
1.286
1.297
1.309
1.324
1.342
1.358
1.371
1.382
1.401
1.412
1.425
1.434
1.456
1.47
1.485
1.496
1.506
1.525
1.545
1.56
1.572
1.589
1.602
1.616
1.627
1.642
1.658
1.68
1.694
1.707
1.726
1.739
1.752
1.773
1.787
1.801
1.818
1.839
1.861
1.889
1.908
1.933
1.957
1.984
2.007
2.034
2.077
2.109
2.148
2.187
2.219
2.253
2.295
2.346
2.409
2.461
2.533
2.595
2.655
2.72
2.792
2.865
2.96
3.074
3.277
3.567
3.741
4.321
4.504
4.757
