0.328
0.328
0.328
0.328
0.328
0.328
0.328
0.328
0.328
0.328
0.328
0.328
0.328
0.328
0.329
0.33
0.33
0.33
0.332
0.332
0.333
0.333
0.333
0.334
0.334
0.334
0.335
0.336
0.337
0.337
0.337
0.338
0.338
0.339
0.341
0.342
0.345
0.349
0.354
0.36
0.364
0.371
0.376
0.381
0.386
0.39
0.4
0.404
0.409
0.414
0.419
0.423
0.424
0.427
0.434
0.438
0.44
0.443
0.448
0.456
0.462
0.471
0.476
0.478
0.482
0.485
0.494
0.499
0.504
0.512
0.524
0.532
0.537
0.549
0.554
0.555
0.564
0.567
0.574
0.581
0.59
0.598
0.607
0.616
0.623
0.633
0.644
0.654
0.658
0.668
0.679
0.69
0.696
0.71
0.724
0.73
0.735
0.745
0.762
0.77
0.774
0.786
0.798
0.808
0.819
0.826
0.839
0.85
0.86
0.876
0.89
0.899
0.91
0.92
0.926
0.937
0.948
0.962
0.975
0.989
0.997
1.011
1.023
1.036
1.049
1.055
1.067
1.078
1.094
1.105
1.123
1.132
1.145
1.158
1.17
1.182
1.199
1.211
1.225
1.238
1.253
1.264
1.28
1.297
1.308
1.328
1.351
1.363
1.38
1.397
1.411
1.431
1.445
1.46
1.478
1.504
1.518
1.533
1.545
1.57
1.59
1.613
1.631
1.655
1.678
1.695
1.721
1.755
1.776
1.81
1.842
1.875
1.903
1.948
1.983
2.02
2.058
2.095
2.129
2.178
2.23
2.276
2.321
2.384
2.452
2.514
2.569
2.635
2.733
2.875
3.002
3.241
3.426
3.755
3.909
4.075
4.231
4.348
4.436
4.722
