0.328
0.328
0.328
0.328
0.328
0.328
0.328
0.328
0.329
0.329
0.329
0.329
0.329
0.329
0.33
0.33
0.33
0.331
0.332
0.332
0.332
0.332
0.335
0.335
0.335
0.335
0.336
0.338
0.34
0.341
0.341
0.345
0.348
0.349
0.35
0.351
0.358
0.361
0.365
0.366
0.368
0.373
0.374
0.376
0.378
0.378
0.38
0.383
0.391
0.396
0.4
0.403
0.404
0.409
0.412
0.419
0.422
0.426
0.43
0.432
0.434
0.437
0.443
0.451
0.453
0.458
0.462
0.466
0.471
0.473
0.479
0.48
0.485
0.489
0.494
0.5
0.503
0.509
0.512
0.516
0.521
0.525
0.528
0.54
0.545
0.546
0.548
0.552
0.556
0.563
0.566
0.567
0.567
0.573
0.575
0.578
0.582
0.586
0.592
0.598
0.6
0.602
0.608
0.614
0.617
0.627
0.633
0.641
0.649
0.653
0.659
0.662
0.667
0.67
0.676
0.683
0.688
0.691
0.696
0.699
0.705
0.705
0.71
0.721
0.728
0.736
0.739
0.741
0.744
0.749
0.757
0.768
0.773
0.777
0.778
0.786
0.798
0.8
0.804
0.81
0.817
0.82
0.826
0.83
0.836
0.843
0.847
0.851
0.856
0.861
0.865
0.873
0.877
0.884
0.89
0.903
0.906
0.911
0.917
0.922
0.926
0.933
0.934
0.942
0.948
0.95
0.956
0.959
0.964
0.971
0.975
0.983
0.99
0.997
1.002
1.006
1.014
1.019
1.028
1.033
1.038
1.042
1.046
1.049
1.056
1.059
1.066
1.071
1.075
1.082
1.09
1.096
1.098
1.104
1.112
1.119
1.125
1.131
1.137
1.144
1.15
1.153
1.157
1.162
1.17
1.175
1.178
1.184
1.191
1.195
1.199
1.207
1.212
1.217
1.223
1.228
1.236
1.24
1.249
1.252
1.259
1.265
1.272
1.277
1.286
1.293
1.297
1.301
1.309
1.313
1.321
1.325
1.332
1.342
1.347
1.356
1.36
1.369
1.374
1.382
1.39
1.4
1.411
1.417
1.422
1.426
1.432
1.436
1.445
1.453
1.456
1.463
1.472
1.476
1.483
1.491
1.493
1.501
1.511
1.518
1.524
1.534
1.546
1.554
1.562
1.569
1.572
1.582
1.588
1.593
1.599
1.607
1.616
1.627
1.628
1.636
1.645
1.656
1.669
1.678
1.684
1.687
1.694
1.707
1.719
1.728
1.738
1.745
1.754
1.763
1.78
1.783
1.792
1.803
1.812
1.821
1.835
1.844
1.849
1.866
1.878
1.888
1.901
1.91
1.923
1.934
1.947
1.963
1.967
1.976
1.986
1.997
2.01
2.022
2.038
2.056
2.063
2.074
2.085
2.101
2.125
2.137
2.156
2.175
2.192
2.216
2.234
2.259
2.276
2.3
2.332
2.351
2.383
2.418
2.451
2.488
2.521
2.549
2.591
2.638
2.696
2.789
2.872
2.986
3.113
3.26
3.424
3.955
4.353
4.657
