0.157581
0.157581
0.165272
0.165272
0.17553
0.17553
0.185749
0.185749
0.196663
0.196663
0.205758
0.205915
0.214603
0.215046
0.221485
0.221779
0.229538
0.23026
0.23592
0.237165
0.243465
0.244701
0.249661
0.251355
0.255377
0.257354
0.261423
0.263601
0.266631
0.269163
0.274349
0.277402
0.281386
0.283921
0.28764
0.290529
0.29403
0.297625
0.300014
0.302485
0.305327
0.307884
0.311193
0.314354
0.31717
0.320019
0.32217
0.324528
0.327191
0.330543
0.333746
0.336156
0.339519
0.342646
0.345274
0.347744
0.350061
0.352315
0.354933
0.356857
0.358945
0.360769
0.362648
0.365066
0.367186
0.370035
0.372075
0.374239
0.375892
0.37841
0.380425
0.382205
0.383949
0.386189
0.388081
0.390002
0.392443
0.394868
0.397519
0.399408
0.401828
0.404119
0.405805
0.407886
0.409883
0.41198
0.414156
0.416925
0.419776
0.422304
0.42525
0.427898
0.430261
0.432287
0.434692
0.437189
0.439516
0.441658
0.444249
0.446422
0.448275
0.449955
0.452329
0.454007
0.456391
0.458187
0.460441
0.461967
0.464279
0.466379
0.46839
0.470876
0.472868
0.474549
0.476433
0.478883
0.480851
0.482855
0.484629
0.487132
0.489673
0.491518
0.493663
0.496104
0.497962
0.500235
0.50239
0.504948
0.506888
0.508885
0.511181
0.513306
0.51519
0.517011
0.518946
0.520901
0.523127
0.525678
0.527649
0.529741
0.531552
0.533931
0.536127
0.538559
0.540913
0.542932
0.544598
0.546194
0.548549
0.550617
0.55211
0.554143
0.55591
0.557677
0.559415
0.561201
0.56337
0.565534
0.567738
0.570352
0.572418
0.574585
0.576523
0.578207
0.58001
0.581664
0.583625
0.58591
0.58816
0.590345
0.593384
0.595962
0.598918
0.602032
0.604461
0.606978
0.609495
0.611593
0.613766
0.61558
0.617176
0.619136
0.621468
0.624023
0.625986
0.628306
0.630166
0.632504
0.634669
0.637828
0.640162
0.643256
0.645841
0.648535
0.651739
0.654405
0.657837
0.660084
0.663111
0.666208
0.668432
0.67148
0.674694
0.677927
0.680739
0.683004
0.685383
0.688366
0.690959
0.694066
0.696533
0.698892
0.701561
0.703905
0.706538
0.709145
0.712279
0.714553
0.717174
0.719967
0.722808
0.724828
0.727343
0.729878
0.732102
0.734844
0.736761
0.739372
0.742155
0.745215
0.748726
0.751445
0.754364
0.758039
0.761681
0.764861
0.767699
0.771368
0.775898
0.779614
0.783601
0.787963
0.792764
0.797206
0.801762
0.806909
0.811784
0.81627
0.820888
0.826373
0.831084
0.835671
0.841313
0.846195
0.852229
0.857088
0.860922
0.866426
0.872625
0.878301
0.883716
0.889592
0.894814
0.901052
0.906184
0.912163
0.919127
0.92694
0.933683
0.940108
0.946859
0.952846
0.963477
0.972941
0.981194
0.991321
1
1.00806
1.01912
1.03072
1.04283
1.05562
1.07372
1.09234
1.11275
1.12721
1.14438
1.15919
1.1844
1.20991
1.23382
1.26242
1.29333
1.32312
1.35625
1.40336
1.44799
1.47985
1.53147
1.7871
