0.01
0.1
0.2
0.32
0.44
0.49
0.53
0.58
0.61
0.68
0.71
0.73
0.75
0.76
0.78
0.78
0.87
0.89
0.91
0.93
0.95
0.96
0.96
0.96
0.96
0.96
0.96
0.96
0.96
1.0
1.0
1.0
1.0
1.01
1.05
1.09
1.13
1.15
1.2
1.21
1.22
1.22
1.26
1.29
1.3
1.31
1.34
1.34
1.34
1.34
1.34
1.34
1.34
1.34
1.34
1.34
1.35
1.36
1.36
1.36
1.38
1.39
1.41
1.42
1.45
1.48
1.53
1.54
1.57
1.61
1.64
1.66
1.72
1.77
1.81
1.88
1.93
1.96
1.99
2.02
2.06
2.08
2.08
2.1
2.13
2.15
2.17
2.18
2.19
2.23
2.23
2.23
2.24
2.24
2.24
2.25
2.26
2.28
2.29
2.29
2.29
2.31
2.33
2.34
2.36
2.37
2.39
2.41
2.42
2.45
2.48
2.49
2.5
2.5
2.52
2.52
2.53
2.53
2.53
2.53
2.55
2.56
2.57
2.58
2.59
2.6
2.61
2.62
2.63
2.63
2.63
2.64
2.66
2.68
2.74
2.77
2.8
2.84
2.89
2.92
2.99
3.04
3.09
3.12
3.15
3.19
3.24
3.25
3.27
3.29
3.32
3.36
3.36
3.37
3.38
3.38
3.41
3.45
3.46
3.48
3.48
3.5
3.53
3.59
3.6
3.62
3.65
3.69
3.73
3.75
3.75
3.77
3.79
3.81
3.82
3.82
3.83
3.85
3.85
3.88
3.91
3.92
3.96
4.0
4.01
4.03
4.08
4.11
4.14
4.16
4.23
4.27
4.33
4.36
4.41
4.48
4.54
4.58
4.6
4.64
4.68
4.72
4.78
4.82
4.88
4.91
5.03
5.06
5.07
5.13
5.14
5.16
5.2
5.22
5.26
5.29
5.34
5.36
5.42
5.47
5.53
5.61
5.65
5.68
5.71
5.73
5.8
5.85
5.87
5.96
5.99
6.08
6.13
6.18
6.23
6.26
6.31
6.41
6.46
6.54
6.61
6.64
6.68
6.71
6.75
6.81
6.86
6.93
6.99
7.04
7.12
7.22
7.26
7.28
7.39
7.5
7.61
7.65
7.73
7.8
7.85
7.93
8.02
8.13
8.28
8.41
8.5
8.61
8.66
8.73
8.84
8.93
9.11
9.21
9.29
9.48
9.62
9.75
9.83
10.05
10.21
10.41
10.59
10.8
11.09
11.39
11.65
11.94
12.42
12.92
13.67
14.32
15.13
15.89
16.93
18.32
20.0
22.3
26.9
33.28
