0.150788
0.150788
0.153026
0.153026
0.155029
0.155029
0.156934
0.157018
0.15936
0.159507
0.162313
0.162743
0.165286
0.16573
0.16856
0.169093
0.172207
0.172976
0.175825
0.176824
0.179249
0.180115
0.182485
0.184255
0.186265
0.187566
0.189511
0.191173
0.193235
0.194529
0.196497
0.198502
0.200074
0.201979
0.203234
0.205122
0.206564
0.208457
0.209861
0.212049
0.213633
0.215065
0.216919
0.218597
0.220385
0.222646
0.224234
0.225789
0.227405
0.229533
0.231078
0.232922
0.234565
0.236427
0.238009
0.239971
0.241211
0.242673
0.243857
0.245811
0.24741
0.248795
0.250017
0.251312
0.252847
0.254484
0.255766
0.257224
0.258568
0.260057
0.261887
0.263577
0.26554
0.266877
0.268703
0.270182
0.271469
0.273613
0.274922
0.276595
0.277836
0.279782
0.281004
0.282834
0.284216
0.285502
0.286695
0.28824
0.289608
0.291096
0.292454
0.293909
0.295108
0.29656
0.297743
0.299271
0.300489
0.301756
0.303731
0.304976
0.306244
0.307477
0.308929
0.310471
0.311718
0.312984
0.31386
0.314869
0.316459
0.317692
0.318721
0.320045
0.321358
0.32271
0.3238
0.325315
0.326469
0.327349
0.328313
0.329487
0.330775
0.331748
0.332908
0.33376
0.335209
0.336397
0.337828
0.338771
0.339705
0.340908
0.341903
0.343256
0.344178
0.345162
0.346262
0.347563
0.348737
0.349692
0.350579
0.351936
0.353274
0.354474
0.35602
0.357049
0.358033
0.35903
0.360226
0.361252
0.362209
0.363248
0.364358
0.365778
0.366677
0.367998
0.369309
0.370596
0.371611
0.372581
0.373819
0.375074
0.376062
0.377586
0.378985
0.380072
0.381884
0.383213
0.384409
0.385872
0.387224
0.38848
0.389722
0.391261
0.392381
0.393826
0.395109
0.396918
0.398259
0.3997
0.401119
0.402274
0.403332
0.404498
0.405784
0.406875
0.407984
0.40927
0.410225
0.411341
0.412457
0.413546
0.415041
0.416217
0.417326
0.418782
0.419843
0.421113
0.422043
0.423294
0.424461
0.425722
0.426838
0.427913
0.42915
0.430198
0.431596
0.432613
0.433591
0.434793
0.436112
0.437076
0.438269
0.439589
0.440887
0.442014
0.442915
0.444039
0.445065
0.446271
0.447842
0.449292
0.450367
0.451676
0.452809
0.454001
0.455312
0.456558
0.457605
0.458717
0.459887
0.461108
0.462174
0.46349
0.464616
0.465922
0.467204
0.468649
0.470112
0.471013
0.47194
0.473083
0.474533
0.475813
0.476907
0.478131
0.479282
0.480548
0.4815
0.482747
0.48366
0.484856
0.485976
0.487427
0.488707
0.489563
0.490886
0.491546
0.492787
0.494254
0.495595
0.496943
0.498042
0.499244
0.500509
0.501637
0.502857
0.503875
0.505002
0.506299
0.507376
0.508617
0.510087
0.511172
0.512501
0.513719
0.514889
0.516417
0.51787
0.519249
0.520343
0.521974
0.523375
0.52487
0.526471
0.527834
0.529331
0.530986
0.532233
0.533745
0.534894
0.536647
0.537864
0.539273
0.540739
0.541892
0.543054
0.54438
0.546235
0.547889
0.549531
0.550979
0.552886
0.554134
0.555657
0.557272
0.558923
0.560387
0.56213
0.563908
0.565759
0.567817
0.56918
0.570935
0.57273
0.57434
0.575656
0.577554
0.5791
0.580834
0.582502
0.583642
0.58571
0.587217
0.589024
0.590715
0.592698
0.594518
0.596253
0.598233
0.59991
0.601629
0.603303
0.605013
0.606419
0.608307
0.610543
0.612316
0.614807
0.616274
0.618197
0.620062
0.622007
0.623539
0.625226
0.627181
0.628614
0.630231
0.631797
0.633434
0.635248
0.636888
0.638451
0.640506
0.642014
0.643686
0.645567
0.647813
0.649761
0.651471
0.652955
0.654946
0.657439
0.659611
0.661911
0.664292
0.666418
0.668174
0.670178
0.672413
0.674303
0.67636
0.678908
0.681344
0.684082
0.686075
0.688339
0.691656
0.694008
0.696442
0.698677
0.701188
0.703559
0.706265
0.708877
0.711634
0.714799
0.717886
0.721018
0.723871
0.726621
0.729535
0.732477
0.73674
0.73997
0.743214
0.747228
0.750553
0.754383
0.75832
0.762838
0.766831
0.771026
0.775445
0.779771
0.784269
0.788966
0.79302
0.797562
0.802599
0.807163
0.812759
0.818745
0.824525
0.831553
0.837835
0.843562
0.850454
0.858072
0.865747
0.872035
0.880008
0.887823
0.895229
0.90503
0.913708
0.922327
0.931307
0.939018
0.947186
0.95814
0.971189
0.98758
1.00608
1.0235
1.04097
1.0568
1.07288
1.08648
1.09908
1.11239
1.13144
1.14794
1.16499
1.18054
1.20196
1.22416
1.25497
1.28925
1.32703
1.37107
1.42966
