0.151311
0.151311
0.152278
0.152278
0.166449
0.166449
0.176173
0.176173
0.17792
0.17792
0.197588
0.197588
0.198974
0.198974
0.201944
0.201944
0.203025
0.203025
0.216141
0.216141
0.217527
0.217527
0.217847
0.217847
0.220183
0.220183
0.225676
0.225676
0.227526
0.227526
0.23104
0.23104
0.232983
0.232983
0.237949
0.237949
0.238887
0.238887
0.239247
0.246173
0.246173
0.248006
0.249904
0.250597
0.250597
0.251274
0.252167
0.262252
0.262252
0.263001
0.263001
0.263464
0.263464
0.267456
0.267456
0.271356
0.271356
0.282962
0.282962
0.283011
0.283011
0.286169
0.286169
0.290084
0.290084
0.291216
0.291216
0.292595
0.292595
0.294901
0.294901
0.297828
0.297828
0.301997
0.311105
0.314941
0.314941
0.318673
0.318673
0.319411
0.321209
0.321209
0.327892
0.334199
0.335929
0.335929
0.336487
0.339896
0.339896
0.340233
0.341621
0.341621
0.343043
0.343043
0.344492
0.352322
0.352322
0.356165
0.356165
0.356967
0.35968
0.35968
0.363539
0.363539
0.371104
0.371104
0.371327
0.371327
0.37209
0.37209
0.375353
0.375353
0.375617
0.375617
0.38362
0.383928
0.383928
0.384031
0.384031
0.38421
0.38421
0.384617
0.384617
0.38934
0.390618
0.390618
0.391516
0.391516
0.394686
0.394686
0.396621
0.396621
0.405802
0.405802
0.407217
0.407217
0.409734
0.411649
0.411649
0.412107
0.412107
0.412299
0.413038
0.413038
0.413498
0.41604
0.417111
0.420551
0.420551
0.421243
0.421243
0.423168
0.423837
0.424386
0.424386
0.425239
0.425424
0.425424
0.425911
0.425911
0.427411
0.427411
0.427597
0.427597
0.428793
0.432418
0.434075
0.434075
0.437636
0.438368
0.438611
0.44065
0.44065
0.442148
0.442148
0.443237
0.443898
0.443898
0.445322
0.445322
0.446168
0.446168
0.448781
0.45014
0.450652
0.450652
0.454795
0.454795
0.455856
0.455856
0.461204
0.464192
0.464192
0.464396
0.468923
0.468923
0.469124
0.47161
0.47161
0.472988
0.476972
0.478504
0.479743
0.479743
0.480181
0.480181
0.481012
0.481012
0.482474
0.482843
0.482843
0.484304
0.484304
0.485601
0.486117
0.486117
0.487125
0.4904
0.497341
0.497341
0.500315
0.500315
0.500551
0.500551
0.50131
0.50131
0.509798
0.511546
0.512892
0.513967
0.515304
0.515304
0.517037
0.517037
0.520009
0.520299
0.521855
0.521855
0.522344
0.522344
0.525764
0.526624
0.526624
0.529202
0.531036
0.531036
0.536802
0.537844
0.537844
0.542008
0.542008
0.551731
0.551731
0.554437
0.560725
0.570539
0.570539
0.570733
0.573067
0.573397
0.57781
0.578123
0.578123
0.5794
0.580054
0.583209
0.583209
0.590811
0.595289
0.595489
0.60648
0.60648
0.610166
0.612854
0.616358
0.619525
0.627604
0.627604
0.633218
0.647548
0.647583
0.647583
0.648618
0.64885
0.651625
0.652323
0.656527
0.658562
0.658562
0.660487
0.666634
0.669122
0.674244
0.675699
0.681537
0.686527
0.687456
0.687456
0.688478
0.689385
0.697859
0.701173
0.701767
0.703989
0.703989
0.708654
0.709323
0.709323
0.712957
0.715604
0.715604
0.720478
0.720478
0.731299
0.735284
0.740451
0.740451
0.741874
0.743067
0.743067
0.743822
0.746307
0.750736
0.750757
0.75189
0.766523
0.768221
0.770464
0.771742
0.771742
0.77546
0.77546
0.778484
0.77921
0.788854
0.789702
0.805623
0.816088
0.817938
0.824377
0.824377
0.825154
0.825154
0.833517
0.836802
0.839347
0.839347
0.841937
0.848803
0.849442
0.857482
0.867963
0.870422
0.879561
0.879561
0.882172
0.885042
0.893714
0.896647
0.898093
0.910679
0.910679
0.917862
0.92215
0.922222
0.93152
0.95234
0.954474
0.955851
0.958066
0.962679
0.970012
0.992657
1.00089
1.01005
1.03498
1.03986
1.06123
1.07932
1.0813
1.09473
1.10239
1.12111
1.12793
1.12941
1.14221
1.16136
1.1711
1.17313
1.22897
1.23189
1.26892
1.28316
1.29263
1.30318
1.30365
1.35018
1.41826
1.45016
1.53793
