0.03
0.15
0.38
0.5
0.55
0.61
0.65
0.66
0.7
0.73
0.77
0.77
0.78
0.9
0.99
1.03
1.07
1.07
1.07
1.09
1.14
1.16
1.24
1.27
1.28
1.31
1.32
1.36
1.37
1.39
1.43
1.45
1.5
1.53
1.53
1.53
1.54
1.55
1.56
1.58
1.6
1.61
1.63
1.65
1.71
1.71
1.71
1.73
1.76
1.8
1.82
1.85
1.87
1.92
1.95
1.99
2.02
2.03
2.03
2.05
2.08
2.09
2.1
2.13
2.14
2.14
2.16
2.19
2.21
2.24
2.26
2.28
2.35
2.39
2.4
2.42
2.44
2.48
2.49
2.51
2.52
2.56
2.59
2.59
2.62
2.63
2.66
2.68
2.72
2.73
2.74
2.78
2.8
2.83
2.85
2.85
2.89
2.91
2.94
2.95
2.95
2.98
3
3.01
3.03
3.03
3.08
3.1
3.12
3.14
3.15
3.18
3.19
3.2
3.2
3.22
3.25
3.27
3.28
3.28
3.29
3.29
3.31
3.34
3.36
3.37
3.38
3.4
3.43
3.44
3.46
3.49
3.55
3.56
3.58
3.62
3.64
3.65
3.73
3.74
3.78
3.81
3.86
3.91
3.92
3.94
3.94
3.95
3.98
4.02
4.03
4.06
4.07
4.09
4.11
4.13
4.14
4.14
4.15
4.17
4.2
4.2
4.22
4.26
4.3
4.3
4.3
4.32
4.34
4.37
4.43
4.46
4.47
4.48
4.52
4.53
4.56
4.56
4.58
4.59
4.6
4.61
4.65
4.67
4.68
4.69
4.71
4.71
4.74
4.76
4.78
4.81
4.83
4.88
4.91
4.93
4.94
4.97
4.98
5
5.01
5.06
5.1
5.12
5.16
5.16
5.18
5.19
5.24
5.28
5.3
5.38
5.44
5.48
5.53
5.56
5.58
5.61
5.63
5.64
5.66
5.68
5.69
5.76
5.78
5.8
5.81
5.83
5.85
5.88
5.9
5.92
5.92
5.96
5.99
6.05
6.1
6.13
6.19
6.2
6.26
6.28
6.3
6.32
6.34
6.36
6.38
6.38
6.43
6.45
6.48
6.52
6.56
6.56
6.61
6.65
6.67
6.7
6.72
6.74
6.77
6.81
6.83
6.89
6.97
7.01
7.05
7.07
7.12
7.15
7.2
7.22
7.27
7.27
7.29
7.35
7.37
7.39
7.47
7.49
7.51
7.55
7.6
7.64
7.64
7.67
7.74
7.75
7.81
7.84
7.88
7.93
7.96
7.97
7.98
8.03
8.06
8.1
8.14
8.22
8.24
8.27
8.29
8.33
8.38
8.42
8.46
8.46
8.5
8.55
8.57
8.6
8.62
8.65
8.67
8.7
8.73
8.79
8.82
8.87
8.92
8.98
9.02
9.06
9.12
9.17
9.22
9.25
9.28
9.34
9.35
9.39
9.43
9.48
9.56
9.6
9.65
9.69
9.7
9.71
9.76
9.84
9.89
9.92
9.95
9.95
9.97
10
10.07
10.13
10.2
10.26
10.29
10.34
10.37
10.41
10.45
10.47
10.53
10.58
10.63
10.67
10.73
10.79
10.87
10.92
10.93
10.96
10.99
11.07
11.13
11.22
11.27
11.3
11.32
11.38
11.43
11.46
11.52
11.59
11.65
11.72
11.74
11.78
11.82
11.86
11.9
11.94
12.02
12.04
12.09
12.17
12.22
12.27
12.33
12.4
12.44
12.49
12.55
12.61
12.64
12.7
12.78
12.82
12.87
12.95
13
13.06
13.11
13.13
13.21
13.26
13.33
13.37
13.4
13.44
13.58
13.64
13.68
13.76
13.8
13.88
13.96
14.01
14.08
14.12
14.23
14.33
14.41
14.47
14.52
14.6
14.65
14.7
14.73
14.81
14.91
14.95
15.03
15.17
15.25
15.35
15.39
15.46
15.52
15.58
15.62
15.68
15.74
15.87
15.94
16.06
16.17
16.27
16.33
16.44
16.55
16.6
16.71
16.83
16.9
16.96
17.09
17.26
17.3
17.42
17.5
17.59
17.77
17.88
18.02
18.14
18.2
18.36
18.42
18.58
18.71
18.9
19.09
19.15
19.35
19.53
19.69
19.85
20.05
20.21
20.43
20.7
20.97
21.23
21.57
21.96
22.33
22.85
23.59
24.32
25.24
26.65
28.61
31.12
