0.328
0.328
0.328
0.328
0.33
0.33
0.332
0.332
0.333
0.335
0.337
0.338
0.339
0.34
0.343
0.344
0.347
0.348
0.35
0.352
0.353
0.355
0.359
0.362
0.362
0.364
0.373
0.377
0.382
0.386
0.388
0.394
0.397
0.399
0.402
0.403
0.406
0.411
0.412
0.415
0.417
0.417
0.419
0.423
0.426
0.431
0.433
0.436
0.438
0.445
0.45
0.454
0.462
0.466
0.47
0.474
0.475
0.475
0.477
0.48
0.485
0.487
0.492
0.494
0.496
0.498
0.503
0.507
0.51
0.513
0.518
0.524
0.526
0.534
0.537
0.539
0.54
0.542
0.544
0.548
0.551
0.556
0.559
0.566
0.568
0.573
0.576
0.581
0.582
0.586
0.588
0.593
0.604
0.609
0.613
0.614
0.618
0.624
0.625
0.628
0.628
0.631
0.634
0.635
0.637
0.641
0.643
0.645
0.647
0.65
0.655
0.658
0.665
0.667
0.671
0.674
0.678
0.68
0.683
0.687
0.69
0.694
0.697
0.698
0.699
0.703
0.706
0.707
0.712
0.716
0.719
0.725
0.729
0.73
0.738
0.745
0.75
0.752
0.758
0.761
0.764
0.769
0.775
0.778
0.78
0.783
0.784
0.787
0.79
0.791
0.794
0.796
0.798
0.799
0.802
0.804
0.805
0.809
0.812
0.813
0.814
0.814
0.816
0.816
0.823
0.825
0.829
0.832
0.835
0.841
0.843
0.847
0.854
0.857
0.86
0.869
0.872
0.874
0.876
0.882
0.882
0.884
0.889
0.889
0.889
0.893
0.894
0.896
0.897
0.901
0.904
0.905
0.906
0.909
0.912
0.915
0.918
0.922
0.924
0.931
0.934
0.937
0.94
0.944
0.949
0.95
0.956
0.958
0.959
0.962
0.968
0.971
0.973
0.975
0.977
0.981
0.984
0.987
0.989
0.992
0.995
0.997
0.999
1.001
1.004
1.008
1.008
1.011
1.014
1.016
1.016
1.017
1.021
1.026
1.028
1.032
1.038
1.039
1.044
1.047
1.049
1.052
1.056
1.059
1.062
1.067
1.07
1.073
1.075
1.077
1.077
1.078
1.08
1.08
1.083
1.088
1.091
1.095
1.096
1.099
1.101
1.102
1.106
1.107
1.111
1.116
1.118
1.12
1.124
1.127
1.13
1.132
1.135
1.136
1.139
1.142
1.143
1.145
1.149
1.15
1.154
1.157
1.163
1.164
1.168
1.171
1.172
1.173
1.173
1.175
1.178
1.179
1.182
1.185
1.189
1.191
1.194
1.197
1.201
1.203
1.205
1.208
1.21
1.213
1.215
1.217
1.219
1.222
1.225
1.225
1.226
1.228
1.232
1.237
1.238
1.24
1.242
1.243
1.245
1.248
1.252
1.253
1.253
1.254
1.256
1.26
1.262
1.265
1.27
1.274
1.276
1.281
1.283
1.288
1.291
1.291
1.292
1.294
1.295
1.297
1.3
1.301
1.306
1.308
1.311
1.312
1.314
1.315
1.318
1.32
1.322
1.324
1.326
1.329
1.332
1.332
1.332
1.333
1.336
1.341
1.343
1.343
1.348
1.35
1.354
1.358
1.361
1.361
1.364
1.365
1.37
1.37
1.372
1.376
1.379
1.382
1.387
1.387
1.388
1.391
1.393
1.394
1.395
1.398
1.398
1.4
1.401
1.405
1.407
1.41
1.413
1.413
1.418
1.42
1.423
1.425
1.426
1.427
1.428
1.431
1.432
1.435
1.437
1.441
1.444
1.448
1.448
1.451
1.453
1.456
1.458
1.461
1.465
1.466
1.468
1.471
1.473
1.475
1.478
1.48
1.482
1.482
1.485
1.487
1.487
1.489
1.491
1.491
1.491
1.492
1.495
1.496
1.498
1.499
1.5
1.502
1.504
1.506
1.508
1.51
1.513
1.515
1.516
1.519
1.519
1.523
1.526
1.531
1.534
1.537
1.538
1.54
1.542
1.543
1.546
1.549
1.554
1.555
1.559
1.561
1.563
1.564
1.565
1.567
1.568
1.568
1.569
1.571
1.573
1.575
1.575
1.577
1.578
1.58
1.58
1.581
1.583
1.585
1.586
1.588
1.594
1.597
1.599
1.601
1.604
1.607
1.609
1.61
1.611
1.613
1.615
1.618
1.619
1.621
1.624
1.625
1.628
1.634
1.636
1.638
1.641
1.642
1.646
1.646
1.646
1.648
1.65
1.65
1.653
1.654
1.655
1.656
1.658
1.661
1.662
1.663
1.663
1.663
1.664
1.666
1.668
1.671
1.675
1.677
1.679
1.681
1.687
1.69
1.692
1.693
1.695
1.697
1.699
1.699
1.701
1.703
1.704
1.706
1.709
1.715
1.719
1.721
1.721
1.721
1.723
1.725
1.726
1.729
1.731
1.734
1.737
1.738
1.738
1.741
1.743
1.743
1.744
1.745
1.747
1.748
1.749
1.751
1.754
1.755
1.756
1.757
1.76
1.762
1.764
1.767
1.768
1.772
1.775
1.776
1.781
1.786
1.786
1.787
1.79
1.793
1.793
1.795
1.798
1.801
1.801
1.802
1.802
1.802
1.804
1.807
1.809
1.811
1.813
1.814
1.819
1.821
1.823
1.824
1.824
1.824
1.826
1.828
1.833
1.836
1.837
1.838
1.839
1.84
1.843
1.844
1.848
1.853
1.854
1.855
1.859
1.862
1.863
1.866
1.871
1.872
1.875
1.876
1.88
1.882
1.885
1.888
1.889
1.891
1.894
1.895
1.896
1.896
1.899
1.9
1.902
1.902
1.903
1.904
1.908
1.912
1.912
1.915
1.917
1.919
1.92
1.922
1.926
1.926
1.927
1.929
1.934
1.937
1.941
1.942
1.947
1.948
1.95
1.952
1.955
1.958
1.96
1.961
1.963
1.966
1.967
1.968
1.97
1.974
1.978
1.981
1.981
1.984
1.986
1.986
1.989
1.989
1.993
1.994
1.999
1.999
2.001
2.002
2.004
2.007
2.009
2.011
2.012
2.014
2.019
2.019
2.021
2.025
2.032
2.035
2.038
2.041
2.043
2.043
2.044
2.045
2.046
2.048
2.051
2.055
2.058
2.061
2.063
2.064
2.065
2.066
2.068
2.069
2.071
2.071
2.073
2.075
2.076
2.079
2.08
2.081
2.084
2.088
2.094
2.096
2.1
2.103
2.105
2.108
2.109
2.112
2.112
2.115
2.119
2.12
2.124
2.129
2.132
2.132
2.133
2.134
2.134
2.139
2.14
2.142
2.143
2.147
2.15
2.15
2.152
2.155
2.158
2.161
2.164
2.168
2.168
2.172
2.174
2.178
2.18
2.18
2.18
2.183
2.184
2.187
2.19
2.194
2.196
2.198
2.2
2.2
2.202
2.204
2.21
2.212
2.215
2.217
2.222
2.224
2.226
2.229
2.23
2.236
2.24
2.245
2.247
2.247
2.251
2.254
2.255
2.257
2.259
2.263
2.27
2.272
2.273
2.276
2.279
2.279
2.283
2.288
2.29
2.292
2.293
2.295
2.299
2.302
2.305
2.308
2.309
2.312
2.316
2.318
2.322
2.325
2.327
2.329
2.333
2.339
2.345
2.349
2.35
2.354
2.355
2.359
2.364
2.369
2.369
2.37
2.375
2.379
2.383
2.387
2.39
2.393
2.393
2.396
2.397
2.402
2.402
2.406
2.41
2.412
2.415
2.42
2.422
2.426
2.431
2.435
2.44
2.441
2.443
2.451
2.457
2.459
2.464
2.466
2.467
2.473
2.475
2.476
2.479
2.483
2.484
2.489
2.494
2.499
2.501
2.506
2.509
2.514
2.519
2.523
2.527
2.529
2.535
2.537
2.538
2.54
2.546
2.549
2.553
2.557
2.56
2.567
2.569
2.576
2.583
2.586
2.589
2.594
2.599
2.601
2.603
2.606
2.611
2.617
2.624
2.628
2.63
2.635
2.639
2.64
2.642
2.648
2.653
2.656
2.659
2.663
2.669
2.676
2.682
2.689
2.695
2.701
2.704
2.71
2.713
2.716
2.717
2.723
2.729
2.735
2.741
2.746
2.747
2.752
2.759
2.767
2.773
2.776
2.78
2.786
2.801
2.803
2.811
2.817
2.819
2.826
2.83
2.836
2.842
2.85
2.856
2.862
2.867
2.874
2.881
2.883
2.894
2.899
2.905
2.913
2.921
2.927
2.937
2.946
2.954
2.961
2.966
2.973
2.98
2.989
2.998
3.008
3.012
3.023
3.035
3.044
3.055
3.066
3.074
3.082
3.097
3.108
3.117
3.131
3.145
3.158
3.167
3.181
3.194
3.208
3.223
3.236
3.253
3.265
3.291
3.301
3.323
3.341
3.367
3.389
3.417
3.451
3.491
3.537
3.602
3.642
3.726
3.893
