0.243981
0.243981
0.272206
0.272206
0.297382
0.297382
0.364243
0.364243
0.373149
0.373149
0.374917
0.381732
0.381732
0.407068
0.407068
0.426073
0.426073
0.426128
0.426128
0.431303
0.431303
0.441437
0.441437
0.450598
0.457618
0.457618
0.4579
0.463706
0.463706
0.486384
0.486384
0.491774
0.491774
0.491921
0.491921
0.493396
0.503336
0.503626
0.503626
0.511434
0.518544
0.519143
0.519143
0.530494
0.530494
0.532357
0.532357
0.581281
0.581281
0.583276
0.591519
0.623091
0.623091
0.626662
0.626662
0.641637
0.641861
0.641861
0.644519
0.644519
0.646596
0.646596
0.663557
0.663557
0.676049
0.676049
0.68124
0.696996
0.741983
0.741983
0.747263
0.747263
0.755477
0.766236
0.766236
0.767201
0.767201
0.818961
0.829534
0.838509
0.838509
0.845344
0.845344
0.852226
0.867277
0.867793
0.876867
0.876867
0.910037
0.910037
0.917515
0.926883
0.936393
0.936393
0.946878
0.961139
0.964285
0.985867
0.989869
0.989869
1.01738
1.05054
1.05054
1.05697
1.05697
1.0592
1.0592
1.06317
1.07502
1.08772
1.08772
1.10112
1.10112
1.10515
1.10515
1.11171
1.11173
1.11173
1.13162
1.1444
1.14818
1.17245
1.17245
1.2203
1.2203
1.23743
1.23743
1.23867
1.24395
1.25529
1.2796
1.30945
1.34012
1.34847
1.34847
1.46508
1.47088
1.57873
1.59077
1.59077
1.61527
1.61527
1.63456
1.68366
1.82287
1.97882
2.17492
2.17492
2.43114
2.45558
