0.328
0.328
0.328
0.328
0.328
0.328
0.328
0.33
0.331
0.332
0.332
0.332
0.332
0.333
0.334
0.337
0.338
0.338
0.338
0.338
0.339
0.341
0.342
0.342
0.342
0.346
0.348
0.348
0.349
0.349
0.351
0.355
0.36
0.365
0.367
0.378
0.391
0.398
0.404
0.41
0.419
0.423
0.427
0.434
0.442
0.446
0.45
0.456
0.465
0.475
0.485
0.49
0.496
0.505
0.517
0.527
0.537
0.544
0.549
0.565
0.584
0.596
0.606
0.622
0.636
0.648
0.654
0.665
0.675
0.69
0.703
0.714
0.726
0.749
0.761
0.777
0.79
0.807
0.821
0.834
0.851
0.865
0.88
0.897
0.913
0.928
0.945
0.967
0.983
1.001
1.019
1.038
1.057
1.068
1.091
1.113
1.13
1.146
1.16
1.187
1.21
1.224
1.24
1.258
1.276
1.303
1.322
1.342
1.365
1.378
1.409
1.421
1.447
1.467
1.496
1.519
1.545
1.573
1.606
1.63
1.658
1.69
1.724
1.763
1.796
1.826
1.864
1.901
1.955
2.013
2.07
2.123
2.181
2.265
2.364
2.52
2.625
2.703
2.781
2.868
2.94
3.03
3.123
3.218
3.36
3.606
4.069
4.413
4.811
5.157
