0.146479
0.146479
0.149988
0.149988
0.15007
0.15007
0.150391
0.150391
0.150939
0.150939
0.150959
0.150959
0.151225
0.151225
0.15251
0.15251
0.152524
0.152524
0.152704
0.152704
0.152786
0.152786
0.15279
0.15279
0.152905
0.152905
0.152945
0.152945
0.153123
0.153123
0.153441
0.153441
0.153576
0.153576
0.153632
0.153632
0.153797
0.153811
0.153811
0.153931
0.153931
0.153998
0.153998
0.154125
0.154125
0.154143
0.154143
0.154189
0.154189
0.154202
0.154202
0.154206
0.154206
0.15421
0.15421
0.154329
0.154329
0.154381
0.154381
0.154385
0.154385
0.154451
0.154451
0.155221
0.155221
0.155775
0.155775
0.155957
0.155957
0.156383
0.156383
0.157324
0.157324
0.157436
0.157436
0.157439
0.157562
0.157562
0.157596
0.157596
0.157631
0.157827
0.157827
0.157931
0.157931
0.158065
0.158065
0.158493
0.158493
0.158608
0.158608
0.15916
0.15916
0.15931
0.15931
0.15977
0.16054
0.16054
0.160722
0.160722
0.160724
0.160724
0.161133
0.161133
0.161348
0.161348
0.161586
0.161586
0.161981
0.161981
0.162187
0.162187
0.162564
0.162634
0.162634
0.163338
0.163338
0.163831
0.163831
0.164198
0.164198
0.164374
0.164374
0.164402
0.164402
0.16449
0.16449
0.164977
0.164977
0.165337
0.165337
0.165384
0.165384
0.16557
0.16557
0.165597
0.165597
0.166198
0.166198
0.166251
0.166251
0.166288
0.166288
0.16646
0.16646
0.16654
0.16654
0.167156
0.167182
0.167182
0.167521
0.167521
0.16785
0.16785
0.168008
0.168008
0.168201
0.168201
0.168538
0.168538
0.168799
0.168799
0.169136
0.169136
0.169259
0.169259
0.170015
0.170015
0.170649
0.170656
0.170656
0.170887
0.170887
0.171378
0.171378
0.171719
0.171719
0.171924
0.17215
0.172423
0.172423
0.172817
0.172817
0.173361
0.173361
0.173386
0.173386
0.17394
0.174015
0.174015
0.174126
0.174126
0.175004
0.175004
0.175159
0.175159
0.175584
0.175584
0.175835
0.175835
0.176039
0.176339
0.176339
0.176631
0.176646
0.177001
0.177501
0.177538
0.177538
0.177699
0.177699
0.178033
0.178033
0.178262
0.17843
0.17843
0.179022
0.179022
0.179184
0.17942
0.17942
0.179633
0.179633
0.180068
0.180068
0.180138
0.181508
0.182405
0.182405
0.183152
0.183152
0.183537
0.183537
0.184855
0.184855
0.186032
0.186032
0.186448
0.186448
0.187938
0.187938
0.188883
0.188903
0.188903
0.189475
0.189475
0.190152
0.190539
0.190539
0.190843
0.190843
0.191556
0.191556
0.193224
0.193224
0.193695
0.193695
0.194153
0.194394
0.195181
0.195181
0.195729
0.195729
0.195971
0.195971
0.196444
0.196444
0.196503
0.19827
0.199726
0.199905
0.200312
0.200312
0.20037
0.20037
0.200704
0.200704
0.201384
0.201384
0.201609
0.201609
0.201639
0.201639
0.202137
0.202137
0.202846
0.202846
0.202958
0.202958
0.203553
0.203708
0.204273
0.20438
0.204463
0.204463
0.20476
0.20476
0.206085
0.206085
0.206663
0.206663
0.208522
0.208522
0.208715
0.208715
0.209013
0.209201
0.209201
0.209541
0.209541
0.210022
0.210022
0.210134
0.210134
0.210342
0.210342
0.21125
0.21146
0.21146
0.211717
0.211717
0.211823
0.211823
0.212514
0.213597
0.213597
0.214353
0.214353
0.214556
0.214556
0.214754
0.214754
0.215154
0.215154
0.215917
0.215917
0.217038
0.217038
0.217213
0.217213
0.219175
0.219175
0.219862
0.219862
0.220373
0.220472
0.220472
0.2207
0.2207
0.221486
0.221486
0.222662
0.222662
0.223018
0.223018
0.223184
0.223184
0.223621
0.224211
0.224211
0.225029
0.225647
0.225647
0.225962
0.225962
0.226737
0.226737
0.226973
0.227072
0.227397
0.227437
0.22832
0.22832
0.228456
0.228456
0.228488
0.228488
0.229215
0.229507
0.231585
0.231585
0.232309
0.232309
0.232393
0.232393
0.23286
0.232878
0.232878
0.232943
0.233507
0.233507
0.234911
0.235804
0.235804
0.23662
0.23729
0.23729
0.23915
0.239918
0.241709
0.244851
0.244851
0.24535
0.245462
0.245462
0.245605
0.245605
0.245681
0.246801
0.246801
0.247351
0.247351
0.247689
0.247689
0.248061
0.248652
0.248652
0.248752
0.248752
0.248888
0.248888
0.249478
0.249775
0.249908
0.249908
0.251166
0.251166
0.253204
0.253204
0.25384
0.254117
0.254117
0.254734
0.255378
0.255378
0.256799
0.256799
0.257414
0.257414
0.257463
0.257481
0.257481
0.258507
0.259075
0.259383
0.259383
0.259769
0.260395
0.26055
0.261478
0.261478
0.261789
0.262186
0.262186
0.262562
0.262562
0.263345
0.263345
0.263523
0.264471
0.266701
0.266701
0.268961
0.268961
0.269089
0.269089
0.269203
0.269203
0.27057
0.271272
0.271971
0.272057
0.272717
0.272717
0.273274
0.274388
0.275846
0.275846
0.276166
0.27682
0.27682
0.277739
0.277739
0.277818
0.277818
0.278242
0.278242
0.278278
0.278278
0.278523
0.279415
0.281109
0.281109
0.281928
0.282567
0.282567
0.283213
0.283213
0.283898
0.2855
0.286234
0.287102
0.289238
0.289238
0.289383
0.291161
0.291526
0.291579
0.2916
0.291808
0.291808
0.292667
0.29374
0.293887
0.293887
0.293903
0.293945
0.295399
0.29598
0.296514
0.296514
0.296696
0.296696
0.298226
0.299258
0.299516
0.300008
0.300849
0.300849
0.301113
0.303351
0.305559
0.305559
0.307349
0.307349
0.307659
0.307681
0.307681
0.308348
0.308348
0.309571
0.309571
0.310145
0.310145
0.31172
0.31172
0.312032
0.312635
0.312708
0.31297
0.31297
0.313734
0.313734
0.313841
0.314249
0.314249
0.316332
0.316852
0.318062
0.318062
0.318229
0.318841
0.319186
0.319344
0.32366
0.32366
0.323816
0.324137
0.324918
0.32736
0.327419
0.327967
0.330247
0.330898
0.332965
0.332965
0.333086
0.334899
0.337039
0.337315
0.337315
0.338683
0.338683
0.33955
0.33955
0.33989
0.33989
0.340302
0.340302
0.341796
0.342141
0.344078
0.344511
0.344696
0.34483
0.344953
0.345804
0.345804
0.346021
0.348661
0.349341
0.349341
0.349532
0.349532
0.3501
0.350163
0.351958
0.351958
0.352051
0.352528
0.352545
0.353684
0.354245
0.354826
0.354871
0.354871
0.354988
0.355447
0.356637
0.356801
0.356865
0.356865
0.358173
0.358173
0.35819
0.35819
0.358833
0.359302
0.359302
0.359418
0.35948
0.362815
0.362815
0.364045
0.364415
0.366146
0.366146
0.366832
0.367267
0.367267
0.367764
0.367764
0.367869
0.368082
0.36893
0.36893
0.369367
0.37007
0.37007
0.371915
0.372313
0.372792
0.373195
0.373351
0.374057
0.374834
0.375973
0.375973
0.377611
0.377611
0.379546
0.380604
0.381534
0.381534
0.381638
0.381638
0.382204
0.382503
0.382503
0.385391
0.386884
0.387299
0.387331
0.38773
0.388317
0.3885
0.389963
0.389963
0.390836
0.391419
0.391419
0.391458
0.391917
0.391917
0.39206
0.392357
0.393511
0.394203
0.395425
0.397962
0.397962
0.399047
0.399268
0.4007
0.400703
0.400812
0.40159
0.402543
0.403065
0.406656
0.407108
0.408695
0.408866
0.408917
0.411271
0.411992
0.414481
0.414481
0.415571
0.418169
0.418169
0.418788
0.418926
0.419024
0.420412
0.421013
0.422904
0.423396
0.423396
0.424086
0.424826
0.426673
0.426673
0.427903
0.428255
0.428977
0.429705
0.429705
0.430016
0.430016
0.430211
0.430211
0.430346
0.430608
0.431834
0.432654
0.433338
0.433338
0.434629
0.435466
0.43655
0.437396
0.439026
0.439657
0.440231
0.440636
0.44502
0.445233
0.445233
0.449199
0.450001
0.450513
0.451972
0.452857
0.453748
0.454857
0.454857
0.456234
0.456384
0.457162
0.457162
0.459107
0.459107
0.460715
0.460797
0.46122
0.46122
0.462005
0.462695
0.463302
0.465039
0.466838
0.467902
0.467902
0.468355
0.468379
0.468677
0.470417
0.470875
0.471101
0.471411
0.473302
0.473349
0.474118
0.474485
0.476413
0.476413
0.476812
0.477596
0.477846
0.477846
0.477926
0.477926
0.479047
0.479047
0.479059
0.480241
0.480877
0.480877
0.481575
0.481939
0.481939
0.482376
0.483498
0.484678
0.485578
0.485803
0.485804
0.486445
0.486593
0.486593
0.486599
0.486831
0.487959
0.488006
0.488006
0.489937
0.490382
0.490382
0.492312
0.494543
0.496731
0.497739
0.499158
0.502959
0.505535
0.506318
0.507768
0.509599
0.509639
0.514707
0.514707
0.516879
0.517682
0.518147
0.521342
0.521342
0.522687
0.522873
0.522873
0.524407
0.526809
0.52691
0.52713
0.527429
0.531673
0.531673
0.532029
0.532654
0.537396
0.538317
0.542184
0.542184
0.543955
0.54417
0.545082
0.545168
0.546886
0.547816
0.548921
0.550415
0.550601
0.550711
0.55112
0.55112
0.551746
0.551746
0.555442
0.55576
0.557948
0.557948
0.560302
0.560718
0.561337
0.562957
0.563653
0.564896
0.565354
0.565449
0.567781
0.567944
0.568967
0.568967
0.57101
0.573074
0.574265
0.576291
0.577562
0.586688
0.592522
0.592522
0.59255
0.593579
0.593795
0.593795
0.593803
0.595475
0.595475
0.596637
0.596637
0.597416
0.599046
0.600098
0.600751
0.600751
0.600805
0.600805
0.60196
0.602403
0.605637
0.607206
0.611378
0.612547
0.613919
0.61654
0.621237
0.624099
0.624453
0.627893
0.629924
0.631823
0.635247
0.639428
0.640336
0.640361
0.646183
0.646354
0.647594
0.649994
0.650386
0.651331
0.651331
0.655266
0.655266
0.657042
0.657858
0.657858
0.660126
0.661888
0.663075
0.664699
0.665191
0.66624
0.666554
0.669473
0.670194
0.674166
0.679647
0.679839
0.679839
0.681433
0.683837
0.686738
0.686738
0.687426
0.703392
0.710766
0.711569
0.713064
0.713725
0.717771
0.721492
0.724864
0.728967
0.729127
0.731757
0.733654
0.73472
0.74128
0.744502
0.74579
0.753886
0.756038
0.756038
0.760676
0.769727
0.788617
0.788617
0.789482
0.802691
0.802994
0.802994
0.80464
0.804935
0.807952
0.815439
0.815986
0.829454
0.833022
0.841402
0.887707
0.899193
0.925947
0.936298
0.942662
0.943831
0.951258
0.971201
1.02731
1.03688
