0.328
0.328
0.328
0.328
0.328
0.328
0.329
0.33
0.33
0.332
0.332
0.332
0.332
0.332
0.332
0.332
0.333
0.333
0.333
0.334
0.335
0.335
0.335
0.336
0.336
0.336
0.336
0.337
0.338
0.338
0.341
0.341
0.341
0.344
0.344
0.346
0.346
0.347
0.349
0.351
0.354
0.357
0.361
0.364
0.37
0.374
0.377
0.38
0.385
0.39
0.396
0.403
0.405
0.409
0.414
0.416
0.418
0.422
0.425
0.429
0.433
0.438
0.443
0.452
0.455
0.456
0.463
0.468
0.471
0.473
0.481
0.487
0.495
0.499
0.504
0.51
0.511
0.514
0.516
0.521
0.525
0.529
0.532
0.542
0.555
0.57
0.576
0.58
0.589
0.591
0.594
0.597
0.604
0.605
0.61
0.616
0.627
0.637
0.646
0.657
0.663
0.665
0.669
0.677
0.682
0.686
0.697
0.705
0.71
0.715
0.726
0.737
0.741
0.747
0.752
0.756
0.761
0.764
0.771
0.782
0.788
0.795
0.805
0.815
0.823
0.828
0.834
0.838
0.848
0.857
0.862
0.869
0.878
0.889
0.896
0.904
0.906
0.917
0.928
0.937
0.948
0.956
0.967
0.972
0.98
0.989
0.994
1.002
1.012
1.021
1.03
1.044
1.05
1.059
1.063
1.072
1.08
1.088
1.102
1.11
1.117
1.123
1.135
1.141
1.156
1.169
1.181
1.195
1.199
1.204
1.215
1.231
1.24
1.25
1.258
1.268
1.284
1.298
1.304
1.313
1.325
1.333
1.35
1.364
1.377
1.386
1.399
1.413
1.431
1.445
1.456
1.472
1.481
1.495
1.515
1.527
1.535
1.554
1.574
1.587
1.608
1.625
1.638
1.659
1.676
1.692
1.708
1.729
1.745
1.769
1.786
1.805
1.826
1.85
1.867
1.896
1.923
1.949
1.97
1.99
2.02
2.05
2.066
2.101
2.131
2.154
2.193
2.232
2.275
2.321
2.375
2.423
2.47
2.512
2.563
2.606
2.659
2.717
2.783
2.846
2.934
3.042
3.131
3.281
3.503
3.656
3.841
4.25
4.76
4.961
