0.05
0.24
0.45
0.61
0.66
0.71
0.72
0.76
0.78
0.78
0.78
0.78
0.78
0.78
0.78
0.78
0.79
0.82
0.83
0.84
0.84
0.85
0.91
0.92
0.93
0.95
1
1.01
1.08
1.11
1.11
1.15
1.17
1.2
1.21
1.23
1.24
1.27
1.31
1.33
1.36
1.42
1.44
1.47
1.49
1.49
1.51
1.53
1.54
1.54
1.55
1.56
1.58
1.59
1.63
1.66
1.68
1.71
1.72
1.72
1.75
1.75
1.75
1.8
1.81
1.83
1.85
1.86
1.88
1.91
1.93
1.94
1.97
1.98
1.99
2
2.05
2.07
2.09
2.1
2.11
2.13
2.14
2.23
2.26
2.31
2.36
2.39
2.41
2.46
2.53
2.56
2.58
2.61
2.63
2.63
2.65
2.68
2.69
2.73
2.76
2.79
2.86
2.9
2.92
2.95
3
3.01
3.04
3.07
3.09
3.1
3.11
3.17
3.2
3.24
3.27
3.29
3.34
3.38
3.43
3.51
3.57
3.66
3.69
3.73
3.78
3.85
3.9
3.93
3.98
4.05
4.08
4.17
4.21
4.26
4.38
4.42
4.53
4.6
4.69
4.75
4.84
4.98
5.06
5.11
5.19
5.23
5.32
5.38
5.4
5.49
5.64
5.76
5.82
5.88
5.95
6.04
6.09
6.17
6.3
6.36
6.46
6.52
6.59
6.75
6.87
6.99
7.1
7.21
7.42
7.54
7.64
7.79
7.98
8.2
8.37
8.47
8.64
8.84
9.05
9.26
9.46
9.73
10
10.27
10.69
11.1
11.44
12.06
12.54
13.11
13.9
14.57
15.82
16.57
17.14
18.43
20.73
32.87
