0.188796
0.188796
0.213799
0.213799
0.217524
0.217524
0.232469
0.232469
0.268994
0.268994
0.277923
0.277923
0.278424
0.278424
0.292118
0.302752
0.302752
0.304459
0.304459
0.324432
0.324432
0.337744
0.337744
0.360379
0.360379
0.365239
0.365239
0.367426
0.367426
0.374045
0.374045
0.396981
0.396981
0.406149
0.406149
0.40869
0.40869
0.417227
0.417227
0.418962
0.418962
0.438941
0.438941
0.443447
0.443447
0.449283
0.450179
0.450179
0.450798
0.450798
0.459112
0.459112
0.464297
0.464297
0.469121
0.481533
0.481533
0.488244
0.501449
0.506286
0.506286
0.511008
0.512541
0.512541
0.519704
0.53025
0.53025
0.53075
0.53075
0.535689
0.535689
0.544722
0.544722
0.545767
0.545767
0.546539
0.546539
0.547976
0.555872
0.558273
0.558273
0.563863
0.579769
0.589402
0.589402
0.596725
0.597928
0.597928
0.608582
0.626173
0.626173
0.626705
0.626705
0.626934
0.632991
0.645094
0.661506
0.668211
0.669304
0.677248
0.681853
0.699158
0.699158
0.701224
0.70472
0.706098
0.710774
0.727071
0.73579
0.73579
0.738448
0.738448
0.742218
0.752234
0.752656
0.756631
0.760961
0.782247
0.782247
0.784922
0.786218
0.804922
0.804922
0.814748
0.817623
0.820013
0.821798
0.821798
0.823593
0.823593
0.828712
0.828712
0.840403
0.847034
0.847034
0.847821
0.882219
0.882219
0.885701
0.885701
0.887404
0.891955
0.904107
0.918376
0.918376
0.919492
0.928404
0.931021
0.931752
0.931752
0.937078
0.93715
0.941201
0.943433
0.965553
0.968383
0.968383
0.979848
0.979848
0.983042
0.983042
1.00613
1.02063
1.04874
1.06095
1.07002
1.07164
1.11052
1.11528
1.12041
1.12925
1.13253
1.13253
1.14075
1.16336
1.16336
1.16527
1.18117
1.18384
1.19859
1.20027
1.269
1.31683
1.34646
1.35889
1.36023
1.37799
1.38508
1.38806
1.38997
1.45319
1.46089
1.47076
1.47568
1.47885
1.68631
1.68631
1.77437
1.79559
2.07971
