0.156731
0.156731
0.170789
0.170789
0.183478
0.184122
0.192622
0.193961
0.200482
0.20284
0.209659
0.21178
0.218093
0.218893
0.226449
0.228165
0.236143
0.238342
0.244014
0.246333
0.251937
0.254101
0.258011
0.260147
0.263739
0.26673
0.269624
0.272229
0.275521
0.278008
0.280915
0.282828
0.285783
0.28948
0.291092
0.294174
0.296054
0.299042
0.300885
0.304106
0.305324
0.308869
0.310802
0.313473
0.315471
0.318481
0.320925
0.323697
0.325597
0.328168
0.330385
0.333079
0.334831
0.337112
0.338793
0.341292
0.343215
0.345601
0.346994
0.349277
0.351247
0.353228
0.354719
0.356259
0.358098
0.35999
0.361651
0.363574
0.365197
0.367405
0.369273
0.371242
0.372639
0.374772
0.376072
0.37813
0.379981
0.381754
0.383171
0.384851
0.386594
0.388369
0.390035
0.391216
0.393279
0.394874
0.396616
0.398484
0.400343
0.40195
0.403399
0.405173
0.407201
0.409075
0.410565
0.413041
0.415078
0.417293
0.41988
0.421414
0.423651
0.425694
0.427588
0.429314
0.431158
0.432891
0.435017
0.437
0.438637
0.440827
0.443003
0.445338
0.447776
0.44945
0.451474
0.454412
0.45668
0.459398
0.461646
0.46382
0.466207
0.468895
0.471514
0.474079
0.476159
0.478976
0.481646
0.483815
0.486029
0.488726
0.491154
0.493711
0.495831
0.498497
0.50087
0.503139
0.506656
0.509529
0.512375
0.515234
0.518061
0.520606
0.5234
0.525758
0.528345
0.531001
0.534047
0.536201
0.539512
0.542686
0.545645
0.548215
0.550522
0.553296
0.556381
0.559149
0.562155
0.565238
0.567781
0.570675
0.574819
0.57796
0.580645
0.583065
0.586312
0.589313
0.59272
0.595772
0.598597
0.601841
0.605267
0.607976
0.610882
0.614222
0.617099
0.620988
0.623735
0.627998
0.63107
0.634642
0.637596
0.640934
0.643966
0.647524
0.650531
0.653126
0.656621
0.659605
0.662332
0.665282
0.669578
0.67246
0.67615
0.679987
0.683852
0.686522
0.689942
0.693914
0.69822
0.701821
0.705528
0.709621
0.713531
0.717373
0.721296
0.725207
0.729176
0.733744
0.738755
0.743263
0.746582
0.752084
0.756163
0.760558
0.764848
0.768871
0.773693
0.777036
0.780637
0.784774
0.787892
0.79189
0.796437
0.800849
0.805612
0.809399
0.813962
0.818286
0.82277
0.827248
0.832255
0.83675
0.841444
0.846211
0.851694
0.858429
0.86407
0.869601
0.875023
0.881514
0.888092
0.893845
0.89969
0.905424
0.910595
0.917192
0.922078
0.926101
0.929863
0.933591
0.938586
0.944394
0.948746
0.953095
0.957017
0.961742
0.967326
0.97292
0.979469
0.986284
0.992722
1.0006
1.00857
1.01617
1.02341
1.03145
1.03921
1.04954
1.0598
1.07176
1.08407
1.0939
1.10231
1.1119
1.12369
1.13821
1.15297
1.16904
1.18413
1.19957
1.21857
1.23744
1.26684
1.29425
1.3206
1.36027
1.41428
1.43968
1.4688
1.51702
1.54821
1.63063
1.69065
1.72665
1.7908
1.82893
1.86642
1.92672
1.98589
2.27892
