0.08
0.24
0.32
0.44
0.53
0.6
0.67
0.67
0.71
0.73
0.76
0.78
0.79
0.81
0.85
0.87
0.9
0.91
0.94
0.97
1.0
1.01
1.05
1.08
1.09
1.11
1.12
1.13
1.14
1.17
1.21
1.22
1.22
1.23
1.25
1.25
1.25
1.27
1.3
1.33
1.36
1.43
1.46
1.53
1.59
1.6
1.65
1.68
1.7
1.71
1.74
1.76
1.79
1.81
1.82
1.84
1.85
1.85
1.88
1.89
1.94
1.94
1.94
1.97
2.0
2.05
2.06
2.08
2.12
2.15
2.16
2.18
2.22
2.23
2.25
2.27
2.27
2.3
2.32
2.35
2.37
2.38
2.41
2.42
2.44
2.5
2.52
2.54
2.56
2.6
2.62
2.65
2.69
2.72
2.74
2.77
2.79
2.79
2.8
2.81
2.84
2.86
2.89
2.89
2.91
2.95
2.98
2.99
3.03
3.04
3.04
3.04
3.04
3.04
3.04
3.05
3.05
3.08
3.09
3.11
3.13
3.13
3.16
3.19
3.22
3.25
3.31
3.35
3.4
3.43
3.46
3.51
3.55
3.56
3.57
3.57
3.58
3.61
3.64
3.68
3.69
3.71
3.71
3.75
3.79
3.81
3.85
3.87
3.93
3.96
4.02
4.04
4.07
4.09
4.13
4.15
4.16
4.16
4.17
4.18
4.18
4.2
4.22
4.28
4.28
4.32
4.37
4.38
4.4
4.42
4.44
4.46
4.51
4.52
4.58
4.62
4.66
4.72
4.78
4.81
4.83
4.87
4.92
4.95
4.99
5.02
5.05
5.07
5.08
5.11
5.12
5.12
5.19
5.21
5.23
5.26
5.3
5.3
5.33
5.37
5.41
5.41
5.44
5.46
5.52
5.58
5.61
5.66
5.73
5.77
5.82
5.89
5.91
6.0
6.0
6.04
6.13
6.15
6.17
6.2
6.22
6.23
6.28
6.33
6.34
6.38
6.42
6.46
6.49
6.54
6.6
6.68
6.73
6.77
6.81
6.84
6.89
6.92
7.01
7.07
7.1
7.18
7.21
7.25
7.31
7.35
7.4
7.45
7.49
7.5
7.54
7.6
7.67
7.72
7.74
7.81
7.87
7.93
8.01
8.11
8.18
8.2
8.25
8.32
8.41
8.46
8.5
8.52
8.55
8.62
8.7
8.73
8.78
8.86
8.95
9.07
9.17
9.21
9.3
9.35
9.44
9.53
9.61
9.65
9.73
9.87
9.96
10.01
10.18
10.21
10.31
10.36
10.48
10.59
10.67
10.81
10.98
11.11
11.17
11.26
11.38
11.52
11.71
11.8
11.91
12.06
12.13
12.22
12.31
12.46
12.64
12.8
12.92
13.1
13.22
13.32
13.56
13.67
13.8
13.93
14.04
14.18
14.38
14.59
14.78
14.96
15.14
15.27
15.48
15.72
15.94
16.15
16.37
16.64
16.83
17.14
17.42
17.68
18.01
18.38
18.82
19.16
19.71
20.31
21.15
22.01
23.85
26.38
31.85
38.34
