0.153398
0.153398
0.158921
0.158921
0.166385
0.166424
0.17452
0.175
0.181106
0.181601
0.187145
0.188089
0.193897
0.195551
0.200097
0.201876
0.206583
0.20817
0.211993
0.213381
0.217515
0.219192
0.222977
0.224538
0.227444
0.229057
0.232276
0.234333
0.238237
0.240244
0.24381
0.245801
0.248885
0.251987
0.254495
0.256672
0.25981
0.261841
0.264844
0.266723
0.269845
0.272064
0.275051
0.277134
0.279322
0.281572
0.284658
0.286942
0.289229
0.291444
0.29392
0.296329
0.298314
0.300037
0.302236
0.304249
0.306201
0.307657
0.309376
0.311073
0.313084
0.314925
0.31692
0.319201
0.320722
0.32241
0.324126
0.32542
0.327507
0.32875
0.330892
0.332743
0.334377
0.336244
0.337599
0.339034
0.340671
0.3422
0.343996
0.34578
0.347682
0.349216
0.350691
0.352459
0.354127
0.355622
0.356901
0.359075
0.360433
0.361814
0.363371
0.365262
0.366676
0.368207
0.369527
0.371336
0.372842
0.3749
0.376413
0.377956
0.37943
0.380957
0.382702
0.384176
0.385761
0.387276
0.388773
0.390262
0.391709
0.393516
0.395012
0.396481
0.39793
0.39919
0.400577
0.401649
0.402847
0.404354
0.405792
0.407069
0.408757
0.410181
0.411612
0.413292
0.414319
0.415466
0.416766
0.418188
0.419382
0.420779
0.422342
0.423961
0.425387
0.427045
0.428631
0.429935
0.431606
0.432983
0.434543
0.436334
0.437807
0.439216
0.440815
0.442073
0.443621
0.445204
0.446822
0.448115
0.449514
0.450754
0.452215
0.454175
0.455658
0.457188
0.459057
0.460859
0.462508
0.463842
0.465608
0.467064
0.468902
0.470593
0.472409
0.473889
0.475421
0.477648
0.479792
0.481452
0.483158
0.484984
0.486665
0.488469
0.490201
0.492209
0.494054
0.495687
0.497529
0.499125
0.500893
0.503068
0.504759
0.506512
0.508422
0.510569
0.512378
0.514024
0.515835
0.517826
0.51986
0.521699
0.523589
0.52533
0.527331
0.529051
0.531325
0.533605
0.536107
0.53806
0.540183
0.542248
0.544277
0.546073
0.548247
0.550352
0.552904
0.555186
0.557264
0.559107
0.561375
0.56411
0.566378
0.568757
0.570952
0.573088
0.575053
0.577497
0.579284
0.581412
0.583207
0.585257
0.586723
0.588659
0.590459
0.592422
0.594672
0.597016
0.5994
0.601515
0.603916
0.606521
0.608709
0.611966
0.615137
0.617519
0.621059
0.623834
0.626436
0.629644
0.632244
0.634966
0.63812
0.640823
0.644318
0.647044
0.649523
0.652622
0.65499
0.657923
0.660937
0.66371
0.666933
0.670262
0.674178
0.676566
0.680384
0.684231
0.687054
0.689795
0.692892
0.696416
0.699333
0.702572
0.70503
0.70774
0.711167
0.713437
0.716139
0.718972
0.723353
0.726418
0.73021
0.734218
0.738314
0.741981
0.746112
0.749863
0.753344
0.758331
0.761927
0.765758
0.770461
0.775638
0.779038
0.784172
0.788829
0.792882
0.797052
0.801466
0.805463
0.810024
0.814022
0.81814
0.821612
0.82674
0.831769
0.836935
0.841109
0.847419
0.85351
0.858804
0.865778
0.872122
0.878386
0.885044
0.895545
0.901116
0.907972
0.915017
0.922234
0.927365
0.933245
0.937618
0.943049
0.947975
0.951683
0.956045
0.961275
0.966463
0.970964
0.97785
0.983069
0.989268
0.998226
1.00778
1.01802
1.02765
1.03919
1.05338
1.06884
1.08453
1.11127
1.1443
1.17765
1.1987
1.21577
1.23008
1.2485
1.27264
1.30393
1.32734
1.36298
1.39291
1.42449
1.45959
1.49879
1.54105
1.68346
1.78955
1.89778
2.00002
