0.152123
0.152123
0.1522
0.1522
0.169058
0.169058
0.180087
0.180087
0.18357
0.18357
0.185109
0.185109
0.188086
0.188086
0.193605
0.193605
0.196179
0.196179
0.200597
0.200597
0.21485
0.21485
0.224241
0.224241
0.233575
0.233575
0.234419
0.234419
0.25113
0.25113
0.257367
0.257367
0.257861
0.265072
0.265072
0.26708
0.26708
0.275009
0.275009
0.27631
0.27631
0.277966
0.277966
0.283116
0.291041
0.291041
0.296139
0.296204
0.296204
0.30557
0.316288
0.316288
0.31697
0.31697
0.317509
0.320091
0.320091
0.320793
0.320793
0.323113
0.323591
0.323591
0.330042
0.340304
0.340304
0.34647
0.350412
0.350412
0.350551
0.350825
0.350825
0.355753
0.355753
0.358062
0.358062
0.361125
0.361125
0.36181
0.36181
0.363188
0.363188
0.36667
0.36667
0.367988
0.367988
0.368801
0.368801
0.370875
0.371768
0.371768
0.372328
0.386203
0.388091
0.388091
0.391667
0.391667
0.393964
0.393964
0.394315
0.395534
0.395534
0.397522
0.397522
0.398259
0.399954
0.399954
0.400602
0.403549
0.405124
0.405168
0.405168
0.405866
0.405866
0.409591
0.409591
0.409842
0.409842
0.409939
0.409939
0.414849
0.414849
0.418785
0.418785
0.421618
0.421618
0.424285
0.424285
0.424574
0.424574
0.425631
0.425631
0.426249
0.426249
0.433731
0.433731
0.43389
0.43444
0.43444
0.440059
0.446785
0.448625
0.448625
0.451931
0.451931
0.452468
0.452468
0.453814
0.454361
0.455201
0.455201
0.456408
0.456493
0.456785
0.456785
0.457239
0.457239
0.457613
0.464501
0.464501
0.467221
0.467221
0.471106
0.472197
0.472688
0.472688
0.474929
0.474929
0.475676
0.475676
0.475931
0.47656
0.47656
0.484046
0.484046
0.484818
0.484818
0.486811
0.486811
0.487141
0.487141
0.491351
0.491351
0.494244
0.494244
0.498154
0.502114
0.502114
0.502596
0.513126
0.514559
0.514559
0.516544
0.516544
0.517137
0.517137
0.517693
0.518
0.518
0.522584
0.522584
0.523601
0.523601
0.527588
0.527588
0.53113
0.533872
0.533872
0.535472
0.535472
0.53778
0.53778
0.53834
0.539281
0.539281
0.539472
0.550208
0.552343
0.553044
0.558622
0.566954
0.573642
0.577321
0.577712
0.577712
0.57839
0.57839
0.579323
0.580596
0.586292
0.590681
0.593874
0.593874
0.594431
0.594431
0.595425
0.605335
0.605513
0.608863
0.612071
0.613708
0.615792
0.615792
0.628561
0.633237
0.633237
0.634218
0.634218
0.646601
0.651438
0.653615
0.657552
0.657552
0.65877
0.65877
0.667374
0.667374
0.67275
0.675493
0.675507
0.67553
0.676448
0.679778
0.679778
0.683138
0.683138
0.691027
0.691027
0.696479
0.699791
0.699924
0.705078
0.70727
0.70727
0.709806
0.714672
0.714672
0.716344
0.717497
0.717877
0.717877
0.720103
0.720463
0.720463
0.722636
0.727441
0.729084
0.733464
0.733464
0.737571
0.738587
0.738587
0.746942
0.748293
0.758586
0.758586
0.763464
0.763574
0.766028
0.786776
0.786776
0.805932
0.818569
0.83919
0.83919
0.83936
0.847522
0.847522
0.877819
0.88586
0.898147
0.907736
0.914578
0.914578
0.915748
0.920345
0.927395
0.942266
0.959
0.960466
0.960466
0.96738
0.96738
0.985108
0.993129
0.993129
1.00004
1.02142
1.02851
1.03643
1.04794
1.07971
1.07991
1.18207
1.24132
1.26592
1.27672
1.2852
1.30354
1.31386
1.3405
1.38428
1.43067
1.4429
1.46475
1.49662
1.54305
1.62073
1.88139
1.91296
1.94142
