0.147569
0.147569
0.150429
0.150429
0.155712
0.155712
0.157544
0.157544
0.165961
0.165961
0.16848
0.16848
0.180423
0.180423
0.180921
0.190091
0.190091
0.192295
0.192295
0.192493
0.192493
0.192704
0.192704
0.193499
0.193499
0.195211
0.195211
0.198568
0.198568
0.20015
0.20015
0.20126
0.207583
0.207583
0.212441
0.212441
0.215552
0.215552
0.218573
0.218573
0.218945
0.218945
0.219904
0.222302
0.222302
0.223014
0.223014
0.223943
0.227017
0.227017
0.233989
0.233989
0.236677
0.236677
0.242133
0.242133
0.242363
0.242363
0.242639
0.242639
0.244331
0.244331
0.245371
0.245371
0.248778
0.248778
0.24991
0.24991
0.250166
0.250166
0.252211
0.252211
0.252531
0.252531
0.25377
0.25377
0.255696
0.25854
0.25854
0.261447
0.261447
0.263589
0.264142
0.266042
0.266042
0.267411
0.26803
0.26803
0.268211
0.273493
0.274606
0.276234
0.276234
0.276708
0.276708
0.27754
0.279105
0.279105
0.279746
0.283418
0.283418
0.283796
0.283796
0.292554
0.295458
0.295458
0.297715
0.297715
0.298182
0.298182
0.302576
0.302576
0.302732
0.303106
0.303298
0.303298
0.303625
0.304332
0.304332
0.307635
0.312683
0.312683
0.312994
0.312994
0.313976
0.313976
0.315326
0.315473
0.315473
0.315817
0.315817
0.316439
0.316439
0.316857
0.319814
0.321694
0.321694
0.322828
0.322828
0.323354
0.323354
0.325147
0.325494
0.325494
0.325572
0.325572
0.326374
0.326374
0.329168
0.330139
0.330139
0.33199
0.33199
0.333744
0.333744
0.333842
0.333842
0.334408
0.334408
0.336205
0.336205
0.339777
0.339777
0.343578
0.343578
0.344047
0.344047
0.344134
0.344134
0.346986
0.346986
0.349657
0.349657
0.352131
0.355946
0.355946
0.355964
0.355964
0.365458
0.365458
0.368316
0.368316
0.368626
0.369193
0.370327
0.371032
0.371032
0.373436
0.374971
0.378454
0.378454
0.379373
0.379373
0.379423
0.380641
0.380893
0.380893
0.381106
0.381329
0.381329
0.382905
0.388248
0.388248
0.38874
0.391244
0.392192
0.392192
0.396404
0.396404
0.39763
0.39763
0.400435
0.403445
0.405508
0.405508
0.412242
0.412489
0.41249
0.413075
0.413075
0.414051
0.416726
0.416726
0.417183
0.417183
0.418501
0.419276
0.419276
0.419928
0.420064
0.424238
0.42639
0.42639
0.434087
0.434087
0.435609
0.435609
0.438482
0.441261
0.441592
0.441592
0.442637
0.442637
0.445411
0.445411
0.446937
0.452603
0.45478
0.458287
0.458287
0.459767
0.459767
0.460606
0.460606
0.46297
0.46297
0.464559
0.46496
0.465058
0.465665
0.469195
0.469195
0.469205
0.469205
0.477548
0.477867
0.477867
0.478076
0.478825
0.478825
0.480239
0.481497
0.483801
0.484107
0.490043
0.490568
0.494344
0.494344
0.49637
0.496666
0.496666
0.498697
0.498697
0.502134
0.502134
0.502176
0.502176
0.506701
0.506701
0.506928
0.508491
0.508797
0.51039
0.514527
0.514527
0.517025
0.520029
0.522628
0.52409
0.526387
0.529799
0.529799
0.53016
0.53016
0.532088
0.53357
0.53357
0.541297
0.543771
0.54683
0.553579
0.558291
0.558291
0.56075
0.564805
0.564805
0.56495
0.567709
0.576697
0.57776
0.578116
0.588114
0.588114
0.59582
0.59696
0.600541
0.603368
0.608525
0.610105
0.612495
0.612495
0.61721
0.622884
0.622884
0.625536
0.625536
0.62694
0.62694
0.63131
0.632536
0.635026
0.635857
0.636644
0.636644
0.637409
0.639435
0.639911
0.642595
0.644726
0.644726
0.648105
0.650362
0.653829
0.656528
0.663285
0.668262
0.670638
0.673129
0.682096
0.682096
0.684253
0.686471
0.694106
0.700983
0.705547
0.706948
0.718796
0.71978
0.723636
0.724426
0.724426
0.725261
0.725261
0.725514
0.728001
0.731866
0.731866
0.744226
0.751401
0.753851
0.759656
0.759656
0.762273
0.770652
0.775407
0.775407
0.778108
0.785045
0.786229
0.788231
0.799356
0.802061
0.80829
0.811301
0.811301
0.821126
0.823493
0.82854
0.829698
0.8314
0.832343
0.833439
0.837929
0.842566
0.851009
0.862974
0.868837
0.891864
0.896243
0.916915
0.930444
0.930444
0.931296
0.953868
0.957302
0.970939
0.977629
0.981775
0.985655
0.985655
0.987651
1.00221
1.02308
1.02536
1.07387
1.07387
1.08188
1.09135
1.09433
1.10483
1.11346
1.12001
1.12479
1.13001
1.16825
1.1999
1.21575
1.24146
1.32355
1.38458
1.42556
1.42827
1.43975
1.44838
1.47256
1.48271
1.53658
1.57094
1.70304
1.95875
