0.151408
0.151408
0.154993
0.154993
0.158196
0.158196
0.162741
0.162742
0.167127
0.167455
0.171781
0.17305
0.177539
0.178453
0.182319
0.183549
0.186819
0.187874
0.190817
0.191952
0.19468
0.196173
0.198384
0.199754
0.201517
0.203097
0.204683
0.2059
0.207591
0.208858
0.210505
0.21196
0.214159
0.215555
0.216891
0.218507
0.219849
0.221259
0.222678
0.223917
0.22509
0.226557
0.227638
0.229024
0.230584
0.231745
0.233458
0.234839
0.23594
0.237112
0.238105
0.239534
0.240545
0.2418
0.242757
0.243748
0.245074
0.246046
0.247
0.248044
0.248815
0.249695
0.250546
0.251629
0.252894
0.254189
0.254985
0.255902
0.256807
0.257991
0.258774
0.259976
0.260909
0.261894
0.262812
0.263866
0.264846
0.265577
0.26686
0.267956
0.269129
0.270025
0.270925
0.272156
0.273104
0.273778
0.275035
0.275871
0.277134
0.277918
0.27898
0.27991
0.280754
0.281646
0.282503
0.283188
0.28414
0.285212
0.286266
0.28745
0.288463
0.289475
0.290502
0.291268
0.292203
0.293133
0.294076
0.294856
0.295584
0.296536
0.297536
0.298602
0.299378
0.300324
0.301356
0.302207
0.303113
0.304216
0.305069
0.30601
0.306887
0.307848
0.308742
0.309776
0.31064
0.311373
0.312312
0.313064
0.31404
0.315033
0.315954
0.31691
0.317891
0.318665
0.319771
0.320735
0.321384
0.322497
0.323299
0.324225
0.32521
0.326015
0.327187
0.328355
0.329126
0.330072
0.330938
0.331819
0.332673
0.333613
0.33448
0.335437
0.336183
0.337152
0.337895
0.33891
0.339698
0.340628
0.341392
0.342299
0.34313
0.343928
0.344618
0.345647
0.34656
0.347309
0.348083
0.348701
0.349614
0.350439
0.351284
0.352117
0.352981
0.353905
0.354975
0.355784
0.35671
0.357519
0.358508
0.359465
0.36014
0.361218
0.361996
0.362885
0.363762
0.364731
0.365646
0.366465
0.36736
0.36817
0.369208
0.370234
0.371168
0.372128
0.373043
0.373966
0.374817
0.375559
0.37651
0.377426
0.378462
0.379368
0.380425
0.381414
0.382581
0.383436
0.384597
0.385502
0.386254
0.387191
0.388018
0.389017
0.390074
0.390918
0.392083
0.392975
0.393882
0.39467
0.395418
0.396167
0.397297
0.398429
0.399305
0.400535
0.401362
0.402274
0.403428
0.404054
0.405039
0.405905
0.406967
0.408008
0.409211
0.410089
0.411165
0.412035
0.413155
0.41401
0.415045
0.41596
0.416805
0.417711
0.418638
0.419602
0.420398
0.421407
0.422085
0.422991
0.424181
0.425278
0.426217
0.427291
0.428336
0.429537
0.430545
0.431485
0.432548
0.433533
0.434643
0.435786
0.437035
0.438264
0.439271
0.440162
0.441028
0.442122
0.443245
0.444323
0.445377
0.446508
0.447704
0.448743
0.449801
0.451087
0.452269
0.453396
0.45435
0.455808
0.457016
0.458224
0.459349
0.460645
0.461791
0.463405
0.464758
0.466294
0.467804
0.469012
0.470289
0.471556
0.4729
0.474136
0.475226
0.476191
0.477411
0.478761
0.479962
0.480992
0.48218
0.483146
0.484536
0.48601
0.487289
0.488396
0.489886
0.491027
0.492477
0.493814
0.49514
0.496453
0.497799
0.498979
0.500627
0.502184
0.503405
0.504718
0.506019
0.507462
0.508843
0.510472
0.511875
0.51348
0.514963
0.516104
0.517222
0.518254
0.519735
0.520967
0.522485
0.523703
0.525243
0.526875
0.528338
0.529903
0.531497
0.532712
0.534231
0.535893
0.537285
0.538744
0.540386
0.541656
0.543129
0.544504
0.546184
0.547256
0.548923
0.550232
0.551667
0.553229
0.554631
0.556221
0.557938
0.55938
0.560736
0.562381
0.5639
0.565581
0.567562
0.569113
0.570822
0.572357
0.574537
0.576289
0.578213
0.580017
0.582186
0.584466
0.586395
0.588341
0.590355
0.591897
0.594003
0.595429
0.596977
0.599115
0.601203
0.60364
0.605611
0.607725
0.609427
0.611511
0.61321
0.615475
0.617385
0.619319
0.620954
0.622672
0.624713
0.626482
0.628277
0.629611
0.631662
0.633635
0.636001
0.637769
0.639568
0.641592
0.643533
0.645281
0.647131
0.649179
0.651847
0.653833
0.656123
0.657537
0.660062
0.662507
0.66496
0.667177
0.669979
0.672307
0.674067
0.676268
0.679405
0.681637
0.684068
0.686299
0.689031
0.692007
0.694244
0.696824
0.699881
0.702088
0.704599
0.707076
0.70985
0.712254
0.715179
0.718706
0.721979
0.725447
0.728168
0.731856
0.735228
0.738369
0.741651
0.745205
0.74836
0.751693
0.754899
0.758171
0.761744
0.764736
0.768659
0.771885
0.774971
0.778487
0.782229
0.78683
0.790485
0.795018
0.799588
0.803955
0.808533
0.813484
0.818336
0.824224
0.82984
0.835054
0.840739
0.845275
0.851289
0.856237
0.862511
0.869492
0.876002
0.88264
0.88978
0.898985
0.906693
0.912326
0.92175
0.930997
0.94179
0.949967
0.957051
0.964213
0.973985
0.983104
0.990836
1.0018
1.01213
1.02125
1.03233
1.0477
1.06401
1.08763
1.11134
1.14137
1.16611
1.19101
1.20149
1.21913
1.24917
1.27791
1.31651
1.35434
1.41679
1.53426
