0.328
0.328
0.328
0.328
0.33
0.33
0.331
0.331
0.331
0.332
0.333
0.333
0.333
0.334
0.335
0.336
0.337
0.338
0.338
0.34
0.341
0.341
0.341
0.341
0.343
0.346
0.346
0.346
0.347
0.348
0.349
0.351
0.353
0.353
0.355
0.355
0.358
0.363
0.365
0.367
0.368
0.372
0.376
0.378
0.379
0.381
0.384
0.387
0.39
0.393
0.394
0.398
0.403
0.411
0.414
0.417
0.424
0.431
0.434
0.438
0.441
0.446
0.45
0.453
0.457
0.462
0.462
0.467
0.467
0.468
0.47
0.472
0.474
0.476
0.478
0.478
0.481
0.482
0.486
0.487
0.488
0.49
0.494
0.5
0.503
0.508
0.511
0.514
0.518
0.522
0.527
0.531
0.534
0.538
0.538
0.543
0.55
0.553
0.554
0.557
0.562
0.565
0.568
0.571
0.572
0.576
0.582
0.584
0.588
0.591
0.592
0.593
0.596
0.599
0.607
0.608
0.611
0.616
0.619
0.624
0.628
0.631
0.639
0.641
0.642
0.645
0.65
0.654
0.658
0.663
0.664
0.665
0.668
0.669
0.672
0.674
0.676
0.681
0.684
0.688
0.692
0.693
0.695
0.703
0.708
0.713
0.719
0.722
0.726
0.729
0.734
0.738
0.739
0.743
0.747
0.751
0.752
0.754
0.756
0.757
0.759
0.763
0.766
0.767
0.769
0.774
0.777
0.779
0.783
0.785
0.787
0.792
0.796
0.801
0.802
0.808
0.814
0.818
0.821
0.825
0.827
0.831
0.835
0.836
0.838
0.84
0.843
0.845
0.848
0.852
0.855
0.861
0.863
0.863
0.866
0.87
0.876
0.879
0.887
0.888
0.892
0.893
0.896
0.896
0.899
0.907
0.908
0.911
0.913
0.917
0.919
0.924
0.926
0.926
0.932
0.936
0.94
0.941
0.946
0.951
0.953
0.956
0.958
0.959
0.959
0.96
0.963
0.965
0.967
0.972
0.974
0.978
0.98
0.981
0.983
0.986
0.989
0.994
0.995
0.996
0.997
1
1.004
1.005
1.007
1.01
1.011
1.016
1.017
1.019
1.026
1.028
1.028
1.033
1.037
1.04
1.043
1.048
1.054
1.059
1.062
1.064
1.064
1.068
1.071
1.074
1.078
1.081
1.082
1.087
1.089
1.092
1.094
1.095
1.098
1.101
1.102
1.103
1.103
1.108
1.109
1.11
1.112
1.114
1.116
1.122
1.124
1.127
1.129
1.134
1.136
1.143
1.146
1.153
1.157
1.158
1.16
1.161
1.164
1.166
1.166
1.17
1.172
1.174
1.175
1.177
1.18
1.183
1.184
1.188
1.19
1.191
1.194
1.198
1.203
1.208
1.212
1.214
1.216
1.224
1.229
1.232
1.233
1.236
1.237
1.24
1.245
1.246
1.248
1.25
1.253
1.253
1.255
1.259
1.263
1.265
1.268
1.272
1.275
1.277
1.28
1.285
1.287
1.287
1.288
1.291
1.293
1.297
1.3
1.303
1.307
1.313
1.314
1.317
1.318
1.324
1.329
1.333
1.337
1.341
1.345
1.345
1.348
1.353
1.355
1.358
1.358
1.361
1.361
1.361
1.364
1.366
1.369
1.374
1.378
1.383
1.386
1.391
1.395
1.395
1.397
1.399
1.402
1.403
1.408
1.413
1.418
1.419
1.42
1.424
1.425
1.43
1.435
1.437
1.442
1.444
1.446
1.452
1.458
1.46
1.462
1.464
1.466
1.468
1.471
1.471
1.475
1.479
1.484
1.485
1.486
1.487
1.489
1.495
1.499
1.501
1.505
1.509
1.513
1.514
1.517
1.518
1.52
1.523
1.527
1.529
1.531
1.533
1.54
1.543
1.548
1.553
1.554
1.556
1.56
1.56
1.56
1.562
1.565
1.568
1.569
1.572
1.575
1.577
1.581
1.582
1.586
1.593
1.596
1.599
1.603
1.606
1.61
1.61
1.612
1.616
1.618
1.621
1.625
1.627
1.628
1.633
1.634
1.638
1.64
1.645
1.649
1.653
1.655
1.659
1.661
1.664
1.669
1.671
1.674
1.679
1.681
1.683
1.685
1.69
1.694
1.697
1.699
1.703
1.71
1.716
1.721
1.728
1.73
1.73
1.734
1.736
1.738
1.74
1.741
1.745
1.747
1.748
1.749
1.751
1.753
1.756
1.761
1.768
1.772
1.779
1.783
1.79
1.796
1.802
1.803
1.804
1.808
1.811
1.816
1.818
1.822
1.825
1.826
1.827
1.83
1.831
1.833
1.834
1.84
1.848
1.851
1.853
1.858
1.862
1.869
1.874
1.877
1.881
1.883
1.885
1.887
1.887
1.893
1.896
1.897
1.897
1.902
1.903
1.908
1.914
1.92
1.923
1.927
1.934
1.938
1.945
1.948
1.953
1.955
1.958
1.959
1.964
1.971
1.971
1.973
1.977
1.984
1.986
1.988
1.99
1.997
2.003
2.006
2.011
2.015
2.017
2.024
2.026
2.028
2.031
2.037
2.041
2.042
2.049
2.053
2.057
2.062
2.065
2.069
2.077
2.079
2.086
2.09
2.093
2.093
2.096
2.101
2.104
2.108
2.114
2.118
2.125
2.128
2.134
2.143
2.147
2.15
2.156
2.161
2.165
2.17
2.173
2.175
2.179
2.186
2.189
2.192
2.197
2.201
2.205
2.209
2.215
2.222
2.227
2.236
2.24
2.244
2.251
2.254
2.256
2.261
2.269
2.272
2.272
2.276
2.283
2.289
2.292
2.299
2.308
2.316
2.32
2.327
2.33
2.332
2.337
2.341
2.349
2.355
2.365
2.367
2.375
2.379
2.386
2.391
2.397
2.404
2.411
2.42
2.423
2.428
2.435
2.443
2.449
2.454
2.458
2.469
2.473
2.482
2.49
2.497
2.504
2.509
2.511
2.515
2.523
2.529
2.537
2.546
2.553
2.557
2.567
2.575
2.581
2.59
2.594
2.604
2.616
2.624
2.634
2.64
2.648
2.652
2.654
2.661
2.667
2.675
2.688
2.706
2.712
2.722
2.73
2.733
2.74
2.747
2.749
2.767
2.777
2.789
2.801
2.808
2.82
2.828
2.837
2.856
2.866
2.879
2.888
2.898
2.914
2.925
2.935
2.943
2.958
2.975
2.986
3
3.013
3.032
3.046
3.061
3.081
3.099
3.112
3.127
3.155
3.168
3.191
3.224
3.247
3.273
3.303
3.326
3.37
3.428
3.466
3.521
3.57
3.647
3.693
3.794
3.864
3.967
4.24
