0.04
0.29
0.49
0.7
0.79
0.85
0.94
0.99
1.05
1.13
1.18
1.25
1.31
1.39
1.42
1.48
1.5
1.51
1.55
1.61
1.68
1.75
1.84
1.96
2.03
2.07
2.16
2.2
2.24
2.25
2.27
2.29
2.3
2.31
2.32
2.35
2.4
2.43
2.46
2.54
2.59
2.65
2.67
2.69
2.73
2.77
2.79
2.82
2.88
2.95
2.99
3.05
3.11
3.18
3.19
3.21
3.24
3.3
3.32
3.35
3.37
3.42
3.44
3.46
3.5
3.55
3.57
3.62
3.62
3.67
3.7
3.73
3.78
3.83
3.87
3.92
3.96
4.01
4.05
4.1
4.14
4.18
4.25
4.26
4.3
4.32
4.37
4.41
4.41
4.42
4.43
4.47
4.51
4.56
4.59
4.61
4.63
4.66
4.71
4.74
4.74
4.76
4.77
4.82
4.88
4.94
5.01
5.06
5.11
5.15
5.18
5.19
5.22
5.25
5.28
5.29
5.29
5.32
5.35
5.38
5.41
5.45
5.49
5.53
5.57
5.58
5.62
5.67
5.74
5.77
5.83
5.85
5.89
5.91
5.96
5.97
6.01
6.03
6.05
6.05
6.08
6.1
6.13
6.16
6.2
6.21
6.26
6.29
6.32
6.36
6.4
6.48
6.53
6.6
6.63
6.66
6.69
6.7
6.72
6.76
6.82
6.84
6.87
6.88
6.88
6.88
6.89
6.9
6.92
6.93
6.95
6.96
6.97
7.02
7.05
7.08
7.12
7.22
7.23
7.29
7.34
7.37
7.45
7.46
7.48
7.49
7.51
7.57
7.58
7.62
7.64
7.65
7.66
7.67
7.71
7.78
7.79
7.82
7.85
7.87
7.88
7.91
7.94
7.98
8
8.02
8.02
8.04
8.08
8.12
8.18
8.22
8.25
8.28
8.32
8.36
8.38
8.39
8.41
8.45
8.5
8.51
8.52
8.55
8.56
8.58
8.58
8.6
8.62
8.64
8.66
8.69
8.71
8.75
8.8
8.85
8.88
8.9
8.91
8.94
8.95
8.96
8.98
9
9.03
9.03
9.05
9.05
9.07
9.1
9.14
9.18
9.19
9.2
9.2
9.23
9.26
9.26
9.27
9.29
9.31
9.33
9.4
9.41
9.45
9.47
9.49
9.54
9.59
9.65
9.67
9.68
9.72
9.74
9.77
9.77
9.83
9.83
9.86
9.88
9.89
9.92
9.92
9.94
9.94
9.97
10
10.01
10.03
10.03
10.06
10.09
10.12
10.15
10.17
10.19
10.19
10.22
10.25
10.27
10.31
10.32
10.39
10.42
10.46
10.47
10.48
10.5
10.52
10.54
10.57
10.58
10.61
10.66
10.68
10.68
10.7
10.72
10.72
10.73
10.75
10.76
10.81
10.84
10.85
10.88
10.89
10.93
10.94
11
11.02
11.02
11.05
11.07
11.09
11.12
11.15
11.18
11.19
11.2
11.21
11.23
11.27
11.29
11.31
11.35
11.41
11.43
11.44
11.47
11.48
11.5
11.51
11.56
11.59
11.61
11.62
11.64
11.66
11.67
11.69
11.69
11.7
11.71
11.73
11.74
11.76
11.79
11.8
11.82
11.82
11.87
11.87
11.87
11.92
11.94
11.96
12.02
12.08
12.1
12.12
12.16
12.19
12.22
12.23
12.27
12.31
12.34
12.35
12.37
12.4
12.44
12.45
12.48
12.49
12.51
12.53
12.55
12.56
12.57
12.58
12.59
12.6
12.6
12.62
12.63
12.64
12.66
12.69
12.7
12.7
12.72
12.73
12.73
12.74
12.78
12.79
12.83
12.84
12.84
12.91
12.92
12.94
12.96
12.96
13.01
13.05
13.08
13.15
13.2
13.23
13.23
13.24
13.26
13.29
13.3
13.31
13.37
13.42
13.43
13.46
13.47
13.48
13.49
13.52
13.54
13.55
13.57
13.6
13.62
13.62
13.63
13.64
13.66
13.67
13.68
13.69
13.7
13.73
13.75
13.76
13.77
13.79
13.83
13.84
13.87
13.88
13.89
13.92
13.98
14
14
14.02
14.05
14.09
14.13
14.16
14.21
14.22
14.23
14.27
14.3
14.33
14.35
14.37
14.38
14.39
14.41
14.44
14.46
14.47
14.48
14.5
14.51
14.54
14.55
14.56
14.57
14.59
14.62
14.62
14.64
14.64
14.65
14.65
14.65
14.68
14.69
14.73
14.76
14.81
14.81
14.83
14.85
14.87
14.88
14.89
14.91
14.94
14.97
15.02
15.04
15.1
15.12
15.12
15.14
15.17
15.17
15.2
15.22
15.22
15.23
15.26
15.28
15.29
15.34
15.34
15.36
15.36
15.37
15.38
15.44
15.48
15.49
15.52
15.53
15.53
15.56
15.58
15.6
15.61
15.62
15.66
15.69
15.71
15.76
15.76
15.77
15.81
15.85
15.89
15.91
15.91
15.92
15.94
15.95
15.95
15.97
15.97
15.98
16.01
16.01
16.02
16.07
16.09
16.1
16.14
16.18
16.24
16.25
16.26
16.29
16.3
16.3
16.31
16.35
16.36
16.37
16.39
16.4
16.43
16.46
16.49
16.5
16.53
16.54
16.57
16.59
16.62
16.65
16.65
16.66
16.68
16.69
16.72
16.74
16.75
16.77
16.79
16.83
16.84
16.86
16.9
16.92
16.96
16.98
17.02
17.05
17.07
17.09
17.09
17.09
17.13
17.15
17.17
17.18
17.2
17.24
17.27
17.27
17.29
17.3
17.34
17.35
17.36
17.39
17.4
17.41
17.41
17.42
17.43
17.44
17.46
17.49
17.5
17.52
17.53
17.57
17.58
17.64
17.65
17.71
17.72
17.74
17.75
17.79
17.8
17.82
17.84
17.87
17.92
17.94
17.99
18.03
18.06
18.07
18.07
18.11
18.12
18.12
18.14
18.15
18.18
18.18
18.19
18.22
18.24
18.25
18.27
18.3
18.32
18.32
18.34
18.38
18.43
18.49
18.5
18.53
18.55
18.58
18.58
18.59
18.6
18.6
18.62
18.63
18.68
18.69
18.7
18.72
18.75
18.78
18.81
18.82
18.86
18.89
18.92
18.93
18.99
19.01
19.02
19.06
19.07
19.08
19.11
19.14
19.16
19.18
19.2
19.22
19.26
19.3
19.32
19.32
19.34
19.36
19.39
19.43
19.45
19.46
19.49
19.52
19.54
19.55
19.59
19.63
19.64
19.66
19.68
19.74
19.74
19.76
19.82
19.85
19.9
19.95
19.96
20
20.01
20.03
20.05
20.07
20.08
20.09
20.13
20.14
20.16
20.16
20.21
20.24
20.26
20.29
20.32
20.35
20.42
20.44
20.44
20.49
20.52
20.53
20.59
20.6
20.64
20.68
20.73
20.78
20.79
20.8
20.81
20.83
20.86
20.9
20.94
20.97
21.01
21.02
21.02
21.05
21.08
21.12
21.15
21.19
21.21
21.21
21.26
21.27
21.32
21.35
21.36
21.4
21.46
21.48
21.5
21.53
21.56
21.58
21.64
21.66
21.68
21.71
21.72
21.77
21.79
21.85
21.9
21.96
21.98
21.98
21.98
22.01
22.07
22.1
22.12
22.14
22.16
22.22
22.26
22.3
22.34
22.38
22.41
22.44
22.46
22.54
22.57
22.62
22.65
22.65
22.68
22.73
22.79
22.85
22.86
22.88
22.91
22.94
22.97
22.98
23.01
23.03
23.07
23.1
23.16
23.21
23.27
23.29
23.36
23.42
23.45
23.47
23.51
23.53
23.57
23.63
23.66
23.7
23.79
23.84
23.86
23.88
23.92
23.98
24.01
24.11
24.15
24.2
24.25
24.27
24.32
24.34
24.4
24.42
24.45
24.49
24.53
24.59
24.64
24.71
24.74
24.82
24.88
24.94
24.97
25.01
25.1
25.12
25.19
25.26
25.3
25.35
25.39
25.44
25.5
25.55
25.64
25.67
25.71
25.78
25.82
25.88
25.94
26
26.1
26.13
26.2
26.24
26.28
26.34
26.41
26.46
26.5
26.57
26.63
26.75
26.82
26.87
26.9
26.96
27.04
27.17
27.23
27.28
27.35
27.45
27.53
27.57
27.61
27.69
27.75
27.78
27.89
28
28.05
28.14
28.24
28.27
28.31
28.4
28.54
28.64
28.76
28.82
28.88
28.99
29.09
29.17
29.21
29.34
29.44
29.54
29.64
29.74
29.89
30.02
30.06
30.16
30.31
30.44
30.56
30.71
30.85
30.98
31.11
31.24
31.35
31.53
31.72
31.9
32.13
32.29
32.52
32.72
32.87
33.13
33.46
33.63
33.99
34.27
34.53
34.8
35.21
35.56
35.95
36.32
36.95
37.5
38.3
39.31
41.3
44.24
