0.143381
0.143381
0.149545
0.149545
0.150989
0.150989
0.151574
0.151574
0.15211
0.15211
0.152545
0.152545
0.152974
0.152974
0.153341
0.153347
0.15368
0.153682
0.154033
0.154034
0.154387
0.154388
0.154681
0.154683
0.15514
0.155188
0.155793
0.15581
0.156281
0.156351
0.156968
0.157039
0.157582
0.157832
0.158426
0.15859
0.15921
0.159413
0.159993
0.1602
0.16078
0.161034
0.161527
0.161868
0.162467
0.16271
0.163246
0.163647
0.164274
0.164636
0.16525
0.16567
0.166197
0.166595
0.167204
0.167571
0.168189
0.168645
0.16915
0.169567
0.170126
0.170571
0.171092
0.17152
0.171986
0.172659
0.172921
0.173555
0.173922
0.17453
0.174989
0.175363
0.175922
0.176379
0.176889
0.177334
0.177766
0.178377
0.178742
0.179392
0.179814
0.180435
0.180867
0.181436
0.181954
0.18247
0.182936
0.183426
0.184022
0.184539
0.184892
0.185407
0.185883
0.186374
0.18686
0.187226
0.187712
0.188161
0.188659
0.189276
0.189876
0.190453
0.190903
0.191343
0.19188
0.192287
0.192778
0.193182
0.193539
0.194112
0.194555
0.194905
0.195407
0.195757
0.196241
0.196678
0.197207
0.197729
0.198128
0.198558
0.199094
0.199498
0.200055
0.200393
0.200805
0.201296
0.201724
0.202379
0.202712
0.20323
0.203704
0.204248
0.204696
0.205159
0.205618
0.206049
0.206539
0.20698
0.207442
0.207965
0.208545
0.208949
0.209428
0.209962
0.210436
0.210857
0.211237
0.211679
0.211985
0.212431
0.212887
0.21326
0.213607
0.21416
0.214525
0.21513
0.215532
0.215935
0.216311
0.216737
0.217186
0.217612
0.21799
0.21839
0.218808
0.21926
0.219694
0.220124
0.220498
0.220899
0.221297
0.221565
0.222063
0.222443
0.223029
0.223506
0.223911
0.224245
0.224587
0.224967
0.225437
0.225786
0.22617
0.226568
0.22694
0.227377
0.227791
0.228152
0.228487
0.228891
0.229284
0.229648
0.229988
0.230473
0.230738
0.231028
0.231401
0.231745
0.232162
0.232494
0.23289
0.233176
0.233712
0.234115
0.234583
0.235021
0.235423
0.235763
0.236066
0.236399
0.236859
0.237243
0.237633
0.237953
0.238341
0.238717
0.23913
0.239425
0.23972
0.240077
0.240435
0.240864
0.241276
0.241572
0.241961
0.242472
0.242771
0.24313
0.243525
0.24391
0.244214
0.244545
0.245013
0.245391
0.245815
0.246205
0.246617
0.246959
0.247285
0.247639
0.247892
0.248342
0.248636
0.24896
0.249321
0.249647
0.249959
0.250272
0.250635
0.250959
0.251388
0.251762
0.25208
0.252401
0.252765
0.253157
0.253551
0.253993
0.254409
0.254714
0.255087
0.255378
0.255743
0.256036
0.256394
0.256706
0.257055
0.257453
0.257799
0.258134
0.258485
0.258826
0.259202
0.259636
0.259858
0.26026
0.260528
0.260925
0.261238
0.261646
0.261989
0.262352
0.262659
0.263125
0.263499
0.263868
0.264207
0.264572
0.264948
0.26528
0.265601
0.265967
0.266304
0.266634
0.266995
0.267344
0.267648
0.268004
0.268314
0.268593
0.268902
0.269271
0.269518
0.269895
0.27036
0.270606
0.270934
0.27126
0.271594
0.271934
0.272247
0.272615
0.273047
0.273375
0.273735
0.274225
0.274608
0.274967
0.275347
0.275727
0.276081
0.276411
0.276773
0.277154
0.277555
0.277832
0.27812
0.278522
0.278862
0.279125
0.279479
0.27983
0.2802
0.280575
0.280923
0.281284
0.281695
0.281969
0.282376
0.282738
0.283052
0.283335
0.283752
0.284022
0.284496
0.284857
0.28527
0.285516
0.285874
0.286111
0.286418
0.286813
0.287144
0.287542
0.287863
0.288198
0.28854
0.288798
0.28917
0.289505
0.28993
0.290336
0.290634
0.291007
0.29133
0.291665
0.291942
0.292264
0.292514
0.292868
0.293149
0.293509
0.293872
0.294176
0.294542
0.294978
0.295332
0.295726
0.296102
0.296496
0.296816
0.297251
0.297571
0.297883
0.298158
0.29861
0.299016
0.299298
0.299706
0.300049
0.300361
0.300732
0.301033
0.301418
0.30176
0.30205
0.302449
0.30281
0.303295
0.303519
0.303795
0.304068
0.304457
0.304792
0.305061
0.305465
0.305799
0.30617
0.306505
0.306881
0.307283
0.307593
0.307923
0.308298
0.308637
0.309031
0.309312
0.309748
0.310102
0.310414
0.310806
0.311226
0.311528
0.311951
0.312277
0.312667
0.31302
0.313364
0.313691
0.314127
0.314503
0.31482
0.315145
0.315452
0.315817
0.316193
0.316564
0.316929
0.317315
0.317607
0.317925
0.31827
0.318682
0.319027
0.319301
0.319724
0.320082
0.320523
0.32086
0.321273
0.321553
0.321909
0.322323
0.322688
0.323032
0.32342
0.323707
0.324101
0.324416
0.3248
0.325072
0.32531
0.325692
0.3261
0.326349
0.32677
0.327162
0.327658
0.328052
0.328421
0.328822
0.329281
0.329591
0.329962
0.330334
0.330727
0.331096
0.331383
0.331728
0.332134
0.332431
0.332805
0.333227
0.333574
0.333897
0.334242
0.334654
0.334969
0.335258
0.335602
0.335929
0.33629
0.336562
0.336842
0.337217
0.337522
0.337854
0.338297
0.33856
0.338891
0.33939
0.339826
0.340219
0.340556
0.340904
0.34127
0.341613
0.342034
0.342317
0.342754
0.343056
0.343415
0.343753
0.344117
0.344543
0.344989
0.345394
0.345717
0.345983
0.346345
0.346678
0.347017
0.34744
0.347729
0.348037
0.348527
0.34883
0.349274
0.34967
0.349992
0.350452
0.350818
0.35121
0.351657
0.352003
0.352412
0.35278
0.353226
0.353678
0.354069
0.354405
0.354807
0.355195
0.355646
0.356062
0.356396
0.356722
0.357117
0.357488
0.357901
0.358295
0.358613
0.358972
0.359259
0.359709
0.360022
0.360383
0.36074
0.361143
0.361485
0.361925
0.362331
0.362773
0.363121
0.363557
0.363889
0.364228
0.364586
0.365063
0.365498
0.365915
0.366326
0.366634
0.367057
0.36748
0.367839
0.368299
0.368762
0.369154
0.369559
0.369951
0.370289
0.370705
0.371178
0.371626
0.372047
0.372468
0.372817
0.373215
0.373649
0.374108
0.374505
0.375017
0.375318
0.37567
0.375988
0.37646
0.376888
0.377195
0.377571
0.377967
0.378415
0.37891
0.379211
0.379568
0.379959
0.380381
0.380728
0.381211
0.381575
0.382091
0.382542
0.382887
0.383326
0.383715
0.384092
0.384637
0.385073
0.385548
0.385953
0.386303
0.386809
0.387299
0.387711
0.388163
0.388603
0.38903
0.389429
0.389767
0.39012
0.390593
0.391055
0.391657
0.392009
0.392551
0.392938
0.393492
0.393952
0.394448
0.394781
0.395199
0.3957
0.396202
0.396593
0.397014
0.39753
0.3978
0.398307
0.398659
0.3991
0.399551
0.399989
0.400459
0.400952
0.40142
0.401871
0.402381
0.402924
0.403299
0.403765
0.404233
0.404552
0.404984
0.405408
0.405791
0.406296
0.406764
0.407154
0.407656
0.40809
0.408543
0.40907
0.409508
0.410002
0.410488
0.411075
0.41153
0.411959
0.41246
0.412843
0.413309
0.413654
0.414115
0.414635
0.415101
0.415522
0.416005
0.416413
0.416756
0.417138
0.41761
0.418048
0.418557
0.419001
0.419439
0.419934
0.420365
0.420834
0.421334
0.421855
0.422413
0.422845
0.423277
0.423687
0.424213
0.424654
0.425176
0.425688
0.426233
0.426634
0.427205
0.427746
0.428085
0.428582
0.428986
0.42946
0.429965
0.430352
0.430791
0.431291
0.431743
0.432156
0.432527
0.433022
0.433444
0.434006
0.434416
0.434866
0.435288
0.43565
0.436088
0.436521
0.437007
0.437482
0.437964
0.4384
0.438831
0.439384
0.439828
0.440233
0.44078
0.441249
0.441889
0.442332
0.442749
0.443268
0.443698
0.444161
0.444551
0.444971
0.445353
0.445878
0.446383
0.446885
0.447356
0.44793
0.448512
0.449017
0.449666
0.45027
0.450726
0.451299
0.451878
0.452329
0.452945
0.453536
0.454145
0.454592
0.455104
0.455651
0.456201
0.456767
0.457385
0.457867
0.458543
0.459105
0.459752
0.460295
0.460958
0.461607
0.462012
0.462675
0.463229
0.463855
0.464498
0.465056
0.465659
0.466194
0.466697
0.46718
0.467724
0.468256
0.46881
0.469612
0.47037
0.471009
0.47158
0.472267
0.473079
0.473647
0.474148
0.474673
0.475304
0.475964
0.476648
0.47725
0.477832
0.478549
0.479101
0.479721
0.4803
0.480966
0.481543
0.482304
0.482888
0.483457
0.484074
0.484758
0.485391
0.486105
0.486657
0.487317
0.488005
0.488711
0.489388
0.49006
0.49074
0.491365
0.491935
0.492576
0.493395
0.494001
0.494802
0.495621
0.496367
0.497104
0.497854
0.498568
0.499299
0.499985
0.500624
0.501322
0.5021
0.502791
0.503703
0.504506
0.505149
0.505882
0.506704
0.507403
0.508142
0.508898
0.509523
0.510264
0.511106
0.511857
0.512628
0.513305
0.514209
0.514825
0.515538
0.51633
0.517171
0.51792
0.518762
0.519661
0.520398
0.521169
0.521996
0.522769
0.523707
0.524434
0.525212
0.52611
0.52706
0.527868
0.528796
0.52977
0.530567
0.531548
0.532396
0.533282
0.534384
0.535515
0.536438
0.537416
0.53858
0.539484
0.540422
0.541628
0.542804
0.544205
0.545128
0.546254
0.547386
0.548634
0.549813
0.551087
0.552193
0.553309
0.554506
0.555584
0.556626
0.557949
0.559742
0.560877
0.562045
0.563153
0.564433
0.565804
0.567015
0.568253
0.569537
0.570991
0.572104
0.57352
0.574798
0.576299
0.577942
0.579697
0.58121
0.582676
0.58435
0.586141
0.58777
0.589437
0.591434
0.592756
0.594352
0.595802
0.598063
0.599591
0.601266
0.603223
0.605076
0.606876
0.608798
0.610499
0.612474
0.614171
0.61569
0.617636
0.619637
0.621549
0.623349
0.625681
0.627922
0.630515
0.632604
0.635141
0.637547
0.639544
0.641921
0.644011
0.646328
0.648299
0.650781
0.653249
0.656014
0.658519
0.66111
0.663949
0.667428
0.670439
0.674324
0.677662
0.680772
0.684403
0.688221
0.692033
0.69653
0.700514
0.704614
0.707975
0.712089
0.717089
0.721463
0.7266
0.731116
0.736231
0.741529
0.748313
0.755157
0.760996
0.767557
0.775336
0.784442
0.795093
0.805315
0.820237
0.831861
0.842253
0.853801
0.867493
0.883742
0.903367
0.930466
0.967368
1.02307
1.17781
