0.154253
0.154253
0.168599
0.168599
0.173455
0.173455
0.178383
0.178383
0.277972
0.277972
0.313808
0.313808
0.43384
0.43384
0.461828
0.461828
0.46872
0.46872
0.489863
0.489863
0.541843
0.605431
0.638857
0.638857
0.68724
0.68724
0.698092
0.711047
0.711047
0.712195
0.718776
0.718776
0.761529
0.761529
0.771731
0.771731
0.772253
0.772253
0.805031
0.805031
0.833631
0.869469
0.880183
0.880183
0.918458
0.918458
0.937464
0.937464
0.947141
0.967142
0.967142
0.979295
1.009
1.02875
1.02875
1.05441
1.05772
1.08533
1.08812
1.12857
1.12857
1.14689
1.16354
1.16354
1.16929
1.19982
1.23184
1.23544
1.2669
1.2669
1.28689
1.29744
1.30159
1.30159
1.31124
1.33496
1.39549
1.46536
1.46631
1.46631
1.57093
1.60668
1.60845
1.62189
1.64345
1.68631
1.70146
1.70146
1.7102
1.72777
1.7283
1.7283
1.78451
1.81032
1.96385
2.27011
2.27011
2.48549
3.08012
3.509
