0.178311
0.178311
0.233828
0.233828
0.262063
0.262063
0.292074
0.292074
0.323854
0.323854
0.348535
0.348535
0.380061
0.380061
0.405341
0.407685
0.428764
0.434073
0.453109
0.463559
0.495733
0.50519
0.524846
0.537227
0.557948
0.572518
0.59018
0.60402
0.617508
0.626366
0.648718
0.664845
0.677968
0.691941
0.701072
0.711184
0.71913
0.731335
0.741451
0.755033
0.768108
0.785288
0.802017
0.812085
0.832514
0.84479
0.86009
0.870736
0.888532
0.903576
0.919941
0.935929
0.952981
0.964944
0.990298
1.00111
1.019
1.03005
1.04063
1.05063
1.06568
1.07916
1.09631
1.11238
1.13063
1.16287
1.18947
1.20905
1.24912
1.28894
1.3168
1.34383
1.36451
1.3864
1.4096
1.44128
1.46595
1.49361
1.53306
1.56815
1.60626
1.63578
1.65871
1.6822
1.69928
1.70996
1.71948
1.72687
1.73624
1.75477
1.7871
1.80148
1.82671
1.86723
2.00613
2.15452
2.17195
2.58759
3.06704
4.06949
