0.328
0.328
0.328
0.328
0.328
0.328
0.328
0.328
0.328
0.33
0.33
0.332
0.333
0.333
0.333
0.335
0.335
0.335
0.338
0.338
0.339
0.339
0.341
0.343
0.343
0.345
0.345
0.352
0.355
0.357
0.364
0.366
0.376
0.383
0.388
0.399
0.408
0.413
0.42
0.425
0.436
0.443
0.45
0.458
0.461
0.465
0.473
0.476
0.483
0.495
0.503
0.512
0.523
0.531
0.539
0.55
0.557
0.566
0.584
0.594
0.604
0.608
0.615
0.631
0.649
0.659
0.665
0.682
0.692
0.701
0.709
0.725
0.736
0.746
0.758
0.775
0.794
0.805
0.819
0.828
0.837
0.848
0.859
0.878
0.905
0.918
0.931
0.948
0.966
0.978
0.986
1.006
1.027
1.047
1.065
1.085
1.099
1.119
1.137
1.152
1.171
1.184
1.208
1.228
1.242
1.261
1.279
1.297
1.322
1.34
1.365
1.393
1.422
1.438
1.464
1.498
1.528
1.561
1.602
1.632
1.656
1.688
1.714
1.748
1.776
1.808
1.845
1.88
1.939
1.981
2.063
2.123
2.198
2.28
2.363
2.435
2.532
2.611
2.679
2.759
2.892
3.083
3.308
3.549
3.893
4.163
4.449
4.551
4.721
4.99
