0.149652
0.149652
0.149946
0.149946
0.150704
0.150704
0.150834
0.150834
0.152126
0.152126
0.152292
0.152292
0.153262
0.153262
0.153503
0.153503
0.153549
0.153549
0.154265
0.154265
0.154301
0.154301
0.154486
0.154486
0.154578
0.154578
0.15595
0.15595
0.15634
0.15634
0.156697
0.156697
0.159223
0.159223
0.159993
0.159993
0.160122
0.160122
0.161573
0.161573
0.162257
0.162257
0.162597
0.162597
0.162643
0.162643
0.162905
0.162905
0.163535
0.164463
0.164463
0.165093
0.165093
0.165605
0.165605
0.166325
0.166325
0.166802
0.166802
0.167238
0.167238
0.167408
0.167408
0.167842
0.167842
0.169514
0.169514
0.170585
0.170585
0.173663
0.173663
0.17377
0.17377
0.175242
0.175242
0.177233
0.1804
0.18094
0.18094
0.181312
0.181312
0.181601
0.181601
0.18268
0.18268
0.184781
0.184781
0.185744
0.185744
0.186317
0.186317
0.187304
0.187304
0.189137
0.189137
0.189988
0.189988
0.190633
0.190633
0.193255
0.193255
0.19345
0.19345
0.194757
0.19735
0.19735
0.198709
0.198709
0.198764
0.198764
0.198984
0.198984
0.199344
0.199344
0.199767
0.199767
0.202025
0.202025
0.203441
0.203441
0.203936
0.203936
0.205146
0.205146
0.205513
0.205513
0.206384
0.206384
0.207589
0.207589
0.207731
0.208017
0.208017
0.208311
0.208311
0.209625
0.209625
0.211467
0.211467
0.212351
0.212351
0.21247
0.21247
0.212634
0.212634
0.212776
0.212776
0.214038
0.214038
0.214196
0.214196
0.214452
0.214452
0.215177
0.215177
0.215291
0.215291
0.215531
0.215531
0.217208
0.217208
0.218677
0.218677
0.221038
0.221463
0.221463
0.221849
0.221849
0.222211
0.222211
0.222219
0.222219
0.222457
0.22277
0.22277
0.224004
0.224004
0.224766
0.225678
0.225678
0.225946
0.225946
0.226515
0.226515
0.227496
0.227496
0.22893
0.229104
0.229104
0.229157
0.229157
0.229579
0.229579
0.230106
0.230106
0.230259
0.230259
0.231015
0.231015
0.23104
0.23104
0.231433
0.231433
0.232138
0.232138
0.23279
0.23279
0.232872
0.232883
0.233601
0.233601
0.234218
0.234218
0.23599
0.23599
0.236551
0.236551
0.236924
0.236924
0.237044
0.237044
0.237952
0.237952
0.239038
0.239038
0.240458
0.240458
0.241017
0.242554
0.243126
0.243126
0.24322
0.243464
0.243464
0.243539
0.243539
0.24528
0.246532
0.246532
0.247503
0.247545
0.247545
0.247562
0.247562
0.247859
0.247859
0.248691
0.248691
0.249203
0.249203
0.250982
0.250982
0.251912
0.252018
0.252018
0.252834
0.252834
0.25289
0.25289
0.253101
0.253101
0.253804
0.253804
0.253909
0.253909
0.253957
0.253957
0.25419
0.254397
0.254397
0.255089
0.255089
0.255496
0.256136
0.256136
0.256311
0.256877
0.256877
0.257506
0.257506
0.257805
0.258025
0.258025
0.258394
0.258394
0.258435
0.258591
0.258591
0.259647
0.259647
0.260114
0.260379
0.260379
0.260478
0.260478
0.261199
0.261199
0.261492
0.261525
0.261525
0.261938
0.2628
0.26336
0.26336
0.263655
0.263655
0.265071
0.266402
0.267472
0.267472
0.267542
0.267834
0.267834
0.268082
0.268082
0.269414
0.269611
0.269725
0.269725
0.270683
0.270683
0.270772
0.270772
0.270915
0.270915
0.271096
0.271496
0.271496
0.271653
0.271653
0.272092
0.272092
0.273552
0.273552
0.274184
0.274184
0.274798
0.274798
0.275627
0.276474
0.277407
0.277407
0.278341
0.278341
0.279055
0.279055
0.280374
0.280374
0.28066
0.28066
0.28147
0.282096
0.282096
0.282294
0.282554
0.282659
0.282659
0.282798
0.282798
0.282893
0.282893
0.282988
0.284056
0.284618
0.284618
0.284979
0.284979
0.285268
0.285268
0.285276
0.28555
0.286199
0.286303
0.286303
0.286393
0.286393
0.286632
0.28977
0.28977
0.291614
0.291747
0.292224
0.292311
0.292311
0.293298
0.293298
0.293406
0.293908
0.294993
0.294993
0.295319
0.295319
0.295535
0.295535
0.295673
0.295673
0.296091
0.296099
0.297118
0.297118
0.297986
0.297986
0.298234
0.299147
0.299147
0.299488
0.301415
0.30205
0.304728
0.304728
0.306189
0.306189
0.306705
0.306705
0.306787
0.306787
0.306848
0.307504
0.307504
0.307533
0.307533
0.308923
0.308923
0.310304
0.310855
0.310871
0.311973
0.311973
0.312872
0.312872
0.313562
0.313562
0.314326
0.314326
0.314459
0.315419
0.315779
0.316237
0.31639
0.31639
0.316675
0.316955
0.3174
0.3174
0.317937
0.317937
0.317981
0.317981
0.319299
0.319822
0.320191
0.320418
0.320418
0.321712
0.321712
0.323637
0.323637
0.323774
0.323774
0.323954
0.324001
0.324015
0.324015
0.324042
0.324042
0.32407
0.325949
0.325949
0.326202
0.326202
0.326261
0.326358
0.326706
0.327225
0.327225
0.327227
0.327227
0.327932
0.327932
0.328231
0.328231
0.328648
0.329173
0.329173
0.330337
0.330337
0.330823
0.331349
0.331349
0.331567
0.332204
0.332291
0.332291
0.33248
0.332511
0.332518
0.332656
0.333097
0.333542
0.333542
0.333894
0.334378
0.334378
0.334806
0.334806
0.334996
0.334996
0.334998
0.334998
0.336329
0.336329
0.338342
0.338553
0.338632
0.338875
0.339585
0.339585
0.339806
0.340197
0.340197
0.340946
0.340946
0.341435
0.341435
0.342236
0.342504
0.343286
0.343448
0.343793
0.344126
0.344454
0.344722
0.344993
0.344993
0.345111
0.345111
0.345891
0.347966
0.348205
0.348213
0.348213
0.348533
0.348533
0.349717
0.349806
0.349806
0.350293
0.350561
0.351243
0.351376
0.351376
0.352052
0.352052
0.352346
0.352926
0.352926
0.352962
0.352993
0.353579
0.35369
0.35369
0.353989
0.353989
0.35414
0.354509
0.355094
0.355352
0.356389
0.356425
0.35693
0.357043
0.35767
0.359203
0.360582
0.360592
0.360592
0.36089
0.361174
0.361334
0.361821
0.361821
0.362343
0.36274
0.36274
0.363196
0.363196
0.365724
0.366706
0.367139
0.368681
0.368758
0.368758
0.370474
0.37054
0.371211
0.372173
0.372286
0.373362
0.373439
0.373465
0.373465
0.373865
0.374129
0.374129
0.374189
0.374189
0.374368
0.375315
0.379248
0.379248
0.379678
0.380759
0.380759
0.38083
0.381653
0.381955
0.382541
0.382541
0.383099
0.383164
0.383164
0.383908
0.385578
0.385578
0.386713
0.386713
0.387091
0.387091
0.387365
0.387365
0.387398
0.387398
0.387996
0.3881
0.388156
0.388188
0.389846
0.390413
0.391444
0.39149
0.39149
0.39167
0.391717
0.391939
0.392392
0.394083
0.39421
0.39421
0.394935
0.395077
0.395466
0.395466
0.395944
0.396333
0.396333
0.397037
0.397037
0.397808
0.397808
0.397885
0.397916
0.397966
0.398937
0.398937
0.398962
0.398962
0.399589
0.39962
0.39962
0.400806
0.400841
0.400841
0.401074
0.401837
0.40217
0.40217
0.402261
0.402332
0.404372
0.404941
0.405925
0.405925
0.407078
0.40717
0.407831
0.407831
0.408223
0.409665
0.409701
0.409701
0.410387
0.410482
0.410792
0.410792
0.411973
0.412747
0.413222
0.413421
0.414052
0.415091
0.415842
0.416413
0.416428
0.417149
0.418228
0.418228
0.419048
0.419186
0.419998
0.419998
0.421099
0.422747
0.422779
0.422779
0.423739
0.42399
0.426952
0.427796
0.429628
0.431394
0.431523
0.431943
0.432184
0.433533
0.433533
0.433801
0.433801
0.434111
0.434552
0.434932
0.434932
0.435817
0.436263
0.436263
0.436318
0.436318
0.436362
0.436441
0.438151
0.438151
0.438533
0.441089
0.441101
0.442823
0.443158
0.444006
0.444471
0.445976
0.446673
0.446673
0.448532
0.450044
0.450044
0.450498
0.450789
0.451466
0.452725
0.452725
0.453839
0.454697
0.455138
0.4553
0.455905
0.455905
0.456022
0.457574
0.457574
0.45797
0.45797
0.458221
0.459172
0.459468
0.461231
0.461231
0.462556
0.463923
0.464897
0.464897
0.465364
0.465484
0.465827
0.465827
0.466689
0.467206
0.467413
0.467413
0.46852
0.46882
0.470862
0.470862
0.470877
0.47199
0.47199
0.472288
0.473565
0.473565
0.476061
0.476359
0.476392
0.476392
0.476544
0.477837
0.47784
0.47928
0.480996
0.481003
0.481137
0.481137
0.482398
0.482398
0.484096
0.48473
0.486044
0.486044
0.486233
0.487162
0.487715
0.487715
0.488089
0.488116
0.489429
0.489952
0.489999
0.493084
0.493249
0.494577
0.496006
0.496006
0.496925
0.49748
0.498033
0.498107
0.500474
0.501145
0.501411
0.503217
0.503238
0.505057
0.505057
0.505293
0.505347
0.50697
0.50855
0.508915
0.509657
0.509657
0.511454
0.513439
0.513439
0.514492
0.514564
0.515298
0.516896
0.517936
0.519297
0.519297
0.52059
0.520775
0.521406
0.521652
0.525128
0.525993
0.526071
0.529509
0.529739
0.529782
0.531346
0.53156
0.532472
0.532472
0.532804
0.534026
0.534317
0.534752
0.534788
0.535799
0.535799
0.536304
0.541506
0.542349
0.542349
0.542472
0.543895
0.5443
0.545737
0.546193
0.546193
0.547266
0.548799
0.551469
0.551469
0.558245
0.559216
0.559216
0.560777
0.561773
0.564398
0.565351
0.567701
0.56817
0.568818
0.569844
0.569844
0.570056
0.570056
0.570517
0.570742
0.570833
0.571658
0.572078
0.574546
0.575901
0.577014
0.581635
0.584497
0.586952
0.587194
0.588603
0.588603
0.588818
0.591932
0.592287
0.592287
0.592916
0.593169
0.594263
0.594364
0.59649
0.59649
0.599389
0.600301
0.601132
0.601132
0.606471
0.607238
0.611768
0.612697
0.617686
0.617686
0.618345
0.62132
0.62132
0.624715
0.62587
0.62587
0.628098
0.628146
0.628534
0.629266
0.632465
0.637623
0.638102
0.643906
0.646562
0.650593
0.653853
0.656009
0.659082
0.659082
0.662731
0.663603
0.681733
0.682294
0.68737
0.689
0.69465
0.696469
0.696469
0.697773
0.701161
0.714673
0.732509
0.733914
0.735804
0.735804
0.745848
0.749329
0.750953
0.754087
0.757806
0.762502
0.765774
0.773991
0.773991
0.778938
0.791955
0.794885
0.795177
0.803888
0.805748
0.808106
0.811835
0.839198
0.84475
0.871031
0.899732
0.910296
0.942955
0.994882
1.07717
