0.328
0.329
0.329
0.33
0.331
0.333
0.333
0.333
0.335
0.336
0.336
0.338
0.339
0.34
0.341
0.342
0.343
0.344
0.347
0.347
0.348
0.35
0.351
0.352
0.354
0.355
0.355
0.356
0.357
0.357
0.358
0.36
0.361
0.363
0.365
0.365
0.369
0.37
0.372
0.372
0.373
0.375
0.377
0.378
0.379
0.38
0.381
0.382
0.385
0.385
0.385
0.386
0.386
0.393
0.393
0.394
0.397
0.399
0.399
0.399
0.402
0.403
0.403
0.406
0.407
0.41
0.413
0.415
0.416
0.418
0.419
0.419
0.419
0.419
0.421
0.423
0.426
0.428
0.432
0.438
0.439
0.44
0.446
0.451
0.455
0.461
0.462
0.466
0.466
0.469
0.471
0.473
0.476
0.482
0.486
0.493
0.493
0.496
0.496
0.498
0.5
0.503
0.506
0.506
0.508
0.509
0.512
0.513
0.515
0.516
0.518
0.52
0.52
0.522
0.523
0.524
0.526
0.526
0.529
0.53
0.53
0.533
0.534
0.535
0.538
0.54
0.541
0.542
0.544
0.546
0.547
0.549
0.553
0.554
0.556
0.56
0.561
0.564
0.567
0.569
0.572
0.577
0.581
0.583
0.584
0.585
0.593
0.599
0.602
0.606
0.607
0.61
0.614
0.617
0.618
0.623
0.624
0.624
0.625
0.628
0.629
0.631
0.633
0.635
0.635
0.637
0.637
0.637
0.637
0.638
0.639
0.641
0.643
0.644
0.644
0.645
0.65
0.652
0.655
0.657
0.66
0.66
0.662
0.665
0.67
0.674
0.676
0.677
0.678
0.682
0.687
0.692
0.698
0.701
0.706
0.711
0.714
0.714
0.716
0.718
0.719
0.72
0.721
0.723
0.725
0.726
0.727
0.729
0.73
0.732
0.733
0.734
0.736
0.737
0.737
0.74
0.742
0.746
0.746
0.75
0.753
0.754
0.757
0.759
0.76
0.765
0.766
0.768
0.771
0.775
0.778
0.782
0.785
0.791
0.795
0.796
0.798
0.8
0.8
0.803
0.804
0.805
0.808
0.81
0.813
0.814
0.814
0.815
0.817
0.821
0.823
0.825
0.826
0.828
0.829
0.832
0.832
0.832
0.832
0.835
0.835
0.84
0.842
0.845
0.847
0.848
0.849
0.852
0.859
0.863
0.865
0.869
0.871
0.876
0.877
0.878
0.882
0.886
0.889
0.891
0.891
0.891
0.893
0.894
0.898
0.899
0.902
0.902
0.904
0.905
0.91
0.912
0.912
0.915
0.918
0.919
0.919
0.92
0.923
0.926
0.926
0.93
0.934
0.936
0.94
0.942
0.944
0.947
0.956
0.961
0.963
0.964
0.965
0.968
0.971
0.973
0.974
0.974
0.975
0.977
0.979
0.98
0.98
0.981
0.982
0.983
0.984
0.986
0.986
0.989
0.992
0.994
0.995
0.995
0.997
0.999
1
1.002
1.004
1.004
1.005
1.008
1.012
1.016
1.02
1.024
1.025
1.028
1.032
1.034
1.039
1.042
1.045
1.048
1.05
1.053
1.057
1.058
1.06
1.061
1.064
1.065
1.065
1.067
1.068
1.069
1.071
1.076
1.077
1.078
1.08
1.084
1.085
1.086
1.09
1.091
1.094
1.096
1.097
1.102
1.102
1.105
1.107
1.108
1.109
1.111
1.117
1.118
1.119
1.121
1.123
1.125
1.125
1.127
1.132
1.135
1.137
1.141
1.141
1.141
1.142
1.145
1.147
1.15
1.153
1.155
1.156
1.157
1.159
1.164
1.167
1.169
1.173
1.176
1.176
1.177
1.18
1.182
1.184
1.186
1.186
1.187
1.189
1.19
1.192
1.195
1.198
1.199
1.201
1.205
1.205
1.212
1.217
1.22
1.221
1.222
1.222
1.225
1.226
1.226
1.228
1.231
1.234
1.237
1.239
1.243
1.244
1.245
1.246
1.249
1.253
1.257
1.259
1.262
1.263
1.265
1.266
1.268
1.268
1.269
1.272
1.273
1.273
1.277
1.282
1.285
1.289
1.291
1.293
1.297
1.3
1.3
1.3
1.3
1.302
1.303
1.303
1.304
1.307
1.307
1.31
1.312
1.312
1.313
1.314
1.315
1.316
1.316
1.317
1.317
1.319
1.324
1.326
1.327
1.328
1.331
1.334
1.337
1.338
1.342
1.343
1.348
1.352
1.354
1.36
1.361
1.363
1.366
1.371
1.375
1.378
1.381
1.385
1.387
1.393
1.395
1.397
1.398
1.399
1.401
1.402
1.403
1.405
1.405
1.406
1.406
1.407
1.41
1.41
1.41
1.411
1.412
1.414
1.416
1.416
1.416
1.417
1.418
1.418
1.421
1.424
1.427
1.43
1.436
1.439
1.445
1.445
1.449
1.451
1.453
1.454
1.456
1.459
1.459
1.462
1.465
1.467
1.467
1.469
1.472
1.474
1.48
1.481
1.482
1.483
1.484
1.487
1.489
1.489
1.491
1.498
1.504
1.506
1.507
1.511
1.511
1.512
1.515
1.516
1.52
1.527
1.529
1.533
1.536
1.537
1.537
1.538
1.538
1.539
1.54
1.542
1.543
1.544
1.546
1.549
1.55
1.551
1.554
1.555
1.555
1.556
1.559
1.56
1.564
1.567
1.568
1.572
1.574
1.575
1.577
1.582
1.585
1.586
1.587
1.591
1.591
1.593
1.599
1.603
1.604
1.607
1.607
1.611
1.613
1.614
1.616
1.616
1.623
1.626
1.627
1.63
1.632
1.635
1.637
1.638
1.638
1.641
1.643
1.647
1.647
1.651
1.654
1.656
1.66
1.663
1.664
1.666
1.669
1.67
1.673
1.674
1.675
1.675
1.677
1.68
1.684
1.686
1.687
1.69
1.691
1.692
1.695
1.698
1.699
1.7
1.702
1.703
1.706
1.707
1.71
1.711
1.715
1.716
1.717
1.724
1.728
1.731
1.735
1.738
1.738
1.741
1.742
1.743
1.744
1.746
1.75
1.752
1.753
1.755
1.756
1.758
1.76
1.762
1.765
1.769
1.772
1.772
1.774
1.779
1.782
1.786
1.787
1.79
1.791
1.792
1.793
1.795
1.798
1.803
1.803
1.806
1.808
1.811
1.814
1.816
1.82
1.822
1.825
1.825
1.826
1.828
1.829
1.833
1.836
1.838
1.84
1.845
1.847
1.848
1.85
1.851
1.853
1.856
1.858
1.859
1.861
1.866
1.868
1.871
1.875
1.882
1.885
1.889
1.891
1.892
1.892
1.898
1.9
1.902
1.905
1.91
1.912
1.913
1.917
1.92
1.923
1.924
1.925
1.927
1.93
1.93
1.934
1.935
1.939
1.942
1.945
1.949
1.953
1.956
1.962
1.965
1.968
1.972
1.974
1.976
1.976
1.978
1.981
1.984
1.986
1.989
1.989
1.991
1.992
1.998
2
2.005
2.008
2.01
2.012
2.016
2.022
2.023
2.024
2.027
2.03
2.034
2.036
2.04
2.04
2.043
2.045
2.048
2.049
2.053
2.059
2.06
2.065
2.068
2.073
2.075
2.079
2.08
2.081
2.084
2.085
2.088
2.092
2.096
2.101
2.104
2.108
2.109
2.112
2.116
2.117
2.123
2.126
2.127
2.129
2.13
2.136
2.142
2.148
2.149
2.149
2.15
2.153
2.155
2.157
2.158
2.161
2.165
2.165
2.171
2.175
2.18
2.18
2.185
2.19
2.194
2.197
2.2
2.201
2.206
2.21
2.211
2.212
2.216
2.223
2.226
2.229
2.232
2.233
2.239
2.241
2.243
2.248
2.25
2.254
2.256
2.263
2.269
2.272
2.273
2.277
2.279
2.284
2.29
2.293
2.297
2.299
2.303
2.308
2.312
2.318
2.318
2.324
2.33
2.333
2.336
2.34
2.344
2.348
2.353
2.355
2.357
2.361
2.363
2.369
2.372
2.377
2.382
2.387
2.394
2.399
2.402
2.405
2.411
2.418
2.422
2.429
2.431
2.435
2.437
2.441
2.446
2.453
2.456
2.461
2.467
2.472
2.48
2.487
2.496
2.503
2.508
2.516
2.518
2.522
2.525
2.53
2.538
2.54
2.547
2.554
2.563
2.569
2.574
2.583
2.588
2.594
2.599
2.609
2.615
2.625
2.633
2.637
2.643
2.652
2.66
2.666
2.673
2.68
2.687
2.697
2.708
2.715
2.726
2.737
2.746
2.753
2.766
2.776
2.784
2.793
2.804
2.817
2.831
2.839
2.852
2.863
2.877
2.889
2.901
2.913
2.926
2.937
2.949
2.967
2.99
3.005
3.023
3.042
3.056
3.077
3.101
3.121
3.145
3.178
3.205
3.24
3.281
3.326
3.376
3.444
3.506
3.606
3.696
3.872
