0.209418
0.209418
0.244582
0.244582
0.263093
0.263093
0.283339
0.283606
0.295932
0.296139
0.310495
0.310956
0.322052
0.323267
0.334531
0.336014
0.345729
0.346939
0.353871
0.35605
0.364015
0.367054
0.374021
0.376943
0.38479
0.387581
0.396175
0.399746
0.40551
0.409877
0.416258
0.420152
0.424347
0.430037
0.433875
0.441892
0.446808
0.452307
0.456856
0.463562
0.468255
0.475354
0.480651
0.48918
0.494471
0.503073
0.510483
0.522847
0.530251
0.538754
0.546068
0.55627
0.566493
0.57932
0.588005
0.596367
0.605917
0.613966
0.622404
0.63582
0.645798
0.65427
0.665938
0.675155
0.68701
0.697141
0.7061
0.715626
0.724165
0.732261
0.741013
0.75126
0.760369
0.770302
0.778187
0.787969
0.798395
0.808479
0.814687
0.822352
0.829138
0.836451
0.844717
0.853056
0.857771
0.863202
0.869422
0.877382
0.885041
0.892878
0.902103
0.912068
0.920169
0.926826
0.933384
0.941333
0.947998
0.961097
0.96707
0.978025
0.986512
0.996164
1.00425
1.01312
1.01996
1.02926
1.03634
1.04541
1.05325
1.06063
1.071
1.07921
1.08784
1.0961
1.10508
1.1139
1.12272
1.12997
1.14165
1.15309
1.16386
1.17511
1.18506
1.1982
1.21023
1.22903
1.24446
1.26262
1.28759
1.30584
1.33506
1.35145
1.3724
1.39549
1.41781
1.44266
1.47448
1.52148
1.56008
1.61091
1.66621
1.71973
1.77207
1.82953
1.86234
1.88855
1.91438
1.96935
2.0351
2.71031
