0.05
0.14
0.29
0.33
0.47
0.52
0.57
0.63
0.66
0.71
0.75
0.81
0.82
0.82
0.85
0.86
0.86
0.87
0.87
0.87
0.87
0.87
0.87
0.88
0.91
0.94
0.94
0.94
0.96
0.96
0.96
0.96
0.96
0.96
0.97
0.98
0.98
0.99
1.01
1.02
1.06
1.07
1.09
1.14
1.17
1.22
1.31
1.36
1.42
1.46
1.47
1.51
1.54
1.55
1.58
1.6
1.63
1.66
1.68
1.69
1.7
1.72
1.74
1.75
1.76
1.76
1.76
1.76
1.79
1.8
1.81
1.82
1.82
1.82
1.82
1.83
1.83
1.84
1.84
1.85
1.86
1.87
1.88
1.89
1.9
1.92
1.93
1.93
1.95
1.98
1.98
1.98
2.02
2.02
2.04
2.05
2.09
2.12
2.14
2.19
2.19
2.22
2.22
2.23
2.24
2.25
2.26
2.26
2.26
2.26
2.27
2.27
2.27
2.29
2.32
2.35
2.4
2.43
2.47
2.48
2.51
2.55
2.57
2.6
2.66
2.67
2.68
2.71
2.71
2.73
2.74
2.75
2.78
2.84
2.87
2.87
2.88
2.91
2.93
2.96
3.02
3.02
3.03
3.09
3.1
3.13
3.17
3.2
3.21
3.22
3.24
3.26
3.27
3.3
3.32
3.37
3.4
3.44
3.46
3.48
3.5
3.53
3.57
3.57
3.61
3.65
3.73
3.75
3.78
3.88
3.93
3.98
4.01
4.06
4.12
4.17
4.2
4.24
4.3
4.32
4.37
4.39
4.43
4.49
4.53
4.57
4.62
4.65
4.71
4.73
4.76
4.78
4.85
4.9
5
5.11
5.2
5.31
5.38
5.44
5.5
5.55
5.65
5.7
5.75
5.8
5.91
5.96
6.01
6.15
6.3
6.38
6.55
6.58
6.69
6.83
6.99
7.07
7.21
7.34
7.52
7.59
7.71
7.84
7.99
8.13
8.33
8.5
8.72
8.93
9.12
9.27
9.5
9.81
10.03
10.32
10.61
10.95
11.43
11.92
12.29
12.75
13.24
13.77
14.78
15.64
16.68
18.23
27.05
34.71
