0.328
0.328
0.328
0.328
0.328
0.328
0.328
0.328
0.328
0.328
0.328
0.328
0.329
0.33
0.33
0.33
0.33
0.33
0.331
0.332
0.332
0.332
0.332
0.332
0.332
0.334
0.335
0.335
0.336
0.336
0.337
0.337
0.337
0.338
0.339
0.341
0.341
0.341
0.342
0.342
0.342
0.342
0.342
0.343
0.344
0.344
0.344
0.347
0.348
0.349
0.351
0.352
0.353
0.355
0.357
0.358
0.36
0.362
0.366
0.371
0.374
0.376
0.376
0.381
0.386
0.391
0.393
0.397
0.4
0.407
0.411
0.419
0.423
0.43
0.434
0.435
0.44
0.442
0.445
0.449
0.451
0.455
0.456
0.458
0.458
0.461
0.465
0.465
0.465
0.465
0.466
0.467
0.471
0.474
0.476
0.485
0.487
0.492
0.496
0.505
0.508
0.509
0.513
0.517
0.523
0.53
0.535
0.538
0.543
0.55
0.553
0.554
0.559
0.565
0.573
0.574
0.583
0.59
0.596
0.601
0.602
0.604
0.606
0.612
0.617
0.622
0.625
0.631
0.641
0.647
0.655
0.662
0.67
0.678
0.685
0.691
0.698
0.703
0.708
0.711
0.716
0.72
0.731
0.741
0.752
0.754
0.762
0.773
0.776
0.784
0.792
0.798
0.807
0.819
0.822
0.828
0.84
0.845
0.849
0.861
0.869
0.881
0.891
0.898
0.911
0.918
0.926
0.935
0.946
0.949
0.963
0.971
0.982
0.991
0.994
1.005
1.021
1.032
1.043
1.054
1.063
1.074
1.086
1.092
1.101
1.11
1.123
1.134
1.148
1.155
1.163
1.177
1.187
1.194
1.203
1.216
1.231
1.242
1.258
1.28
1.291
1.303
1.323
1.336
1.356
1.365
1.386
1.402
1.42
1.433
1.46
1.479
1.501
1.52
1.547
1.573
1.6
1.625
1.652
1.677
1.703
1.732
1.762
1.805
1.843
1.872
1.911
1.96
2.006
2.053
2.105
2.158
2.214
2.27
2.345
2.399
2.474
2.598
2.707
2.831
2.967
3.107
3.194
3.489
3.835
4.078
4.319
4.598
4.867
5.299
