0.15393
0.15393
0.158369
0.158369
0.164461
0.164461
0.170735
0.17074
0.176555
0.176682
0.183758
0.183989
0.189713
0.189949
0.195548
0.196285
0.201805
0.203609
0.208231
0.210499
0.21509
0.218021
0.220532
0.224221
0.227524
0.231177
0.233566
0.23821
0.239844
0.244952
0.247371
0.25163
0.254535
0.258214
0.260603
0.264555
0.267152
0.271175
0.27373
0.276711
0.279377
0.283983
0.285577
0.28907
0.29161
0.295176
0.297854
0.300784
0.304272
0.306975
0.309715
0.311506
0.313579
0.315428
0.318029
0.320603
0.322499
0.325093
0.327306
0.329957
0.331794
0.334128
0.336691
0.338925
0.340757
0.342507
0.344138
0.346433
0.348761
0.351124
0.352999
0.354964
0.356664
0.359086
0.361483
0.363208
0.366069
0.367602
0.369903
0.371503
0.373884
0.375378
0.377513
0.37929
0.381222
0.383075
0.384901
0.386736
0.38883
0.391079
0.392747
0.394516
0.39651
0.398666
0.400639
0.402967
0.405721
0.407728
0.40967
0.412201
0.413584
0.41525
0.417424
0.419549
0.421144
0.423217
0.42522
0.426893
0.429317
0.431051
0.433169
0.434946
0.436987
0.438997
0.441105
0.442923
0.445299
0.447324
0.448875
0.450816
0.453144
0.454872
0.456637
0.458395
0.460156
0.462366
0.464755
0.466343
0.468785
0.470648
0.473614
0.475483
0.477959
0.480296
0.48332
0.485368
0.487868
0.490839
0.492838
0.495177
0.498419
0.500856
0.504145
0.5066
0.509207
0.511229
0.514223
0.517507
0.520239
0.523463
0.526823
0.529592
0.532406
0.535041
0.538675
0.542281
0.544578
0.547703
0.551212
0.554679
0.558104
0.562
0.564615
0.568462
0.571542
0.575325
0.578605
0.582376
0.585661
0.589006
0.592215
0.595625
0.59887
0.602401
0.606361
0.610568
0.613933
0.618324
0.622316
0.626494
0.629375
0.633135
0.636833
0.639148
0.642844
0.645771
0.648802
0.651321
0.654463
0.65785
0.66146
0.664077
0.666556
0.66963
0.67249
0.675729
0.679019
0.683136
0.687449
0.69159
0.695143
0.699127
0.703262
0.707098
0.711216
0.714571
0.718717
0.722243
0.724731
0.728162
0.731539
0.735223
0.738372
0.742798
0.747314
0.751125
0.75518
0.758849
0.76206
0.76615
0.770097
0.774048
0.779086
0.782777
0.78721
0.79074
0.795241
0.799809
0.80306
0.806652
0.811287
0.814841
0.81894
0.823527
0.828364
0.833053
0.837327
0.841243
0.845614
0.848967
0.853749
0.85808
0.863159
0.867676
0.873495
0.878839
0.883902
0.890055
0.895228
0.900587
0.90619
0.910701
0.91706
0.922307
0.928201
0.933877
0.939428
0.9457
0.951357
0.956717
0.961608
0.968187
0.97455
0.980578
0.986336
0.991149
0.997378
1.00508
1.01245
1.02001
1.02848
1.03632
1.04421
1.05201
1.06203
1.07192
1.0868
1.10204
1.11793
1.1361
1.15258
1.17141
1.19162
1.20883
1.22454
1.25026
1.2679
1.29308
1.32141
1.34739
1.37236
1.39416
1.42546
1.45674
1.49292
1.52229
1.56599
1.60989
1.68279
1.7331
