0.15381
0.15381
0.154934
0.154934
0.158085
0.158085
0.175707
0.175707
0.176744
0.176744
0.186557
0.186557
0.190759
0.190759
0.195911
0.195911
0.197987
0.197987
0.213955
0.213955
0.215942
0.215942
0.216045
0.216045
0.220323
0.220323
0.220422
0.220422
0.224769
0.224769
0.229861
0.229861
0.232411
0.232411
0.237463
0.237463
0.238688
0.238688
0.238918
0.238918
0.239641
0.259539
0.259539
0.260827
0.265232
0.265232
0.265568
0.265568
0.272263
0.272263
0.275534
0.278519
0.278519
0.280482
0.280482
0.285542
0.285542
0.29347
0.29347
0.300738
0.300738
0.300941
0.300941
0.304097
0.304097
0.304991
0.320774
0.320774
0.320849
0.320849
0.321791
0.324915
0.324915
0.32608
0.32608
0.333716
0.333716
0.338094
0.33971
0.33971
0.354028
0.367866
0.367866
0.36807
0.36807
0.376016
0.376016
0.377724
0.377724
0.377785
0.377785
0.385537
0.385537
0.385886
0.38917
0.38917
0.389499
0.389499
0.399585
0.399585
0.40022
0.402345
0.402345
0.40296
0.40296
0.402965
0.402965
0.405066
0.405066
0.407318
0.407318
0.408709
0.408709
0.410973
0.411088
0.411088
0.411135
0.414258
0.414258
0.415354
0.415354
0.416858
0.419196
0.422105
0.422105
0.422928
0.426078
0.430972
0.433173
0.43413
0.436168
0.458038
0.458038
0.462006
0.462844
0.463268
0.470103
0.472904
0.47407
0.477359
0.479083
0.479788
0.483013
0.483013
0.486984
0.486984
0.492308
0.492308
0.493447
0.495873
0.495873
0.498192
0.498192
0.498508
0.501375
0.501896
0.501896
0.503744
0.503968
0.504434
0.504434
0.504777
0.50758
0.50758
0.508671
0.508671
0.512288
0.513638
0.515991
0.515991
0.516882
0.516882
0.533242
0.53379
0.54075
0.543227
0.545279
0.545279
0.545999
0.545999
0.55047
0.55047
0.555812
0.564684
0.564684
0.578908
0.578908
0.580607
0.584126
0.584126
0.590526
0.590526
0.597737
0.597737
0.597754
0.599982
0.602169
0.602216
0.603972
0.603972
0.609716
0.613302
0.613302
0.617343
0.617659
0.617884
0.617884
0.618501
0.620835
0.620835
0.623278
0.623461
0.623476
0.625343
0.637033
0.637033
0.639222
0.647124
0.650729
0.654088
0.654088
0.654762
0.656862
0.660457
0.660457
0.66415
0.66415
0.672558
0.676123
0.676123
0.679263
0.679263
0.68125
0.697794
0.700365
0.700365
0.702816
0.703464
0.703464
0.710382
0.711977
0.713307
0.713307
0.720312
0.720312
0.725474
0.726995
0.728407
0.73059
0.73059
0.733515
0.734629
0.740683
0.740683
0.745433
0.745433
0.7464
0.746999
0.749057
0.750469
0.750469
0.757065
0.758999
0.766429
0.769179
0.769215
0.770369
0.778574
0.780104
0.782128
0.783051
0.785818
0.785818
0.787291
0.787291
0.792589
0.793612
0.795449
0.795449
0.800328
0.803181
0.804073
0.804073
0.810279
0.810279
0.818474
0.821433
0.823361
0.823361
0.829562
0.830042
0.830979
0.830979
0.832919
0.83302
0.833579
0.834411
0.838083
0.843208
0.853917
0.865949
0.868663
0.875602
0.882051
0.896231
0.896231
0.901125
0.922706
0.925936
0.935503
0.935503
0.93817
0.942604
0.946597
0.948405
0.956129
0.975103
0.979236
0.998805
1.00567
1.01428
1.01428
1.01712
1.02304
1.03184
1.04125
1.0421
1.06296
1.06886
1.09357
1.09487
1.09487
1.10367
1.10475
1.14334
1.16948
1.1744
1.19815
1.20855
1.21299
1.2274
1.24734
1.24804
1.30511
1.30511
1.41826
1.4345
1.62821
1.83869
2.04644
