0.328
0.328
0.328
0.328
0.328
0.328
0.328
0.328
0.328
0.328
0.328
0.328
0.328
0.328
0.329
0.33
0.33
0.33
0.33
0.33
0.331
0.332
0.332
0.332
0.332
0.332
0.332
0.333
0.334
0.334
0.334
0.336
0.337
0.338
0.339
0.341
0.346
0.349
0.353
0.355
0.356
0.36
0.362
0.363
0.366
0.367
0.367
0.369
0.371
0.372
0.374
0.376
0.376
0.379
0.38
0.384
0.386
0.396
0.4
0.402
0.409
0.412
0.418
0.422
0.425
0.427
0.432
0.436
0.441
0.446
0.448
0.45
0.455
0.459
0.468
0.475
0.478
0.481
0.484
0.487
0.49
0.492
0.494
0.495
0.498
0.504
0.51
0.514
0.518
0.52
0.523
0.529
0.53
0.533
0.539
0.543
0.549
0.553
0.558
0.566
0.57
0.572
0.576
0.58
0.587
0.588
0.593
0.598
0.607
0.617
0.618
0.625
0.631
0.633
0.637
0.639
0.647
0.65
0.658
0.666
0.672
0.677
0.679
0.684
0.69
0.694
0.698
0.703
0.712
0.718
0.722
0.729
0.733
0.737
0.741
0.75
0.754
0.757
0.766
0.769
0.78
0.785
0.787
0.797
0.802
0.808
0.815
0.82
0.826
0.829
0.839
0.846
0.851
0.853
0.859
0.861
0.865
0.873
0.88
0.885
0.891
0.901
0.907
0.918
0.921
0.927
0.937
0.944
0.948
0.95
0.956
0.96
0.965
0.968
0.972
0.98
0.985
0.992
0.999
1.006
1.014
1.023
1.033
1.037
1.044
1.053
1.059
1.065
1.069
1.075
1.082
1.089
1.094
1.1
1.11
1.115
1.121
1.129
1.138
1.146
1.151
1.16
1.172
1.179
1.184
1.188
1.2
1.202
1.207
1.217
1.228
1.241
1.251
1.259
1.263
1.27
1.278
1.285
1.295
1.307
1.314
1.325
1.335
1.344
1.35
1.364
1.372
1.379
1.392
1.41
1.416
1.427
1.434
1.442
1.459
1.472
1.495
1.502
1.516
1.531
1.546
1.562
1.575
1.587
1.607
1.623
1.646
1.659
1.677
1.694
1.711
1.732
1.747
1.769
1.793
1.808
1.832
1.848
1.875
1.89
1.912
1.931
1.958
1.982
2.009
2.033
2.056
2.081
2.111
2.137
2.168
2.195
2.221
2.25
2.286
2.308
2.341
2.368
2.403
2.447
2.479
2.513
2.563
2.631
2.687
2.748
2.84
2.918
2.999
3.109
3.213
3.461
3.833
3.911
4.016
4.13
4.199
4.445
5.015
5.287
