0.153015
0.153015
0.153482
0.153482
0.161584
0.161584
0.161854
0.161854
0.166342
0.166342
0.187368
0.187368
0.190326
0.190326
0.192588
0.192588
0.198586
0.198586
0.199118
0.199118
0.209568
0.209568
0.222347
0.222347
0.233877
0.233877
0.235377
0.235904
0.235904
0.239014
0.239014
0.255837
0.255837
0.261849
0.261849
0.265195
0.265195
0.279111
0.279111
0.286378
0.286378
0.29361
0.293715
0.293715
0.298328
0.298328
0.316462
0.316462
0.323512
0.330549
0.330549
0.333292
0.333292
0.333299
0.335458
0.335458
0.336112
0.336112
0.33657
0.339657
0.339657
0.341062
0.341062
0.343436
0.343436
0.34774
0.352911
0.352911
0.356218
0.356218
0.358373
0.358373
0.358505
0.358505
0.360521
0.360521
0.361248
0.361248
0.362243
0.362243
0.364555
0.364555
0.373343
0.384417
0.384417
0.385556
0.39133
0.392141
0.392141
0.392731
0.396053
0.396053
0.398849
0.398849
0.39994
0.39994
0.405348
0.405348
0.41147
0.41147
0.412009
0.412009
0.414123
0.414123
0.422049
0.422049
0.423983
0.423983
0.430825
0.434465
0.434465
0.435059
0.438596
0.441171
0.445919
0.445919
0.447686
0.449628
0.449628
0.4523
0.45982
0.461994
0.461994
0.463765
0.463765
0.46784
0.469855
0.469855
0.472429
0.478801
0.491059
0.491059
0.491414
0.491414
0.491896
0.491896
0.492707
0.494025
0.494025
0.499932
0.503707
0.503707
0.511692
0.512134
0.512134
0.512342
0.512342
0.516321
0.520265
0.520265
0.532551
0.532551
0.542474
0.542474
0.546357
0.546357
0.551001
0.551001
0.565194
0.568089
0.571967
0.571967
0.576362
0.590808
0.590808
0.599966
0.602565
0.60307
0.605108
0.608182
0.608182
0.611264
0.617401
0.617401
0.62335
0.62523
0.628771
0.628771
0.637018
0.643435
0.643435
0.651738
0.651738
0.653405
0.653405
0.658048
0.658048
0.665179
0.668831
0.673016
0.673016
0.676122
0.680547
0.684307
0.684307
0.688719
0.691024
0.694117
0.694117
0.694304
0.696624
0.696624
0.701316
0.701316
0.707123
0.711795
0.727406
0.729919
0.734959
0.734959
0.737194
0.740325
0.740471
0.740471
0.745861
0.745861
0.747769
0.747902
0.74914
0.751265
0.757131
0.766803
0.767372
0.770234
0.775378
0.778173
0.778173
0.780731
0.784432
0.784432
0.786658
0.793364
0.805451
0.805909
0.805909
0.805933
0.815059
0.824799
0.835642
0.836395
0.837751
0.840989
0.843283
0.849197
0.84931
0.85123
0.859058
0.86586
0.86738
0.867954
0.883268
0.894968
0.894968
0.895365
0.897859
0.899833
0.910106
0.911576
0.911576
0.918539
0.929394
0.945269
0.950382
0.968647
0.969004
0.996164
1.00443
1.00797
1.00997
1.01243
1.02048
1.02601
1.02601
1.03634
1.03722
1.05352
1.05365
1.05701
1.09561
1.09748
1.10602
1.14611
1.20511
1.20511
1.21742
1.21862
1.22178
1.2324
1.23305
1.23754
1.2836
1.33773
1.42875
1.45689
1.54665
1.58
1.64332
1.68638
1.78637
1.8301
