0.151561
0.151561
0.153901
0.153901
0.156318
0.156391
0.159208
0.159357
0.16261
0.162805
0.166817
0.167632
0.171241
0.171743
0.175662
0.176908
0.179688
0.181182
0.184884
0.185903
0.188849
0.190211
0.192597
0.193782
0.195831
0.197176
0.199823
0.201974
0.203854
0.206247
0.207727
0.21015
0.211581
0.214187
0.21567
0.217659
0.218695
0.22082
0.222107
0.22419
0.225094
0.227662
0.228729
0.23121
0.232392
0.234768
0.236363
0.238678
0.24008
0.241951
0.243171
0.245387
0.246592
0.248229
0.249976
0.25154
0.252732
0.254139
0.255877
0.257676
0.25904
0.260412
0.262323
0.263623
0.265316
0.266559
0.268021
0.269655
0.270816
0.27223
0.273474
0.274696
0.276475
0.278316
0.279794
0.281148
0.282383
0.283612
0.285019
0.286335
0.288208
0.289417
0.290884
0.292087
0.293608
0.294992
0.296467
0.297843
0.299468
0.30102
0.302295
0.303682
0.305052
0.306436
0.307897
0.309099
0.310458
0.311847
0.313124
0.314235
0.31559
0.316856
0.318075
0.319403
0.320409
0.321876
0.322905
0.323986
0.325035
0.326405
0.327692
0.328752
0.329972
0.330717
0.33185
0.332878
0.334052
0.334933
0.336079
0.336831
0.337889
0.338816
0.340104
0.340942
0.342277
0.343211
0.344162
0.34517
0.346309
0.347354
0.348426
0.349611
0.350618
0.35187
0.352914
0.353857
0.354833
0.355745
0.356916
0.358062
0.359188
0.360149
0.361311
0.362113
0.362785
0.363775
0.364894
0.36587
0.366944
0.367752
0.368787
0.369863
0.371161
0.372308
0.373285
0.374268
0.375513
0.376652
0.377687
0.378636
0.37974
0.380943
0.381847
0.382959
0.384015
0.384991
0.386005
0.387125
0.38807
0.389046
0.389754
0.390971
0.391968
0.393032
0.394106
0.395004
0.395784
0.396872
0.397684
0.398906
0.399971
0.401225
0.402053
0.402971
0.40407
0.405253
0.406167
0.407343
0.408431
0.409332
0.410167
0.411067
0.412083
0.41319
0.414234
0.415039
0.415854
0.41681
0.417925
0.418995
0.420114
0.421035
0.422005
0.423091
0.42414
0.425083
0.426143
0.427019
0.428217
0.429412
0.430574
0.431705
0.432463
0.433593
0.434618
0.43549
0.436523
0.437826
0.438822
0.44023
0.441391
0.442622
0.443731
0.445059
0.446206
0.447491
0.448501
0.449535
0.450988
0.452214
0.453423
0.454541
0.455517
0.457033
0.458212
0.459623
0.460846
0.461859
0.463202
0.464886
0.466103
0.467202
0.4684
0.469716
0.471217
0.472268
0.473292
0.474692
0.475828
0.476789
0.477984
0.479162
0.480501
0.481618
0.483088
0.484216
0.485413
0.486655
0.487727
0.488988
0.489995
0.491245
0.492427
0.493497
0.49452
0.495669
0.497064
0.498206
0.49946
0.500437
0.501762
0.502845
0.503929
0.50527
0.50633
0.507833
0.509254
0.510387
0.511727
0.513266
0.514859
0.516031
0.517644
0.519159
0.520511
0.522126
0.523581
0.524976
0.526627
0.528413
0.530119
0.531656
0.533609
0.53531
0.536916
0.539233
0.54124
0.54282
0.544874
0.546379
0.548352
0.549766
0.55168
0.553781
0.555534
0.556821
0.558625
0.560285
0.562034
0.563409
0.565034
0.566942
0.568527
0.570182
0.571847
0.573733
0.575481
0.577437
0.579261
0.580772
0.583162
0.585019
0.586446
0.588432
0.590479
0.59272
0.594552
0.59685
0.598966
0.601003
0.602981
0.604884
0.606828
0.608397
0.609518
0.611617
0.613902
0.616005
0.617989
0.620067
0.621965
0.62388
0.62582
0.627923
0.630254
0.632349
0.634549
0.636631
0.638721
0.640948
0.643277
0.645252
0.647511
0.649928
0.652494
0.655032
0.657369
0.660081
0.66261
0.665229
0.667708
0.669905
0.672412
0.674911
0.677736
0.680583
0.683356
0.686446
0.689507
0.692536
0.695993
0.699119
0.702675
0.706459
0.709647
0.713384
0.716905
0.720514
0.723843
0.727212
0.730352
0.734606
0.737847
0.741534
0.744698
0.749614
0.753963
0.758077
0.762769
0.767461
0.771435
0.775431
0.779617
0.784232
0.788404
0.792821
0.796925
0.802085
0.806828
0.81125
0.815612
0.819914
0.82435
0.82911
0.833462
0.837444
0.84212
0.847803
0.852174
0.857707
0.862105
0.867418
0.872452
0.87711
0.882161
0.886939
0.89408
0.899269
0.904737
0.91111
0.917337
0.924022
0.930123
0.93578
0.941654
0.948611
0.955734
0.964305
0.972844
0.982041
0.991312
0.999742
1.00989
1.01929
1.03266
1.04633
1.05818
1.06705
1.07738
1.08682
1.10104
1.12114
1.14796
1.19242
1.23846
1.27702
1.31643
1.37423
1.58619
1.74394
