0.328
0.328
0.328
0.328
0.328
0.328
0.328
0.328
0.328
0.328
0.328
0.328
0.328
0.328
0.329
0.33
0.33
0.331
0.331
0.332
0.332
0.332
0.332
0.333
0.333
0.333
0.334
0.334
0.335
0.336
0.336
0.336
0.337
0.337
0.337
0.338
0.338
0.34
0.342
0.342
0.344
0.345
0.345
0.345
0.345
0.345
0.345
0.347
0.347
0.347
0.347
0.349
0.35
0.352
0.353
0.353
0.354
0.355
0.355
0.36
0.363
0.364
0.365
0.367
0.368
0.368
0.37
0.371
0.371
0.372
0.373
0.377
0.382
0.386
0.39
0.391
0.397
0.4
0.403
0.404
0.406
0.409
0.414
0.419
0.426
0.43
0.436
0.44
0.445
0.446
0.447
0.449
0.452
0.454
0.454
0.455
0.455
0.455
0.458
0.462
0.463
0.464
0.464
0.466
0.466
0.467
0.467
0.469
0.471
0.474
0.476
0.483
0.485
0.489
0.495
0.497
0.5
0.506
0.511
0.515
0.519
0.523
0.526
0.527
0.531
0.536
0.536
0.538
0.538
0.54
0.542
0.546
0.554
0.559
0.566
0.566
0.567
0.57
0.574
0.578
0.58
0.584
0.589
0.592
0.599
0.603
0.605
0.61
0.612
0.614
0.615
0.617
0.622
0.624
0.63
0.632
0.635
0.642
0.649
0.657
0.658
0.661
0.667
0.67
0.676
0.682
0.684
0.688
0.692
0.694
0.701
0.704
0.709
0.711
0.714
0.718
0.724
0.725
0.73
0.731
0.735
0.738
0.741
0.748
0.752
0.76
0.763
0.766
0.775
0.78
0.791
0.795
0.796
0.8
0.806
0.809
0.813
0.816
0.822
0.826
0.827
0.831
0.834
0.837
0.838
0.843
0.847
0.851
0.858
0.869
0.878
0.882
0.886
0.889
0.895
0.899
0.903
0.91
0.911
0.915
0.917
0.923
0.927
0.929
0.933
0.942
0.947
0.949
0.952
0.959
0.965
0.972
0.982
0.984
0.99
0.991
0.993
1.004
1.006
1.009
1.014
1.02
1.024
1.031
1.036
1.04
1.046
1.054
1.063
1.068
1.076
1.084
1.092
1.096
1.101
1.103
1.104
1.108
1.109
1.112
1.115
1.12
1.129
1.138
1.147
1.152
1.157
1.164
1.17
1.174
1.179
1.182
1.184
1.189
1.196
1.202
1.208
1.211
1.221
1.229
1.235
1.239
1.245
1.253
1.256
1.258
1.266
1.271
1.278
1.282
1.289
1.297
1.304
1.309
1.315
1.32
1.33
1.336
1.339
1.342
1.345
1.35
1.355
1.364
1.369
1.378
1.389
1.4
1.406
1.415
1.422
1.428
1.433
1.437
1.444
1.451
1.465
1.471
1.479
1.488
1.497
1.504
1.508
1.511
1.517
1.525
1.533
1.541
1.551
1.562
1.57
1.581
1.586
1.593
1.601
1.61
1.622
1.628
1.636
1.645
1.653
1.658
1.666
1.676
1.687
1.7
1.709
1.717
1.729
1.735
1.741
1.754
1.769
1.78
1.79
1.801
1.811
1.818
1.831
1.844
1.854
1.864
1.878
1.887
1.893
1.908
1.915
1.933
1.947
1.962
1.975
1.989
2.005
2.026
2.044
2.064
2.082
2.105
2.127
2.158
2.184
2.218
2.251
2.283
2.32
2.359
2.419
2.48
2.562
2.618
2.703
2.79
2.87
2.951
3.101
3.28
3.439
3.643
4.016
4.865
