0.328
0.328
0.328
0.328
0.328
0.328
0.328
0.328
0.328
0.328
0.328
0.329
0.329
0.329
0.329
0.33
0.331
0.331
0.332
0.332
0.333
0.333
0.333
0.333
0.334
0.334
0.336
0.336
0.336
0.336
0.336
0.337
0.337
0.337
0.341
0.341
0.341
0.342
0.342
0.343
0.343
0.343
0.343
0.345
0.346
0.348
0.351
0.354
0.354
0.36
0.364
0.368
0.37
0.372
0.376
0.38
0.382
0.385
0.39
0.391
0.395
0.398
0.4
0.402
0.405
0.408
0.413
0.415
0.416
0.419
0.421
0.422
0.426
0.427
0.428
0.432
0.434
0.435
0.439
0.442
0.446
0.451
0.455
0.46
0.465
0.47
0.476
0.48
0.484
0.489
0.492
0.495
0.497
0.497
0.499
0.5
0.503
0.503
0.505
0.507
0.508
0.509
0.512
0.514
0.516
0.521
0.527
0.53
0.535
0.542
0.547
0.553
0.554
0.559
0.564
0.57
0.572
0.575
0.577
0.579
0.583
0.588
0.59
0.595
0.597
0.599
0.603
0.607
0.61
0.613
0.618
0.622
0.629
0.629
0.631
0.638
0.643
0.645
0.651
0.654
0.656
0.661
0.662
0.666
0.672
0.673
0.675
0.68
0.685
0.688
0.692
0.695
0.701
0.711
0.715
0.722
0.728
0.731
0.733
0.735
0.735
0.739
0.74
0.744
0.744
0.746
0.748
0.754
0.759
0.766
0.776
0.785
0.791
0.796
0.803
0.808
0.809
0.811
0.813
0.815
0.818
0.82
0.824
0.828
0.828
0.831
0.836
0.838
0.84
0.848
0.854
0.859
0.867
0.874
0.876
0.882
0.886
0.887
0.889
0.889
0.893
0.899
0.905
0.907
0.91
0.914
0.915
0.918
0.925
0.928
0.931
0.939
0.944
0.95
0.952
0.955
0.96
0.965
0.966
0.97
0.976
0.983
0.99
0.992
0.994
1.001
1.008
1.009
1.015
1.019
1.022
1.029
1.033
1.036
1.038
1.044
1.046
1.048
1.051
1.057
1.06
1.063
1.067
1.072
1.072
1.073
1.079
1.085
1.086
1.088
1.094
1.103
1.112
1.121
1.123
1.125
1.127
1.13
1.136
1.14
1.146
1.152
1.154
1.156
1.16
1.161
1.163
1.167
1.17
1.171
1.175
1.181
1.187
1.195
1.2
1.204
1.209
1.216
1.22
1.233
1.235
1.242
1.245
1.251
1.253
1.257
1.261
1.263
1.263
1.266
1.27
1.273
1.274
1.279
1.284
1.287
1.293
1.298
1.307
1.308
1.311
1.318
1.324
1.327
1.329
1.337
1.34
1.345
1.348
1.356
1.363
1.365
1.367
1.375
1.38
1.383
1.386
1.393
1.396
1.401
1.404
1.412
1.415
1.42
1.422
1.428
1.433
1.434
1.441
1.447
1.454
1.46
1.468
1.473
1.475
1.482
1.49
1.493
1.496
1.503
1.506
1.51
1.516
1.521
1.525
1.531
1.534
1.538
1.539
1.544
1.556
1.563
1.57
1.574
1.577
1.584
1.59
1.594
1.597
1.598
1.602
1.605
1.611
1.618
1.623
1.629
1.635
1.639
1.641
1.644
1.648
1.655
1.66
1.667
1.678
1.682
1.694
1.696
1.704
1.709
1.712
1.717
1.72
1.722
1.725
1.728
1.735
1.739
1.742
1.748
1.756
1.765
1.772
1.778
1.784
1.786
1.791
1.792
1.798
1.802
1.807
1.813
1.821
1.826
1.831
1.836
1.842
1.846
1.854
1.861
1.867
1.872
1.878
1.887
1.893
1.9
1.906
1.911
1.919
1.925
1.929
1.932
1.941
1.943
1.954
1.964
1.971
1.977
1.986
1.992
2.004
2.01
2.015
2.021
2.032
2.042
2.052
2.066
2.072
2.081
2.089
2.097
2.105
2.115
2.125
2.136
2.146
2.16
2.168
2.173
2.185
2.195
2.21
2.222
2.234
2.244
2.253
2.265
2.275
2.282
2.291
2.309
2.331
2.345
2.359
2.373
2.382
2.398
2.413
2.428
2.442
2.46
2.474
2.493
2.52
2.536
2.553
2.571
2.587
2.612
2.626
2.64
2.664
2.693
2.717
2.752
2.774
2.805
2.841
2.888
2.95
2.996
3.098
3.197
3.437
3.701
3.975
4.558
4.834
5.019
