0.151142
0.151142
0.153392
0.153392
0.155942
0.155942
0.158367
0.158439
0.161504
0.161587
0.164806
0.165172
0.167875
0.168147
0.170838
0.171423
0.173636
0.174196
0.176722
0.177573
0.179451
0.180105
0.182089
0.183008
0.184867
0.185816
0.187611
0.188661
0.190685
0.19197
0.19364
0.194546
0.195982
0.197285
0.198791
0.199868
0.201351
0.202424
0.20414
0.205258
0.207109
0.208549
0.210138
0.211541
0.213278
0.214611
0.216286
0.217521
0.218931
0.220309
0.221631
0.22293
0.224
0.225628
0.226901
0.228299
0.229718
0.231019
0.232143
0.23322
0.234313
0.235778
0.237206
0.23846
0.23961
0.240952
0.242166
0.243677
0.244814
0.245911
0.247148
0.24825
0.249596
0.251121
0.252212
0.253813
0.254856
0.256378
0.257224
0.258648
0.259572
0.260835
0.261839
0.263457
0.264752
0.265882
0.26691
0.268345
0.269434
0.270371
0.271461
0.272519
0.273558
0.274791
0.275959
0.277516
0.278378
0.279597
0.280491
0.281528
0.282501
0.283792
0.284805
0.286003
0.287119
0.288019
0.289246
0.290193
0.291319
0.292533
0.293734
0.295189
0.296134
0.297328
0.298056
0.299269
0.300306
0.301433
0.302744
0.303985
0.305147
0.306036
0.307112
0.308178
0.309177
0.310256
0.31147
0.312495
0.313351
0.314406
0.315437
0.316474
0.317512
0.318481
0.319463
0.320492
0.321603
0.322568
0.323483
0.32455
0.325918
0.327086
0.32812
0.328961
0.329861
0.33101
0.331895
0.3331
0.334152
0.33533
0.336387
0.337286
0.338036
0.339236
0.340361
0.341514
0.342467
0.343193
0.34424
0.345356
0.346223
0.347203
0.348221
0.349414
0.350552
0.351694
0.352428
0.35351
0.354526
0.35543
0.356459
0.357535
0.358362
0.359122
0.360164
0.36119
0.361811
0.362764
0.363857
0.364702
0.365679
0.366635
0.367382
0.368531
0.369426
0.370216
0.370984
0.371844
0.372699
0.373676
0.374603
0.375482
0.376453
0.377187
0.378359
0.379022
0.379872
0.38081
0.381778
0.382752
0.383868
0.384753
0.386
0.386944
0.38801
0.389031
0.390178
0.391081
0.392077
0.392908
0.393776
0.394675
0.395653
0.396658
0.397505
0.3984
0.399227
0.399746
0.400824
0.401451
0.402419
0.403251
0.404004
0.405021
0.406129
0.406889
0.407882
0.408811
0.409794
0.410649
0.41166
0.412464
0.413222
0.414088
0.415
0.415874
0.416703
0.417687
0.418838
0.419545
0.420614
0.421457
0.422704
0.423609
0.424638
0.425365
0.426277
0.427109
0.428029
0.42878
0.429507
0.43041
0.43121
0.432018
0.432974
0.433871
0.43479
0.435966
0.436866
0.43771
0.438703
0.439407
0.44047
0.441389
0.442495
0.443337
0.444355
0.44545
0.446543
0.447584
0.448547
0.44939
0.450526
0.451386
0.452369
0.453373
0.454464
0.455259
0.456402
0.457296
0.458394
0.459284
0.460319
0.46119
0.462269
0.463106
0.464341
0.465269
0.466058
0.466958
0.467769
0.468931
0.469952
0.471047
0.472215
0.473122
0.474153
0.47507
0.476281
0.477436
0.478308
0.479297
0.480279
0.481232
0.482251
0.483076
0.483939
0.484748
0.485834
0.486913
0.487785
0.488905
0.489923
0.490667
0.491846
0.493042
0.494214
0.495285
0.496332
0.497569
0.498522
0.499635
0.500839
0.502026
0.503224
0.504147
0.505354
0.506392
0.507386
0.508854
0.510029
0.511299
0.512408
0.51353
0.514869
0.516041
0.517317
0.518348
0.519536
0.520729
0.521944
0.523119
0.524128
0.525356
0.526661
0.527933
0.52919
0.530592
0.531678
0.532887
0.534313
0.535307
0.536746
0.538025
0.53952
0.540983
0.542771
0.54401
0.545641
0.547052
0.548444
0.549791
0.551538
0.553491
0.555092
0.55693
0.558441
0.560085
0.561548
0.563235
0.564862
0.566647
0.568213
0.570119
0.571702
0.573225
0.575221
0.577018
0.578564
0.580261
0.582002
0.584106
0.585778
0.58737
0.589158
0.591125
0.592806
0.594614
0.596572
0.598351
0.600061
0.601633
0.603808
0.605916
0.608163
0.610733
0.613079
0.615175
0.617288
0.619379
0.62137
0.623363
0.625234
0.627081
0.629429
0.63158
0.633451
0.635525
0.637813
0.639424
0.64156
0.643543
0.64586
0.648059
0.650386
0.652756
0.65555
0.657747
0.659617
0.662294
0.664668
0.666772
0.66961
0.672467
0.675791
0.678819
0.681723
0.684786
0.687943
0.691242
0.695117
0.698904
0.702133
0.705536
0.708988
0.712863
0.71603
0.720752
0.723969
0.727898
0.73155
0.734501
0.738277
0.741849
0.746475
0.750435
0.755574
0.759342
0.763516
0.76769
0.771986
0.775823
0.780085
0.784028
0.787783
0.791081
0.795603
0.80025
0.805998
0.811104
0.816082
0.820762
0.826276
0.833245
0.837929
0.844959
0.852299
0.858606
0.865856
0.872789
0.878332
0.885254
0.891748
0.900046
0.90677
0.914536
0.923107
0.931877
0.941502
0.951649
0.960087
0.968622
0.977044
0.987178
0.997176
1.0088
1.02201
1.03653
1.05177
1.06636
1.08178
1.09477
1.1082
1.1309
1.15974
1.1853
1.24851
1.34201
1.48372
1.6487
