0.328
0.328
0.329
0.329
0.33
0.331
0.331
0.331
0.333
0.333
0.334
0.334
0.336
0.336
0.336
0.336
0.337
0.337
0.337
0.338
0.34
0.34
0.341
0.341
0.342
0.343
0.343
0.344
0.345
0.347
0.348
0.349
0.35
0.352
0.355
0.36
0.366
0.369
0.375
0.382
0.385
0.391
0.399
0.404
0.41
0.419
0.426
0.426
0.427
0.429
0.431
0.434
0.439
0.443
0.443
0.446
0.447
0.449
0.452
0.453
0.455
0.462
0.465
0.472
0.474
0.478
0.487
0.492
0.496
0.505
0.508
0.51
0.513
0.518
0.527
0.531
0.534
0.537
0.539
0.542
0.545
0.546
0.552
0.558
0.564
0.568
0.577
0.58
0.585
0.593
0.596
0.603
0.605
0.609
0.61
0.613
0.619
0.623
0.628
0.633
0.636
0.64
0.647
0.649
0.655
0.661
0.663
0.668
0.675
0.68
0.682
0.687
0.69
0.692
0.693
0.697
0.703
0.705
0.71
0.715
0.721
0.723
0.727
0.73
0.735
0.74
0.742
0.749
0.752
0.756
0.761
0.766
0.771
0.778
0.78
0.783
0.788
0.791
0.797
0.801
0.806
0.81
0.813
0.82
0.823
0.824
0.83
0.833
0.835
0.838
0.842
0.845
0.849
0.856
0.856
0.858
0.863
0.863
0.868
0.883
0.888
0.894
0.901
0.906
0.909
0.912
0.915
0.917
0.918
0.924
0.929
0.932
0.935
0.938
0.94
0.943
0.946
0.951
0.954
0.96
0.969
0.975
0.978
0.98
0.983
0.985
0.988
0.991
0.994
0.996
0.998
1.001
1.004
1.006
1.008
1.02
1.027
1.031
1.033
1.035
1.045
1.05
1.055
1.065
1.069
1.07
1.074
1.079
1.081
1.082
1.086
1.088
1.093
1.099
1.101
1.102
1.105
1.106
1.109
1.115
1.12
1.124
1.127
1.133
1.14
1.147
1.153
1.162
1.164
1.167
1.168
1.169
1.171
1.173
1.177
1.178
1.179
1.184
1.186
1.187
1.19
1.196
1.2
1.203
1.206
1.213
1.219
1.224
1.226
1.23
1.232
1.237
1.239
1.243
1.246
1.251
1.252
1.255
1.259
1.26
1.261
1.265
1.266
1.27
1.275
1.279
1.282
1.287
1.288
1.294
1.299
1.301
1.304
1.309
1.313
1.318
1.321
1.325
1.328
1.328
1.331
1.333
1.337
1.338
1.341
1.343
1.346
1.352
1.355
1.357
1.36
1.361
1.368
1.37
1.374
1.379
1.385
1.392
1.394
1.398
1.402
1.407
1.409
1.414
1.415
1.418
1.419
1.423
1.427
1.43
1.431
1.433
1.434
1.442
1.448
1.451
1.459
1.461
1.464
1.466
1.474
1.475
1.48
1.481
1.483
1.486
1.489
1.491
1.495
1.496
1.5
1.502
1.507
1.513
1.514
1.515
1.516
1.52
1.523
1.526
1.53
1.536
1.538
1.541
1.545
1.547
1.551
1.553
1.559
1.568
1.57
1.573
1.576
1.58
1.581
1.582
1.583
1.586
1.59
1.595
1.597
1.599
1.602
1.603
1.606
1.607
1.609
1.613
1.614
1.618
1.623
1.626
1.63
1.633
1.639
1.646
1.648
1.651
1.654
1.658
1.659
1.662
1.663
1.667
1.67
1.672
1.678
1.683
1.684
1.688
1.688
1.692
1.699
1.7
1.701
1.703
1.706
1.71
1.716
1.722
1.727
1.732
1.733
1.733
1.736
1.736
1.738
1.739
1.743
1.745
1.748
1.757
1.763
1.763
1.763
1.769
1.772
1.774
1.776
1.781
1.784
1.789
1.79
1.795
1.8
1.801
1.805
1.808
1.81
1.811
1.813
1.814
1.816
1.82
1.822
1.827
1.829
1.833
1.835
1.838
1.842
1.846
1.851
1.853
1.859
1.865
1.867
1.869
1.873
1.873
1.875
1.877
1.88
1.885
1.887
1.888
1.89
1.894
1.895
1.898
1.9
1.902
1.908
1.91
1.916
1.921
1.923
1.926
1.928
1.931
1.935
1.937
1.942
1.944
1.946
1.948
1.951
1.955
1.959
1.963
1.965
1.965
1.969
1.974
1.977
1.98
1.989
1.995
1.998
2.001
2.004
2.004
2.006
2.007
2.011
2.013
2.019
2.021
2.022
2.023
2.025
2.029
2.032
2.035
2.04
2.043
2.047
2.051
2.055
2.062
2.064
2.066
2.068
2.071
2.074
2.077
2.08
2.084
2.089
2.092
2.095
2.096
2.098
2.101
2.104
2.107
2.109
2.114
2.119
2.124
2.124
2.128
2.132
2.138
2.141
2.144
2.147
2.15
2.153
2.156
2.158
2.161
2.165
2.167
2.17
2.178
2.181
2.183
2.187
2.19
2.195
2.197
2.2
2.202
2.204
2.209
2.213
2.22
2.222
2.225
2.229
2.232
2.236
2.236
2.241
2.243
2.244
2.248
2.255
2.26
2.262
2.265
2.268
2.277
2.279
2.284
2.286
2.288
2.291
2.296
2.3
2.304
2.307
2.31
2.311
2.314
2.318
2.324
2.328
2.331
2.334
2.34
2.35
2.353
2.356
2.361
2.368
2.368
2.373
2.376
2.379
2.385
2.389
2.391
2.391
2.395
2.4
2.405
2.411
2.415
2.421
2.428
2.43
2.432
2.437
2.44
2.445
2.449
2.455
2.456
2.462
2.469
2.475
2.478
2.486
2.489
2.495
2.498
2.5
2.506
2.508
2.511
2.516
2.521
2.523
2.524
2.533
2.537
2.546
2.551
2.556
2.56
2.567
2.571
2.577
2.582
2.585
2.588
2.593
2.599
2.606
2.609
2.613
2.618
2.624
2.63
2.636
2.642
2.649
2.658
2.661
2.666
2.67
2.675
2.685
2.692
2.7
2.703
2.706
2.711
2.715
2.719
2.725
2.732
2.743
2.748
2.753
2.761
2.767
2.776
2.78
2.784
2.793
2.802
2.807
2.811
2.82
2.822
2.829
2.835
2.843
2.848
2.861
2.87
2.877
2.885
2.895
2.903
2.908
2.916
2.924
2.929
2.936
2.943
2.955
2.966
2.973
2.982
2.986
2.992
3.004
3.014
3.019
3.028
3.036
3.044
3.05
3.06
3.071
3.09
3.101
3.112
3.121
3.133
3.146
3.155
3.169
3.184
3.194
3.206
3.224
3.243
3.259
3.277
3.297
3.321
3.342
3.365
3.387
3.412
3.432
3.465
3.492
3.527
3.574
3.614
3.659
3.71
3.793
3.975
