0.143357
0.143357
0.147747
0.147747
0.149636
0.149636
0.151647
0.151647
0.152168
0.152168
0.152764
0.152788
0.153187
0.153212
0.153632
0.153667
0.154097
0.154149
0.154549
0.154585
0.155041
0.155063
0.155512
0.155532
0.156053
0.156107
0.156733
0.156788
0.157395
0.157427
0.158217
0.158304
0.158974
0.159027
0.159695
0.15983
0.16068
0.160815
0.16166
0.161868
0.162462
0.162563
0.16329
0.163533
0.164187
0.164506
0.165155
0.165382
0.166053
0.166214
0.167
0.167252
0.168055
0.168305
0.168925
0.16938
0.170126
0.170498
0.171061
0.171451
0.17203
0.172439
0.17302
0.173492
0.173998
0.174422
0.174978
0.175426
0.175882
0.176372
0.177
0.177456
0.178005
0.178446
0.179014
0.179477
0.179975
0.180405
0.180908
0.181257
0.181825
0.182217
0.182772
0.183175
0.183557
0.184131
0.184632
0.185153
0.185692
0.186216
0.186626
0.187163
0.18776
0.188347
0.188742
0.189241
0.18965
0.190223
0.190633
0.191043
0.19157
0.192157
0.19268
0.193213
0.19367
0.194001
0.194317
0.19478
0.195097
0.195564
0.195978
0.196532
0.197071
0.197492
0.197925
0.198274
0.198733
0.199096
0.19954
0.199869
0.200347
0.200767
0.201162
0.20148
0.202021
0.202604
0.20295
0.203361
0.203778
0.204222
0.204729
0.205071
0.205595
0.2061
0.206432
0.206862
0.207308
0.207709
0.208141
0.208424
0.20889
0.209273
0.209686
0.210074
0.210488
0.210963
0.211312
0.211703
0.212076
0.21255
0.212864
0.213287
0.213603
0.213974
0.214378
0.214766
0.215242
0.215659
0.216038
0.21652
0.216913
0.217241
0.217648
0.217976
0.218468
0.218821
0.21928
0.219629
0.219966
0.220369
0.220774
0.221171
0.221561
0.221958
0.222533
0.222799
0.223218
0.223582
0.224026
0.224364
0.224679
0.225097
0.225407
0.225814
0.226119
0.226481
0.226896
0.227222
0.227659
0.22803
0.228434
0.228757
0.229068
0.229421
0.229794
0.230157
0.230552
0.230922
0.231304
0.231627
0.232012
0.232318
0.232708
0.233116
0.233497
0.233961
0.234339
0.234772
0.235125
0.235488
0.235804
0.23614
0.236541
0.236869
0.237134
0.237539
0.237907
0.238241
0.238548
0.238953
0.239199
0.239541
0.239875
0.240337
0.240673
0.24105
0.241387
0.241688
0.242121
0.242435
0.242808
0.243216
0.243536
0.243924
0.244209
0.244546
0.244935
0.245227
0.245614
0.245922
0.246282
0.246606
0.247013
0.247347
0.247629
0.247926
0.248208
0.248551
0.24886
0.24921
0.249588
0.250023
0.250276
0.250692
0.250965
0.251242
0.251524
0.251908
0.252235
0.252641
0.25297
0.253297
0.2536
0.253927
0.254187
0.254457
0.254724
0.255031
0.255435
0.255705
0.256033
0.256341
0.256722
0.256982
0.257305
0.257588
0.257951
0.258345
0.258704
0.259021
0.259325
0.259604
0.259982
0.260316
0.260604
0.260972
0.261152
0.261454
0.261705
0.262129
0.262462
0.262819
0.263104
0.263371
0.263635
0.264057
0.264401
0.264725
0.265127
0.265405
0.26567
0.266055
0.266365
0.266636
0.266956
0.267343
0.267625
0.26798
0.268362
0.268666
0.269085
0.269445
0.269766
0.270026
0.270348
0.270669
0.271032
0.2713
0.271689
0.271979
0.272358
0.272659
0.273032
0.273399
0.273729
0.27409
0.274385
0.274674
0.274996
0.275371
0.275751
0.276036
0.276408
0.276732
0.276967
0.277336
0.277579
0.277921
0.278237
0.278544
0.2789
0.279305
0.279589
0.279928
0.280233
0.280515
0.280837
0.281178
0.28149
0.28191
0.282285
0.282625
0.282881
0.283226
0.2835
0.28386
0.284201
0.284523
0.284849
0.285168
0.285438
0.28575
0.286064
0.28641
0.286721
0.287069
0.287347
0.287738
0.288093
0.288363
0.288686
0.28908
0.289406
0.289747
0.290104
0.290398
0.290702
0.291044
0.291403
0.291746
0.291967
0.292309
0.292594
0.292979
0.293379
0.293679
0.29407
0.294399
0.294714
0.294976
0.295375
0.295667
0.295968
0.296261
0.296573
0.296885
0.297166
0.297478
0.297807
0.298028
0.298395
0.298644
0.298967
0.299293
0.299595
0.29993
0.300247
0.300597
0.300943
0.301271
0.301597
0.302013
0.302256
0.302575
0.302946
0.303245
0.303636
0.304024
0.304273
0.304656
0.304899
0.305239
0.305544
0.305867
0.30626
0.30662
0.30693
0.307299
0.307657
0.307924
0.308274
0.308682
0.30903
0.309296
0.309599
0.309895
0.310166
0.31046
0.310797
0.311113
0.311475
0.311768
0.312112
0.312463
0.312795
0.313123
0.31347
0.313803
0.314132
0.314481
0.314833
0.315117
0.315389
0.315628
0.316038
0.316389
0.316725
0.317011
0.317425
0.317635
0.318014
0.318298
0.31858
0.318867
0.31923
0.319607
0.319918
0.320236
0.320547
0.320828
0.321142
0.32144
0.321804
0.322174
0.322498
0.322783
0.32307
0.323324
0.323696
0.32401
0.324333
0.324607
0.32492
0.325215
0.325435
0.325768
0.326097
0.326402
0.326685
0.327023
0.327338
0.327632
0.327938
0.328229
0.328576
0.328821
0.329122
0.329473
0.329805
0.330124
0.330454
0.330858
0.331193
0.331479
0.331784
0.332066
0.332411
0.332731
0.333129
0.333514
0.333892
0.334313
0.334713
0.335118
0.335373
0.335765
0.336045
0.336389
0.336694
0.337131
0.337428
0.337822
0.338103
0.338515
0.338823
0.339145
0.339438
0.339774
0.340123
0.340487
0.340803
0.341092
0.34145
0.341797
0.342132
0.34247
0.342747
0.3432
0.343585
0.343964
0.344388
0.344867
0.345202
0.345557
0.345973
0.346391
0.346775
0.347153
0.347493
0.347815
0.348375
0.348603
0.348951
0.349172
0.349583
0.349938
0.350264
0.350617
0.351068
0.35141
0.351732
0.352144
0.352465
0.352878
0.353234
0.353582
0.353981
0.354367
0.354729
0.355098
0.355385
0.35573
0.356112
0.356497
0.356834
0.357272
0.357632
0.35802
0.358364
0.358719
0.359028
0.359363
0.359671
0.360112
0.360434
0.360851
0.361247
0.361645
0.362001
0.362374
0.36285
0.363194
0.36361
0.364126
0.364477
0.364903
0.365295
0.365616
0.36597
0.366331
0.366685
0.367057
0.367403
0.367911
0.36828
0.368714
0.369117
0.369539
0.369991
0.370353
0.370768
0.371148
0.371548
0.371947
0.372376
0.372785
0.373112
0.373546
0.373947
0.374313
0.37467
0.375127
0.375563
0.376041
0.376476
0.376901
0.377437
0.377888
0.378295
0.378865
0.379229
0.37968
0.380131
0.380501
0.380917
0.381312
0.38167
0.382177
0.382613
0.383064
0.383484
0.383967
0.384316
0.384738
0.385188
0.385536
0.385979
0.386438
0.386853
0.387232
0.387672
0.388052
0.388472
0.38897
0.389359
0.38967
0.39008
0.390588
0.39104
0.391467
0.391839
0.392192
0.392584
0.393061
0.393426
0.393831
0.394285
0.394652
0.395167
0.395607
0.395958
0.396331
0.396722
0.397228
0.397706
0.398233
0.3987
0.399149
0.399601
0.400067
0.400496
0.400913
0.401462
0.40186
0.402291
0.402722
0.40321
0.403682
0.404035
0.404426
0.404868
0.405309
0.40585
0.406297
0.406784
0.407239
0.407796
0.408304
0.408718
0.409192
0.409706
0.410165
0.410738
0.411159
0.411682
0.412054
0.412521
0.412934
0.413366
0.413904
0.414397
0.414917
0.415445
0.415827
0.41628
0.416865
0.41734
0.417731
0.418166
0.418745
0.419252
0.419763
0.420221
0.420699
0.421107
0.421571
0.42209
0.422619
0.42311
0.423685
0.424265
0.424811
0.425306
0.425787
0.426222
0.426716
0.427163
0.427773
0.428352
0.42889
0.42935
0.430015
0.430547
0.431112
0.431665
0.432102
0.432749
0.433445
0.433925
0.434543
0.435156
0.435675
0.436201
0.436667
0.437375
0.437991
0.438511
0.439111
0.439706
0.440283
0.440817
0.441467
0.442208
0.442636
0.443187
0.443789
0.444188
0.444775
0.445387
0.446126
0.4468
0.447361
0.447968
0.448567
0.449254
0.449957
0.450682
0.451243
0.451757
0.452512
0.453204
0.453843
0.454247
0.454894
0.455414
0.456093
0.456734
0.457376
0.457986
0.4585
0.459135
0.459827
0.46041
0.460936
0.461599
0.462177
0.462824
0.463479
0.464059
0.464563
0.465183
0.465863
0.466576
0.467274
0.467916
0.46859
0.469335
0.47
0.470571
0.471109
0.471722
0.472454
0.473035
0.473668
0.474274
0.47488
0.475597
0.476202
0.477121
0.477805
0.478428
0.479156
0.479815
0.480387
0.481211
0.481756
0.482387
0.483139
0.483932
0.484657
0.48553
0.486427
0.487392
0.488155
0.488773
0.489635
0.490348
0.491098
0.491868
0.492673
0.493465
0.494261
0.495068
0.496027
0.496707
0.497497
0.49832
0.499169
0.500101
0.500869
0.501798
0.502379
0.503099
0.503917
0.504858
0.505608
0.506522
0.507523
0.508377
0.509364
0.510194
0.511181
0.512109
0.513082
0.513801
0.514877
0.515825
0.516746
0.517872
0.518918
0.519907
0.520716
0.521847
0.523006
0.52397
0.52496
0.525959
0.527187
0.528037
0.529101
0.529932
0.530827
0.532055
0.533164
0.534116
0.535023
0.536094
0.537291
0.538451
0.539478
0.540457
0.541699
0.542788
0.54384
0.544774
0.545834
0.546857
0.548136
0.549265
0.550303
0.551344
0.552598
0.553852
0.555107
0.556329
0.557307
0.558653
0.560046
0.561467
0.562783
0.564053
0.565321
0.566789
0.567774
0.569009
0.570267
0.571458
0.572862
0.574334
0.575581
0.577071
0.578851
0.580445
0.582035
0.583195
0.58448
0.586277
0.58802
0.589676
0.591325
0.592653
0.594172
0.595977
0.597471
0.599169
0.60091
0.602765
0.604371
0.606245
0.60841
0.61012
0.612158
0.613919
0.616399
0.618371
0.62026
0.622233
0.624149
0.626132
0.628531
0.63114
0.633517
0.636318
0.638427
0.640939
0.643526
0.646199
0.648619
0.650895
0.65341
0.655788
0.65834
0.661415
0.664647
0.667428
0.670488
0.673681
0.676868
0.680202
0.683867
0.687449
0.691878
0.696545
0.701286
0.706129
0.711465
0.716708
0.721807
0.727116
0.732792
0.738317
0.744937
0.751972
0.757926
0.764621
0.771697
0.778351
0.787043
0.796998
0.806686
0.82005
0.834796
0.850796
0.869867
0.895758
0.93249
0.975195
1.01049
1.07633
1.25257
