0.328
0.33
0.331
0.331
0.332
0.334
0.334
0.335
0.336
0.336
0.338
0.338
0.339
0.34
0.342
0.343
0.343
0.344
0.345
0.347
0.35
0.352
0.352
0.354
0.355
0.356
0.357
0.358
0.359
0.362
0.363
0.365
0.366
0.367
0.367
0.368
0.369
0.371
0.376
0.38
0.38
0.387
0.389
0.389
0.389
0.39
0.392
0.393
0.395
0.396
0.399
0.401
0.407
0.41
0.413
0.417
0.42
0.422
0.426
0.429
0.435
0.435
0.437
0.44
0.443
0.447
0.447
0.453
0.455
0.456
0.457
0.458
0.459
0.46
0.462
0.464
0.466
0.468
0.471
0.476
0.478
0.478
0.48
0.482
0.486
0.491
0.497
0.498
0.502
0.507
0.51
0.515
0.518
0.521
0.522
0.524
0.526
0.527
0.532
0.536
0.536
0.536
0.537
0.541
0.543
0.547
0.552
0.553
0.557
0.566
0.568
0.569
0.574
0.577
0.58
0.584
0.587
0.589
0.591
0.593
0.596
0.597
0.598
0.599
0.6
0.603
0.604
0.607
0.608
0.61
0.614
0.614
0.617
0.621
0.624
0.627
0.635
0.638
0.641
0.643
0.645
0.65
0.656
0.658
0.66
0.663
0.663
0.666
0.667
0.668
0.67
0.671
0.673
0.678
0.679
0.681
0.684
0.686
0.687
0.687
0.688
0.691
0.693
0.694
0.696
0.702
0.703
0.707
0.709
0.711
0.712
0.716
0.72
0.722
0.725
0.727
0.729
0.735
0.738
0.74
0.741
0.743
0.747
0.752
0.758
0.759
0.76
0.766
0.769
0.771
0.771
0.775
0.777
0.78
0.781
0.783
0.785
0.787
0.788
0.791
0.793
0.793
0.794
0.799
0.8
0.803
0.806
0.81
0.811
0.814
0.815
0.816
0.82
0.821
0.822
0.824
0.826
0.831
0.836
0.84
0.843
0.846
0.848
0.853
0.854
0.856
0.858
0.86
0.862
0.864
0.867
0.869
0.872
0.875
0.876
0.877
0.878
0.879
0.88
0.883
0.885
0.886
0.888
0.891
0.892
0.896
0.899
0.903
0.906
0.907
0.909
0.912
0.916
0.917
0.921
0.922
0.927
0.932
0.935
0.94
0.943
0.944
0.951
0.954
0.957
0.958
0.96
0.963
0.964
0.968
0.969
0.971
0.972
0.974
0.977
0.98
0.982
0.984
0.985
0.989
0.992
0.994
0.995
0.996
0.997
0.998
0.999
1.001
1.004
1.006
1.009
1.011
1.013
1.015
1.017
1.019
1.02
1.024
1.027
1.03
1.031
1.034
1.037
1.04
1.043
1.047
1.049
1.052
1.054
1.056
1.06
1.063
1.063
1.069
1.071
1.073
1.075
1.08
1.084
1.088
1.088
1.088
1.091
1.092
1.093
1.094
1.095
1.096
1.097
1.101
1.102
1.107
1.111
1.113
1.117
1.122
1.125
1.126
1.127
1.13
1.133
1.134
1.137
1.139
1.144
1.145
1.146
1.149
1.15
1.15
1.154
1.157
1.158
1.158
1.16
1.163
1.166
1.169
1.17
1.172
1.173
1.176
1.178
1.18
1.184
1.186
1.192
1.194
1.197
1.2
1.203
1.205
1.207
1.21
1.213
1.214
1.22
1.223
1.223
1.226
1.229
1.229
1.231
1.234
1.236
1.237
1.24
1.243
1.248
1.251
1.252
1.255
1.256
1.257
1.258
1.26
1.262
1.264
1.264
1.267
1.269
1.271
1.274
1.276
1.279
1.28
1.281
1.283
1.287
1.287
1.292
1.296
1.299
1.302
1.304
1.308
1.309
1.316
1.319
1.322
1.324
1.327
1.328
1.329
1.33
1.335
1.335
1.338
1.338
1.338
1.343
1.345
1.345
1.345
1.347
1.349
1.35
1.352
1.354
1.36
1.36
1.361
1.362
1.364
1.368
1.372
1.374
1.377
1.379
1.384
1.391
1.392
1.394
1.398
1.4
1.402
1.404
1.407
1.412
1.413
1.414
1.416
1.419
1.419
1.423
1.425
1.427
1.431
1.434
1.436
1.437
1.438
1.439
1.443
1.444
1.444
1.445
1.447
1.452
1.454
1.456
1.458
1.458
1.459
1.464
1.467
1.47
1.476
1.48
1.483
1.485
1.491
1.493
1.496
1.499
1.501
1.501
1.505
1.506
1.507
1.51
1.511
1.513
1.515
1.518
1.521
1.523
1.523
1.525
1.526
1.529
1.531
1.532
1.532
1.534
1.538
1.539
1.539
1.541
1.544
1.549
1.552
1.556
1.56
1.568
1.57
1.572
1.577
1.578
1.58
1.582
1.585
1.586
1.587
1.589
1.593
1.594
1.595
1.597
1.599
1.6
1.602
1.606
1.607
1.609
1.612
1.616
1.617
1.619
1.62
1.621
1.625
1.626
1.629
1.632
1.634
1.638
1.64
1.643
1.644
1.646
1.648
1.649
1.65
1.653
1.655
1.658
1.659
1.663
1.668
1.671
1.672
1.672
1.675
1.677
1.68
1.681
1.685
1.688
1.689
1.692
1.695
1.697
1.702
1.707
1.709
1.71
1.715
1.718
1.721
1.723
1.725
1.727
1.729
1.731
1.734
1.734
1.735
1.737
1.739
1.742
1.744
1.748
1.749
1.751
1.752
1.753
1.758
1.759
1.76
1.76
1.764
1.768
1.769
1.773
1.78
1.783
1.784
1.787
1.789
1.791
1.795
1.795
1.798
1.8
1.803
1.804
1.807
1.808
1.813
1.816
1.818
1.818
1.819
1.821
1.823
1.826
1.827
1.828
1.829
1.831
1.834
1.839
1.844
1.845
1.845
1.849
1.851
1.856
1.86
1.861
1.863
1.867
1.871
1.874
1.876
1.878
1.879
1.882
1.885
1.888
1.89
1.893
1.894
1.897
1.899
1.899
1.902
1.903
1.904
1.909
1.913
1.915
1.917
1.919
1.922
1.926
1.927
1.929
1.93
1.932
1.933
1.936
1.941
1.943
1.946
1.949
1.951
1.953
1.956
1.958
1.964
1.969
1.973
1.976
1.977
1.978
1.981
1.982
1.985
1.987
1.989
1.99
1.994
1.995
1.996
2
2.003
2.005
2.007
2.008
2.01
2.013
2.018
2.022
2.025
2.03
2.034
2.037
2.038
2.039
2.043
2.048
2.05
2.051
2.053
2.054
2.055
2.056
2.058
2.06
2.06
2.062
2.064
2.068
2.069
2.071
2.072
2.078
2.079
2.085
2.086
2.09
2.092
2.094
2.097
2.099
2.101
2.104
2.109
2.111
2.113
2.118
2.12
2.121
2.127
2.128
2.132
2.133
2.136
2.137
2.139
2.141
2.143
2.147
2.149
2.151
2.151
2.155
2.158
2.164
2.164
2.168
2.17
2.175
2.177
2.182
2.182
2.184
2.186
2.19
2.195
2.196
2.199
2.2
2.204
2.205
2.207
2.212
2.215
2.215
2.218
2.219
2.22
2.225
2.226
2.229
2.235
2.237
2.242
2.244
2.246
2.251
2.254
2.258
2.261
2.265
2.267
2.269
2.272
2.275
2.277
2.281
2.284
2.285
2.285
2.287
2.291
2.296
2.299
2.302
2.308
2.311
2.312
2.316
2.317
2.319
2.323
2.327
2.33
2.332
2.333
2.34
2.345
2.346
2.347
2.351
2.356
2.358
2.361
2.37
2.371
2.374
2.377
2.38
2.382
2.387
2.389
2.391
2.395
2.4
2.403
2.408
2.412
2.413
2.418
2.42
2.425
2.426
2.431
2.433
2.436
2.437
2.443
2.446
2.452
2.454
2.456
2.457
2.462
2.465
2.471
2.474
2.48
2.48
2.485
2.491
2.494
2.498
2.5
2.504
2.505
2.51
2.514
2.517
2.52
2.524
2.525
2.533
2.538
2.542
2.544
2.546
2.551
2.56
2.562
2.566
2.569
2.574
2.583
2.586
2.588
2.591
2.593
2.598
2.604
2.607
2.616
2.62
2.624
2.628
2.636
2.64
2.646
2.653
2.656
2.659
2.664
2.669
2.675
2.68
2.683
2.688
2.692
2.7
2.708
2.713
2.72
2.723
2.727
2.734
2.74
2.746
2.755
2.763
2.768
2.773
2.78
2.783
2.791
2.796
2.809
2.816
2.819
2.829
2.836
2.848
2.855
2.863
2.872
2.881
2.887
2.897
2.907
2.916
2.925
2.938
2.948
2.958
2.966
2.975
2.984
2.994
3.005
3.014
3.023
3.033
3.04
3.058
3.071
3.079
3.09
3.101
3.109
3.124
3.133
3.145
3.153
3.162
3.176
3.188
3.2
3.21
3.227
3.24
3.261
3.279
3.295
3.312
3.33
3.359
3.393
3.423
3.453
3.492
3.533
3.569
3.625
3.693
3.782
