0.328
0.328
0.328
0.328
0.328
0.328
0.328
0.328
0.328
0.328
0.328
0.33
0.33
0.33
0.33
0.332
0.332
0.334
0.334
0.334
0.334
0.334
0.334
0.336
0.337
0.337
0.337
0.338
0.338
0.338
0.339
0.34
0.341
0.342
0.344
0.344
0.344
0.345
0.346
0.347
0.349
0.352
0.355
0.357
0.357
0.36
0.362
0.365
0.369
0.372
0.374
0.375
0.377
0.379
0.38
0.383
0.389
0.391
0.397
0.399
0.404
0.407
0.408
0.41
0.415
0.416
0.42
0.423
0.426
0.43
0.434
0.443
0.446
0.451
0.455
0.459
0.463
0.469
0.473
0.482
0.488
0.495
0.5
0.504
0.508
0.512
0.518
0.527
0.529
0.531
0.533
0.536
0.537
0.54
0.544
0.549
0.558
0.563
0.565
0.571
0.576
0.585
0.589
0.594
0.602
0.602
0.608
0.611
0.619
0.622
0.627
0.636
0.644
0.647
0.654
0.664
0.67
0.677
0.686
0.691
0.699
0.703
0.711
0.715
0.721
0.725
0.732
0.739
0.748
0.754
0.76
0.763
0.77
0.776
0.787
0.792
0.796
0.805
0.814
0.823
0.831
0.838
0.846
0.862
0.868
0.876
0.882
0.888
0.893
0.904
0.912
0.925
0.935
0.942
0.958
0.969
0.981
0.991
1.003
1.013
1.026
1.034
1.044
1.056
1.063
1.079
1.095
1.109
1.12
1.133
1.138
1.157
1.171
1.182
1.199
1.212
1.219
1.235
1.246
1.26
1.272
1.287
1.294
1.309
1.327
1.337
1.351
1.364
1.376
1.391
1.401
1.416
1.433
1.448
1.462
1.481
1.496
1.516
1.527
1.545
1.559
1.575
1.596
1.616
1.637
1.653
1.673
1.695
1.717
1.733
1.761
1.777
1.798
1.82
1.843
1.864
1.887
1.912
1.939
1.958
1.977
2.007
2.037
2.069
2.096
2.129
2.155
2.196
2.228
2.26
2.299
2.331
2.379
2.422
2.461
2.512
2.567
2.622
2.672
2.735
2.835
2.947
3.06
3.245
3.515
3.792
3.922
4.427
4.62
5.379
