0.161331
0.161331
0.183672
0.18775
0.208646
0.223097
0.23694
0.247261
0.260899
0.272134
0.283439
0.291512
0.298382
0.304202
0.308822
0.315214
0.319326
0.325899
0.329475
0.335693
0.338514
0.344965
0.348747
0.354458
0.357927
0.364355
0.367799
0.373956
0.376759
0.382581
0.386872
0.391887
0.396909
0.400097
0.405048
0.407748
0.411539
0.414459
0.419356
0.422687
0.425675
0.430341
0.43344
0.437786
0.440316
0.444273
0.448651
0.452088
0.456056
0.460304
0.463671
0.468912
0.471169
0.475797
0.479149
0.484093
0.487998
0.493399
0.496052
0.499748
0.503619
0.50654
0.510318
0.514282
0.518505
0.522325
0.52536
0.528763
0.531627
0.534901
0.537967
0.541483
0.545847
0.550231
0.554669
0.56006
0.564402
0.568022
0.571599
0.575046
0.579777
0.583135
0.587997
0.591456
0.594885
0.59837
0.60217
0.606187
0.610051
0.613539
0.616825
0.620286
0.622664
0.626987
0.63151
0.635744
0.639982
0.64418
0.649167
0.653691
0.658538
0.66204
0.667008
0.670866
0.675317
0.678646
0.682629
0.687248
0.69254
0.696668
0.702165
0.707412
0.712972
0.717652
0.722484
0.727737
0.733137
0.737768
0.743226
0.747719
0.752549
0.758062
0.763593
0.768305
0.773443
0.778828
0.785667
0.790929
0.798745
0.804122
0.810189
0.815996
0.821477
0.828691
0.834581
0.841838
0.849349
0.856629
0.862977
0.872061
0.880685
0.888696
0.897712
0.904939
0.91149
0.91882
0.926763
0.934123
0.942276
0.952399
0.957917
0.96623
0.97313
0.982469
0.991339
0.999341
1.00711
1.0146
1.02225
1.03
1.03946
1.04977
1.05891
1.06983
1.07978
1.08945
1.09867
1.11124
1.12445
1.13746
1.1493
1.15962
1.16879
1.17954
1.18796
1.19631
1.205
1.21383
1.22506
1.23486
1.24546
1.26459
1.27969
1.29537
1.30897
1.32183
1.3328
1.34147
1.35292
1.3666
1.37799
1.39644
1.42091
1.49046
1.5603
1.7094
1.78542
1.90717
1.99676
2.08101
