0.154257
0.154257
0.162029
0.162029
0.171052
0.171245
0.180155
0.180729
0.194479
0.19623
0.207656
0.209488
0.219109
0.223585
0.233239
0.23827
0.247556
0.250782
0.259077
0.262417
0.271552
0.273458
0.280868
0.286465
0.291586
0.296782
0.300763
0.306887
0.310348
0.316008
0.318682
0.323536
0.326878
0.330687
0.333278
0.337686
0.341333
0.345059
0.349369
0.351664
0.356188
0.359167
0.36319
0.365992
0.370496
0.374305
0.377502
0.380867
0.384353
0.387424
0.390346
0.393654
0.396679
0.400325
0.403231
0.406753
0.409728
0.412468
0.415998
0.418629
0.421165
0.424921
0.427609
0.430312
0.434257
0.436648
0.439348
0.442981
0.444972
0.448684
0.451123
0.453959
0.457018
0.459455
0.462233
0.464789
0.467315
0.47021
0.472929
0.475916
0.478448
0.480543
0.48417
0.487155
0.490216
0.492838
0.49467
0.497379
0.499423
0.502283
0.5042
0.506727
0.509592
0.511792
0.514565
0.516604
0.519159
0.521605
0.524539
0.527175
0.52966
0.532717
0.535173
0.538905
0.54169
0.545596
0.549011
0.552023
0.555744
0.55866
0.562055
0.565362
0.568924
0.572111
0.576014
0.579288
0.583026
0.586223
0.589418
0.591712
0.595791
0.598896
0.603151
0.606771
0.610637
0.613871
0.616813
0.61987
0.622714
0.624871
0.627491
0.629514
0.632302
0.634363
0.636827
0.6387
0.641012
0.643726
0.646093
0.648521
0.650432
0.652567
0.655232
0.657359
0.659865
0.662455
0.665431
0.668744
0.671577
0.675026
0.67846
0.681577
0.684633
0.687897
0.691163
0.694955
0.698087
0.701105
0.705219
0.70961
0.712797
0.716742
0.720589
0.724707
0.728405
0.732601
0.735848
0.738961
0.742357
0.747387
0.750797
0.754723
0.75766
0.761004
0.765051
0.769689
0.774352
0.778848
0.783619
0.788601
0.793458
0.797543
0.804116
0.809476
0.815272
0.820504
0.826343
0.834377
0.841143
0.848656
0.855416
0.863247
0.870045
0.876581
0.883107
0.88917
0.896074
0.90286
0.909499
0.915617
0.92221
0.928355
0.93446
0.939862
0.946001
0.951987
0.958173
0.963977
0.969841
0.975942
0.982482
0.988834
0.995099
1.00049
1.0055
1.01132
1.01724
1.02342
1.0305
1.03596
1.04276
1.04957
1.05703
1.06389
1.07077
1.07914
1.08775
1.09983
1.10934
1.12158
1.13503
1.14764
1.16168
1.17249
1.18381
1.19325
1.20902
1.22312
1.24286
1.26616
1.28653
1.30629
1.33368
1.35911
1.38581
1.41924
1.45272
1.52026
1.64366
1.75757
