0.160744
0.160744
0.184797
0.184797
0.201548
0.201548
0.27429
0.27429
0.292274
0.292274
0.312923
0.312923
0.317539
0.317539
0.324693
0.324693
0.332138
0.347749
0.347749
0.352199
0.352199
0.367272
0.367272
0.369316
0.369316
0.380407
0.394319
0.394319
0.400148
0.400148
0.405324
0.405324
0.426306
0.426306
0.439999
0.452288
0.452288
0.457692
0.457692
0.458953
0.463768
0.463768
0.467723
0.467723
0.473847
0.473847
0.478547
0.478547
0.49072
0.49072
0.492325
0.492325
0.500047
0.500047
0.51041
0.51041
0.517758
0.517758
0.51912
0.519135
0.519135
0.534368
0.534368
0.536018
0.536018
0.536443
0.544355
0.549314
0.553358
0.553358
0.560937
0.560937
0.563829
0.571062
0.571062
0.575885
0.575885
0.577388
0.578294
0.578294
0.58201
0.595968
0.595968
0.601942
0.60806
0.60806
0.609107
0.609107
0.609984
0.618981
0.618981
0.63372
0.63372
0.636114
0.63791
0.63791
0.647678
0.647678
0.654627
0.656835
0.656835
0.660757
0.661604
0.661793
0.661793
0.665655
0.665655
0.674993
0.674993
0.675961
0.678997
0.68029
0.697708
0.699558
0.699558
0.702719
0.706534
0.706534
0.723226
0.724713
0.724713
0.729033
0.729033
0.736102
0.740168
0.742501
0.743226
0.743226
0.744407
0.765322
0.765322
0.771632
0.778714
0.788925
0.808336
0.815058
0.853654
0.853654
0.860797
0.861457
0.862032
0.865871
0.886034
0.895449
0.895449
0.938595
0.938595
0.938699
0.939828
0.939828
0.942573
0.942573
0.95717
0.984065
0.984065
1.02469
1.02469
1.02507
1.02507
1.05944
1.07196
1.07196
1.07442
1.08836
1.0931
1.09593
1.10592
1.10874
1.12244
1.13855
1.14906
1.14906
1.16819
1.1756
1.18261
1.18571
1.19313
1.19789
1.25678
1.27665
1.28139
1.28139
1.29162
1.29162
1.31412
1.32555
1.34607
1.35834
1.43151
1.43552
1.46681
1.49762
1.49762
1.52861
1.62767
1.65643
1.65643
1.75681
1.84923
2.24385
