0.152499
0.152499
0.162702
0.162702
0.172633
0.172633
0.177632
0.177632
0.179727
0.179727
0.198554
0.198554
0.199873
0.199873
0.227974
0.23462
0.251342
0.251342
0.255378
0.255378
0.265219
0.265219
0.287394
0.287394
0.301115
0.301115
0.308212
0.308212
0.326402
0.326402
0.328861
0.328861
0.337538
0.337538
0.341817
0.365455
0.370035
0.370035
0.373572
0.373572
0.373949
0.378476
0.378476
0.380577
0.380577
0.388645
0.388645
0.391651
0.391651
0.393076
0.393076
0.394378
0.394378
0.401163
0.401163
0.401716
0.401716
0.402794
0.402794
0.403496
0.403496
0.407483
0.407483
0.414258
0.418872
0.451927
0.452288
0.452288
0.458416
0.458416
0.459786
0.459786
0.45992
0.45992
0.465923
0.465923
0.472578
0.472578
0.477712
0.477712
0.477724
0.481698
0.481698
0.483844
0.483844
0.489478
0.489478
0.491279
0.491279
0.491818
0.496053
0.496053
0.501134
0.501134
0.502562
0.502562
0.506482
0.50936
0.516326
0.516326
0.51912
0.520508
0.520508
0.523515
0.523882
0.525844
0.525844
0.525995
0.532778
0.532778
0.532925
0.532925
0.53848
0.538865
0.54046
0.54046
0.547691
0.553393
0.560298
0.560298
0.56631
0.56631
0.597089
0.605042
0.613131
0.613131
0.61778
0.623781
0.638648
0.638648
0.644114
0.644114
0.645311
0.645311
0.654091
0.654091
0.654359
0.654963
0.654963
0.660388
0.660388
0.661312
0.661741
0.661741
0.663247
0.663247
0.663436
0.663436
0.667339
0.674288
0.674288
0.67483
0.675367
0.678861
0.683348
0.688294
0.690168
0.692621
0.692621
0.693261
0.694701
0.698271
0.698271
0.700195
0.708598
0.711474
0.711474
0.712518
0.713946
0.713946
0.716632
0.716632
0.718632
0.720441
0.722614
0.727462
0.727462
0.738369
0.738369
0.75289
0.75289
0.757294
0.757294
0.785869
0.786242
0.790707
0.790789
0.790789
0.815536
0.819796
0.832108
0.835237
0.862752
0.876507
0.876507
0.907502
0.90839
0.90839
0.91193
0.91423
0.91423
0.920457
0.922294
0.922294
0.938074
0.938074
0.938561
0.943706
0.953915
0.95828
0.965888
0.968934
0.97248
0.987761
0.993416
1.00505
1.01133
1.02016
1.03422
1.04165
1.04312
1.04601
1.04601
1.05666
1.06131
1.06131
1.06149
1.07914
1.09631
1.09631
1.09915
1.13689
1.1625
1.17523
1.195
1.19749
1.19749
1.23051
1.23051
1.24736
1.25191
1.27509
1.27509
1.28317
1.28317
1.37581
1.41297
1.46017
1.50752
1.65578
