0.154056
0.154056
0.154177
0.154177
0.18811
0.18811
0.210435
0.210435
0.212333
0.212333
0.220021
0.220021
0.225539
0.225539
0.227853
0.227853
0.233115
0.233115
0.238749
0.238749
0.243245
0.243245
0.244177
0.246341
0.246341
0.253262
0.253262
0.276349
0.276349
0.277665
0.277665
0.28164
0.285215
0.285215
0.291949
0.29553
0.29553
0.297435
0.307449
0.307449
0.312972
0.312972
0.313846
0.313846
0.318088
0.318088
0.320975
0.320975
0.321925
0.321925
0.322135
0.322135
0.322776
0.325219
0.325822
0.325822
0.328767
0.328767
0.330589
0.331265
0.331265
0.334856
0.334856
0.33614
0.33614
0.336165
0.336165
0.336287
0.336287
0.337999
0.337999
0.351448
0.356406
0.356406
0.357015
0.357015
0.359058
0.359058
0.362648
0.364418
0.364418
0.366827
0.366827
0.367416
0.371531
0.373038
0.375875
0.375875
0.377816
0.377816
0.377853
0.378304
0.378304
0.379212
0.379212
0.381186
0.38877
0.389788
0.391959
0.391959
0.393387
0.393387
0.396826
0.397661
0.404181
0.404181
0.406948
0.406948
0.41468
0.41468
0.415239
0.415239
0.415335
0.416197
0.421403
0.421403
0.424139
0.424139
0.429282
0.429282
0.429292
0.429292
0.430375
0.430375
0.435151
0.435151
0.436462
0.438717
0.438717
0.439051
0.439829
0.439829
0.450461
0.450461
0.453257
0.456617
0.456617
0.45694
0.459879
0.459879
0.460597
0.460597
0.468915
0.469986
0.470663
0.473393
0.473393
0.474252
0.474252
0.479125
0.479125
0.48661
0.490755
0.491939
0.491939
0.495539
0.497512
0.497844
0.498549
0.502588
0.502588
0.506365
0.506365
0.506582
0.510125
0.510832
0.510832
0.511517
0.511517
0.51307
0.51307
0.517236
0.518851
0.518851
0.518879
0.519249
0.519249
0.520215
0.522695
0.522695
0.525389
0.52891
0.530769
0.531353
0.531353
0.531712
0.531712
0.532127
0.534096
0.540213
0.541909
0.542797
0.542967
0.545101
0.557067
0.558848
0.564635
0.564635
0.565026
0.567458
0.573488
0.575712
0.575724
0.577502
0.577502
0.581651
0.581651
0.582797
0.586935
0.587201
0.587201
0.587274
0.591207
0.593844
0.593844
0.597724
0.597724
0.59827
0.59827
0.598764
0.607722
0.607722
0.609994
0.61687
0.621665
0.628104
0.628643
0.628643
0.630885
0.635203
0.635557
0.635557
0.636812
0.636812
0.637388
0.637388
0.637614
0.644404
0.646934
0.646934
0.663161
0.663659
0.663659
0.672561
0.672561
0.676054
0.676397
0.679746
0.691548
0.691548
0.692932
0.693372
0.693372
0.695351
0.695351
0.700324
0.702873
0.708132
0.713158
0.713158
0.714371
0.720756
0.721253
0.724988
0.727806
0.732153
0.732153
0.738243
0.742209
0.751808
0.755146
0.777518
0.777938
0.778765
0.782368
0.783167
0.804892
0.809909
0.812317
0.815835
0.815835
0.81699
0.81699
0.818371
0.819876
0.822863
0.822863
0.831127
0.832256
0.834471
0.841283
0.841283
0.841703
0.846982
0.854771
0.854771
0.855596
0.859958
0.875523
0.880677
0.880677
0.881638
0.886785
0.900643
0.903078
0.903078
0.91111
0.915209
0.91806
0.925311
0.934992
0.934992
0.944458
0.947129
0.954697
0.956427
0.959845
0.96169
0.966962
1.00985
1.01444
1.02536
1.03562
1.03562
1.06067
1.06067
1.09679
1.10938
1.11657
1.13158
1.13396
1.13396
1.1372
1.14353
1.14383
1.14629
1.15291
1.16619
1.16619
1.17532
1.17916
1.20965
1.21368
1.29394
1.3275
1.33972
1.46924
1.5779
1.58659
2.42932
