0.152112
0.152112
0.152981
0.152981
0.153649
0.153649
0.160643
0.160643
0.183521
0.183521
0.183781
0.183781
0.188203
0.188505
0.188505
0.204192
0.204192
0.208807
0.21476
0.21476
0.219986
0.219986
0.226623
0.226623
0.229299
0.229299
0.245874
0.261997
0.265774
0.265774
0.266131
0.266131
0.271793
0.271793
0.27287
0.27287
0.286635
0.286635
0.293145
0.293145
0.30074
0.30074
0.304254
0.304254
0.304755
0.304755
0.307641
0.318272
0.318272
0.324413
0.324413
0.325225
0.325225
0.333297
0.335333
0.336777
0.336777
0.336925
0.337511
0.337511
0.339879
0.339879
0.347474
0.351413
0.351413
0.35181
0.35181
0.357995
0.359678
0.359678
0.368893
0.368893
0.372617
0.372617
0.375247
0.375247
0.375691
0.375691
0.376432
0.376432
0.381766
0.381766
0.382133
0.382133
0.382488
0.382488
0.386769
0.391032
0.395745
0.4024
0.4024
0.404422
0.404422
0.412978
0.421389
0.421389
0.421595
0.421595
0.422751
0.422751
0.422827
0.422827
0.424068
0.426394
0.426394
0.426472
0.426737
0.426737
0.428863
0.428969
0.4303
0.4303
0.432871
0.432871
0.437332
0.437881
0.437881
0.441271
0.441352
0.441352
0.441868
0.448752
0.449776
0.449776
0.458874
0.468265
0.470499
0.471673
0.471673
0.474513
0.475258
0.475258
0.477779
0.477779
0.481945
0.481945
0.482748
0.482748
0.48874
0.489323
0.489392
0.489392
0.496139
0.497094
0.497094
0.503943
0.503943
0.506205
0.506205
0.510846
0.517195
0.523719
0.523719
0.529518
0.529518
0.530891
0.546068
0.546788
0.546788
0.551226
0.55654
0.55654
0.556801
0.556801
0.560104
0.560104
0.561254
0.561254
0.566709
0.568377
0.575319
0.581864
0.591589
0.592383
0.592383
0.594143
0.594147
0.59585
0.597779
0.600537
0.600537
0.605516
0.605516
0.606989
0.611183
0.613902
0.614267
0.614267
0.623872
0.625325
0.626098
0.626098
0.628456
0.629573
0.630697
0.631282
0.632447
0.641006
0.649055
0.649055
0.650539
0.657098
0.666615
0.666615
0.666968
0.672002
0.68434
0.68434
0.688174
0.688229
0.688229
0.68992
0.691467
0.691467
0.694104
0.69439
0.705899
0.705959
0.705959
0.712455
0.712455
0.716539
0.716539
0.717766
0.727324
0.727882
0.734727
0.73789
0.73789
0.743244
0.746949
0.747573
0.747952
0.747952
0.750981
0.751219
0.751294
0.756371
0.769524
0.787092
0.78749
0.806685
0.807702
0.809666
0.809976
0.809976
0.810365
0.814195
0.821187
0.821187
0.821374
0.83
0.83
0.83034
0.845106
0.845106
0.85673
0.861473
0.862361
0.862368
0.863297
0.863297
0.86342
0.864168
0.864168
0.870205
0.870205
0.872346
0.872923
0.872923
0.88269
0.907684
0.909929
0.929245
0.93179
0.950546
0.996126
1.03494
1.03956
1.04065
1.05169
1.06642
1.06715
1.06964
1.07302
1.09075
1.13294
1.16159
1.16191
1.16581
1.24666
1.24864
1.40622
1.44374
1.449
1.46586
1.46586
1.62928
1.67585
1.96994
