0.01
0.05
0.16
0.28
0.42
0.52
0.59
0.63
0.67
0.71
0.75
0.77
0.8
0.8
0.82
0.83
0.84
0.85
0.87
0.92
0.95
0.95
0.97
0.99
1.0
1.0
1.0
1.0
1.01
1.02
1.05
1.06
1.11
1.14
1.15
1.16
1.18
1.18
1.2
1.22
1.25
1.26
1.28
1.3
1.32
1.33
1.34
1.36
1.36
1.39
1.41
1.43
1.45
1.46
1.48
1.49
1.51
1.54
1.56
1.6
1.64
1.67
1.69
1.7
1.72
1.73
1.73
1.78
1.8
1.86
1.91
1.95
1.95
1.98
2.0
2.02
2.08
2.1
2.14
2.16
2.17
2.2
2.23
2.24
2.26
2.28
2.3
2.32
2.34
2.35
2.37
2.39
2.4
2.41
2.41
2.41
2.43
2.5
2.53
2.58
2.58
2.61
2.62
2.64
2.65
2.67
2.69
2.71
2.73
2.75
2.75
2.78
2.8
2.81
2.84
2.84
2.86
2.88
2.89
2.89
2.9
2.91
2.91
2.91
2.93
2.97
2.98
3.02
3.02
3.02
3.04
3.04
3.05
3.07
3.08
3.12
3.14
3.21
3.27
3.31
3.35
3.4
3.43
3.45
3.5
3.56
3.59
3.65
3.7
3.75
3.78
3.81
3.82
3.87
3.89
3.89
3.9
3.9
3.9
3.97
3.97
4.0
4.01
4.03
4.06
4.08
4.1
4.13
4.15
4.2
4.21
4.22
4.23
4.27
4.29
4.3
4.33
4.37
4.4
4.41
4.43
4.48
4.51
4.53
4.56
4.61
4.64
4.68
4.74
4.81
4.84
4.89
4.91
4.91
4.94
4.97
5.0
5.05
5.09
5.14
5.21
5.24
5.29
5.31
5.37
5.41
5.45
5.5
5.53
5.54
5.57
5.61
5.67
5.74
5.76
5.79
5.89
5.93
5.97
6.03
6.05
6.1
6.18
6.21
6.26
6.29
6.33
6.35
6.38
6.43
6.45
6.47
6.51
6.61
6.67
6.73
6.79
6.86
6.93
7.0
7.07
7.18
7.22
7.29
7.36
7.42
7.48
7.54
7.59
7.64
7.76
7.85
7.92
7.97
8.08
8.13
8.26
8.32
8.35
8.41
8.51
8.64
8.75
8.84
8.95
9.12
9.29
9.44
9.59
9.7
9.83
10.01
10.14
10.3
10.47
10.6
10.8
10.94
11.14
11.43
11.6
11.84
12.04
12.29
12.59
12.84
13.12
13.41
13.76
14.08
14.56
15.1
15.86
16.97
18.7
20.68
22.93
27.84
34.08
41.8
