0.328
0.328
0.328
0.328
0.328
0.328
0.328
0.328
0.328
0.329
0.33
0.33
0.331
0.331
0.332
0.333
0.333
0.333
0.334
0.334
0.334
0.336
0.337
0.338
0.338
0.338
0.338
0.338
0.338
0.338
0.338
0.339
0.339
0.342
0.342
0.343
0.343
0.344
0.346
0.346
0.347
0.352
0.355
0.357
0.36
0.361
0.363
0.366
0.367
0.369
0.37
0.372
0.372
0.376
0.378
0.383
0.383
0.387
0.389
0.393
0.399
0.403
0.405
0.407
0.408
0.409
0.412
0.418
0.42
0.423
0.424
0.426
0.43
0.432
0.434
0.438
0.443
0.444
0.448
0.454
0.456
0.463
0.469
0.48
0.483
0.49
0.494
0.495
0.5
0.501
0.504
0.506
0.508
0.516
0.517
0.52
0.522
0.527
0.532
0.534
0.536
0.54
0.544
0.547
0.549
0.555
0.559
0.564
0.568
0.571
0.577
0.578
0.583
0.589
0.593
0.6
0.602
0.605
0.607
0.609
0.612
0.615
0.62
0.627
0.629
0.633
0.639
0.647
0.652
0.659
0.666
0.671
0.683
0.686
0.693
0.694
0.696
0.699
0.703
0.704
0.706
0.709
0.71
0.716
0.723
0.727
0.732
0.738
0.744
0.753
0.76
0.763
0.771
0.778
0.785
0.791
0.791
0.796
0.806
0.814
0.816
0.822
0.827
0.828
0.831
0.836
0.841
0.85
0.858
0.863
0.868
0.874
0.881
0.893
0.899
0.903
0.909
0.912
0.918
0.925
0.932
0.941
0.944
0.951
0.959
0.965
0.971
0.983
0.992
0.998
1.003
1.007
1.014
1.018
1.03
1.036
1.038
1.048
1.053
1.063
1.068
1.078
1.081
1.087
1.093
1.098
1.105
1.114
1.12
1.134
1.141
1.151
1.158
1.17
1.176
1.184
1.19
1.198
1.211
1.218
1.224
1.233
1.235
1.241
1.258
1.269
1.283
1.287
1.297
1.304
1.314
1.325
1.332
1.343
1.356
1.365
1.368
1.38
1.386
1.391
1.401
1.408
1.416
1.435
1.444
1.453
1.462
1.475
1.484
1.493
1.505
1.519
1.529
1.548
1.564
1.581
1.596
1.611
1.621
1.638
1.659
1.669
1.694
1.704
1.729
1.753
1.779
1.801
1.828
1.849
1.871
1.894
1.925
1.945
1.971
1.999
2.026
2.066
2.092
2.129
2.163
2.199
2.233
2.275
2.32
2.357
2.4
2.468
2.552
2.641
2.74
2.878
2.995
3.105
3.384
3.983
4.544
4.771
4.961
5.356
