0.156033
0.156033
0.164647
0.164647
0.174641
0.174641
0.183822
0.183822
0.192391
0.192391
0.199581
0.199581
0.206234
0.206498
0.214199
0.214523
0.220795
0.221288
0.227546
0.227971
0.233314
0.234106
0.239262
0.24006
0.244503
0.24557
0.249397
0.250823
0.255204
0.256762
0.260093
0.261174
0.264579
0.265792
0.269199
0.271214
0.27389
0.275493
0.278021
0.279745
0.281861
0.283329
0.285214
0.286467
0.288888
0.290142
0.292307
0.293738
0.296049
0.2974
0.299634
0.300951
0.302742
0.304282
0.306039
0.307378
0.309378
0.31076
0.312418
0.313835
0.315477
0.31711
0.318582
0.320045
0.32184
0.323479
0.324989
0.326548
0.327948
0.329393
0.331209
0.333185
0.335029
0.336262
0.338146
0.339788
0.340978
0.342228
0.343672
0.34506
0.346484
0.347808
0.349158
0.350955
0.352441
0.354231
0.355555
0.357285
0.359208
0.361038
0.362847
0.364841
0.366318
0.367839
0.369415
0.37119
0.372904
0.374161
0.375939
0.377446
0.3794
0.380904
0.382415
0.384337
0.385571
0.387361
0.388795
0.390519
0.391764
0.393732
0.395272
0.396766
0.398638
0.400297
0.402005
0.4038
0.405024
0.406761
0.408418
0.40999
0.411166
0.412462
0.414061
0.415883
0.417623
0.419101
0.420773
0.422442
0.423869
0.425245
0.426648
0.428407
0.430429
0.432033
0.433629
0.435204
0.437292
0.439188
0.440839
0.44239
0.444464
0.446403
0.448796
0.450492
0.452174
0.453811
0.45556
0.457796
0.459299
0.461118
0.462658
0.46517
0.467068
0.469087
0.470714
0.472799
0.474558
0.476154
0.478245
0.480209
0.482227
0.484547
0.486861
0.488597
0.490574
0.49267
0.494794
0.496352
0.498288
0.500709
0.502638
0.504379
0.506238
0.508757
0.510909
0.513459
0.516271
0.518384
0.520211
0.522194
0.524239
0.525892
0.527991
0.530296
0.532273
0.534549
0.536459
0.538336
0.540937
0.542726
0.545378
0.547537
0.549346
0.551409
0.553557
0.556123
0.558317
0.560834
0.5633
0.565893
0.56805
0.570999
0.573885
0.576747
0.579708
0.58275
0.584915
0.587379
0.59021
0.592611
0.595485
0.597737
0.600007
0.602426
0.605018
0.607253
0.609279
0.611299
0.613939
0.616344
0.618677
0.620771
0.622717
0.624719
0.62656
0.628943
0.631155
0.632986
0.634961
0.637292
0.638842
0.640939
0.642511
0.644258
0.64598
0.64819
0.650056
0.651756
0.653865
0.65599
0.658534
0.6609
0.663152
0.66654
0.669443
0.67216
0.674754
0.677367
0.680454
0.683305
0.686487
0.689885
0.692887
0.695952
0.698651
0.701973
0.705729
0.709529
0.712347
0.715064
0.717866
0.721769
0.724887
0.72942
0.733499
0.737062
0.740654
0.74459
0.747553
0.750947
0.754844
0.758591
0.762349
0.765597
0.76863
0.771324
0.774972
0.778334
0.781426
0.784826
0.789351
0.79333
0.797864
0.800798
0.805079
0.807585
0.811528
0.815504
0.818937
0.82347
0.827157
0.830634
0.834885
0.839502
0.843116
0.847223
0.850792
0.85501
0.859684
0.863851
0.867755
0.871324
0.875796
0.881004
0.88506
0.88954
0.895075
0.901176
0.906649
0.912069
0.91788
0.923969
0.929105
0.934585
0.939683
0.948463
0.955063
0.962646
0.969923
0.978279
0.985523
0.99439
1.00404
1.01112
1.01992
1.0286
1.03736
1.0472
1.05816
1.06649
1.07658
1.08606
1.09643
1.10809
1.12032
1.13527
1.14696
1.15818
1.16822
1.17857
1.19323
1.2099
1.2266
1.25648
1.29598
1.34366
1.39226
1.50286
1.56705
1.8678
