0.08
0.21
0.36
0.5
0.59
0.69
0.71
0.76
0.82
0.85
0.9
0.91
0.92
0.93
0.95
0.96
0.99
1.01
1.04
1.08
1.14
1.18
1.25
1.29
1.3
1.32
1.32
1.32
1.34
1.37
1.37
1.39
1.42
1.42
1.47
1.52
1.56
1.59
1.66
1.66
1.69
1.74
1.78
1.82
1.85
1.88
1.93
1.95
1.97
2.02
2.06
2.08
2.11
2.15
2.2
2.22
2.27
2.33
2.36
2.38
2.39
2.41
2.44
2.44
2.46
2.47
2.49
2.5
2.52
2.53
2.54
2.56
2.63
2.64
2.65
2.68
2.72
2.72
2.76
2.81
2.81
2.89
2.95
2.98
2.98
2.98
3
3.03
3.03
3.05
3.05
3.05
3.09
3.12
3.12
3.12
3.12
3.19
3.22
3.27
3.27
3.3
3.35
3.39
3.43
3.47
3.5
3.52
3.57
3.64
3.69
3.73
3.76
3.78
3.82
3.86
3.92
3.95
4
4.02
4.03
4.07
4.11
4.14
4.18
4.23
4.25
4.29
4.29
4.33
4.35
4.4
4.45
4.47
4.47
4.49
4.52
4.56
4.58
4.6
4.65
4.68
4.69
4.71
4.75
4.82
4.85
4.87
4.91
4.92
4.95
4.97
4.99
5.04
5.09
5.11
5.12
5.14
5.17
5.24
5.26
5.29
5.32
5.37
5.42
5.45
5.48
5.51
5.56
5.63
5.67
5.7
5.73
5.76
5.86
5.89
5.93
5.99
6.04
6.06
6.08
6.11
6.14
6.16
6.24
6.3
6.35
6.4
6.42
6.45
6.46
6.49
6.5
6.54
6.58
6.6
6.65
6.67
6.73
6.77
6.83
6.86
6.9
6.96
6.99
6.99
7.03
7.06
7.11
7.15
7.22
7.25
7.27
7.34
7.41
7.47
7.5
7.58
7.64
7.65
7.69
7.73
7.79
7.8
7.84
7.85
7.89
7.96
8.02
8.05
8.11
8.14
8.21
8.3
8.33
8.38
8.41
8.48
8.52
8.59
8.65
8.67
8.74
8.76
8.77
8.82
8.86
8.92
8.96
9
9.06
9.1
9.15
9.23
9.27
9.3
9.34
9.4
9.46
9.52
9.56
9.6
9.67
9.7
9.72
9.74
9.79
9.8
9.84
9.89
9.94
10.02
10.05
10.09
10.14
10.19
10.23
10.27
10.32
10.35
10.41
10.43
10.48
10.53
10.61
10.64
10.68
10.72
10.75
10.83
10.93
11
11.03
11.08
11.12
11.21
11.26
11.29
11.31
11.32
11.34
11.4
11.47
11.51
11.53
11.59
11.65
11.73
11.77
11.83
11.91
11.96
11.98
12.05
12.09
12.12
12.16
12.2
12.26
12.27
12.34
12.4
12.49
12.52
12.56
12.62
12.67
12.69
12.71
12.78
12.86
12.9
12.99
13.02
13.08
13.16
13.19
13.22
13.25
13.34
13.38
13.42
13.53
13.63
13.7
13.75
13.77
13.83
13.91
13.97
14.01
14.09
14.15
14.21
14.24
14.29
14.41
14.49
14.59
14.65
14.7
14.77
14.82
14.89
14.94
14.98
15.06
15.15
15.2
15.3
15.38
15.47
15.52
15.59
15.63
15.7
15.75
15.81
15.88
15.96
15.99
16.07
16.18
16.28
16.34
16.4
16.48
16.54
16.62
16.69
16.81
16.91
16.96
17.11
17.2
17.26
17.32
17.41
17.47
17.68
17.8
17.93
18.04
18.1
18.19
18.3
18.43
18.56
18.69
18.79
18.88
19.04
19.18
19.35
19.45
19.52
19.69
19.8
19.98
20.12
20.35
20.5
20.65
20.81
21.03
21.19
21.31
21.51
21.69
21.87
22.09
22.3
22.56
22.79
23.09
23.31
23.6
23.85
24.22
24.53
24.84
25.25
25.75
26.5
27.18
27.78
28.52
29.67
31.11
32.98
