0.328
0.328
0.328
0.328
0.328
0.328
0.328
0.328
0.328
0.328
0.328
0.328
0.328
0.328
0.329
0.329
0.329
0.33
0.331
0.331
0.331
0.333
0.333
0.334
0.334
0.334
0.335
0.335
0.336
0.337
0.337
0.338
0.338
0.338
0.338
0.339
0.34
0.341
0.341
0.341
0.342
0.342
0.342
0.342
0.344
0.344
0.344
0.347
0.348
0.348
0.348
0.349
0.35
0.353
0.354
0.355
0.357
0.358
0.36
0.361
0.366
0.372
0.379
0.386
0.387
0.391
0.396
0.403
0.408
0.414
0.416
0.423
0.424
0.428
0.431
0.434
0.437
0.438
0.44
0.444
0.445
0.447
0.447
0.449
0.449
0.449
0.45
0.454
0.455
0.455
0.455
0.457
0.458
0.46
0.468
0.473
0.478
0.483
0.486
0.488
0.49
0.494
0.499
0.506
0.509
0.513
0.514
0.517
0.519
0.522
0.525
0.527
0.534
0.539
0.544
0.548
0.553
0.555
0.559
0.561
0.566
0.571
0.574
0.578
0.579
0.582
0.588
0.593
0.595
0.598
0.603
0.606
0.609
0.616
0.619
0.624
0.626
0.628
0.633
0.639
0.647
0.65
0.653
0.658
0.661
0.669
0.672
0.677
0.682
0.686
0.693
0.697
0.703
0.708
0.712
0.716
0.72
0.726
0.731
0.735
0.742
0.743
0.748
0.753
0.758
0.761
0.764
0.767
0.777
0.788
0.798
0.804
0.81
0.816
0.823
0.827
0.828
0.831
0.835
0.841
0.841
0.843
0.847
0.852
0.863
0.869
0.878
0.888
0.893
0.9
0.909
0.911
0.916
0.918
0.921
0.926
0.929
0.936
0.94
0.949
0.956
0.964
0.965
0.969
0.974
0.981
0.991
0.994
0.998
1
1.008
1.013
1.018
1.022
1.03
1.036
1.042
1.047
1.049
1.052
1.059
1.063
1.065
1.074
1.079
1.086
1.092
1.096
1.106
1.111
1.12
1.127
1.13
1.136
1.14
1.143
1.148
1.152
1.155
1.164
1.169
1.178
1.192
1.201
1.206
1.211
1.218
1.227
1.237
1.241
1.245
1.247
1.251
1.253
1.263
1.273
1.281
1.286
1.294
1.3
1.306
1.312
1.318
1.323
1.33
1.341
1.345
1.352
1.357
1.366
1.375
1.382
1.39
1.396
1.404
1.408
1.415
1.42
1.423
1.435
1.441
1.447
1.453
1.459
1.466
1.481
1.49
1.491
1.498
1.501
1.508
1.514
1.523
1.531
1.535
1.545
1.55
1.555
1.561
1.569
1.577
1.584
1.598
1.605
1.613
1.619
1.625
1.63
1.637
1.644
1.654
1.661
1.673
1.678
1.683
1.693
1.704
1.712
1.722
1.727
1.736
1.742
1.748
1.758
1.771
1.78
1.789
1.799
1.808
1.815
1.824
1.831
1.838
1.853
1.864
1.876
1.884
1.888
1.898
1.908
1.918
1.929
1.939
1.951
1.96
1.969
1.986
2
2.008
2.023
2.034
2.041
2.052
2.062
2.078
2.091
2.103
2.12
2.129
2.144
2.158
2.17
2.185
2.196
2.208
2.224
2.243
2.259
2.272
2.284
2.298
2.322
2.336
2.359
2.383
2.405
2.424
2.452
2.484
2.508
2.53
2.552
2.577
2.605
2.643
2.681
2.723
2.76
2.808
2.863
2.937
3.034
3.116
3.193
3.328
3.525
3.817
4.04
4.221
4.671
