0.12
0.29
0.47
0.53
0.6
0.63
0.65
0.68
0.74
0.77
0.83
0.85
0.9
0.94
0.98
0.98
0.99
1.02
1.04
1.07
1.07
1.08
1.11
1.17
1.18
1.22
1.25
1.28
1.32
1.39
1.45
1.46
1.5
1.53
1.54
1.54
1.56
1.58
1.63
1.66
1.67
1.67
1.71
1.73
1.73
1.74
1.74
1.78
1.82
1.85
1.91
1.97
1.99
2
2.04
2.06
2.08
2.08
2.11
2.12
2.15
2.15
2.17
2.18
2.22
2.27
2.3
2.34
2.39
2.4
2.42
2.45
2.49
2.5
2.51
2.53
2.53
2.55
2.56
2.57
2.58
2.6
2.61
2.61
2.62
2.64
2.64
2.67
2.68
2.68
2.68
2.68
2.69
2.69
2.69
2.7
2.7
2.73
2.74
2.77
2.78
2.83
2.86
2.9
2.94
2.98
3.02
3.08
3.1
3.21
3.26
3.31
3.33
3.34
3.38
3.4
3.46
3.47
3.47
3.51
3.54
3.55
3.55
3.56
3.56
3.56
3.58
3.58
3.59
3.61
3.62
3.64
3.64
3.64
3.65
3.65
3.67
3.67
3.67
3.69
3.72
3.73
3.78
3.8
3.83
3.86
3.9
3.92
3.94
3.99
4.03
4.05
4.07
4.08
4.12
4.15
4.17
4.18
4.22
4.23
4.25
4.3
4.33
4.39
4.41
4.45
4.52
4.55
4.59
4.62
4.65
4.66
4.67
4.67
4.69
4.73
4.75
4.79
4.83
4.86
4.9
4.9
4.91
4.94
4.95
4.98
5
5.02
5.04
5.06
5.08
5.09
5.11
5.15
5.16
5.19
5.21
5.23
5.25
5.25
5.26
5.27
5.3
5.33
5.37
5.38
5.43
5.45
5.5
5.57
5.62
5.66
5.7
5.74
5.76
5.79
5.83
5.85
5.88
5.89
5.9
5.97
5.97
5.99
6.01
6.02
6.03
6.04
6.08
6.11
6.15
6.25
6.27
6.3
6.34
6.39
6.4
6.48
6.5
6.52
6.56
6.58
6.61
6.64
6.69
6.73
6.74
6.79
6.82
6.83
6.89
6.93
6.96
7
7.05
7.1
7.14
7.16
7.18
7.24
7.29
7.34
7.34
7.36
7.41
7.44
7.45
7.47
7.48
7.53
7.56
7.6
7.62
7.67
7.75
7.76
7.76
7.81
7.94
8.03
8.04
8.12
8.15
8.18
8.22
8.24
8.26
8.28
8.32
8.37
8.39
8.41
8.43
8.46
8.48
8.51
8.53
8.62
8.7
8.78
8.8
8.84
8.9
8.94
9
9.06
9.11
9.17
9.18
9.21
9.24
9.26
9.28
9.31
9.38
9.39
9.45
9.45
9.47
9.58
9.6
9.66
9.73
9.79
9.84
9.89
9.92
9.95
10
10.04
10.07
10.16
10.22
10.26
10.31
10.34
10.41
10.45
10.46
10.49
10.54
10.57
10.61
10.67
10.73
10.79
10.82
10.87
10.93
10.94
10.96
11
11.02
11.07
11.14
11.22
11.25
11.31
11.34
11.41
11.5
11.54
11.58
11.61
11.66
11.68
11.69
11.73
11.8
11.86
11.91
11.95
12
12.04
12.1
12.12
12.19
12.27
12.31
12.36
12.39
12.49
12.52
12.55
12.58
12.58
12.63
12.66
12.71
12.81
12.86
12.93
13.01
13.09
13.13
13.17
13.22
13.27
13.34
13.36
13.41
13.46
13.54
13.57
13.6
13.72
13.78
13.83
13.89
13.97
14.02
14.07
14.12
14.16
14.18
14.26
14.34
14.42
14.44
14.53
14.6
14.67
14.74
14.83
14.85
14.93
14.96
15.05
15.1
15.19
15.28
15.35
15.42
15.46
15.51
15.64
15.69
15.73
15.78
15.84
15.91
16.01
16.13
16.21
16.27
16.42
16.53
16.61
16.67
16.76
16.85
16.91
17.04
17.1
17.16
17.3
17.43
17.48
17.59
17.71
17.83
17.95
18.02
18.14
18.3
18.35
18.48
18.58
18.72
18.81
18.91
19.06
19.25
19.38
19.57
19.73
19.87
20.05
20.15
20.4
20.56
20.73
20.96
21.15
21.47
21.69
21.85
22.18
22.39
22.75
22.98
23.33
23.66
24.1
24.59
25.21
26.01
26.82
28.04
30.23
