0.148262
0.148262
0.151208
0.151208
0.152264
0.152264
0.152982
0.152982
0.153598
0.153602
0.154245
0.154248
0.154905
0.15494
0.15586
0.155886
0.156748
0.156843
0.157585
0.157788
0.158885
0.159034
0.15986
0.159994
0.160963
0.161201
0.162215
0.162535
0.163627
0.163886
0.16475
0.165238
0.166575
0.167066
0.167956
0.168349
0.169461
0.169877
0.17087
0.171371
0.172111
0.17273
0.173636
0.174278
0.175254
0.175738
0.176683
0.177257
0.178071
0.178605
0.179704
0.180449
0.181124
0.181643
0.182506
0.183218
0.183907
0.184505
0.185217
0.185829
0.186587
0.187329
0.188102
0.188643
0.189369
0.189919
0.190712
0.191295
0.191845
0.192655
0.193381
0.194112
0.194711
0.195351
0.196006
0.196632
0.197383
0.19803
0.198929
0.199353
0.200122
0.20083
0.201422
0.202227
0.202783
0.203525
0.204403
0.205198
0.205881
0.206458
0.207095
0.207721
0.208324
0.209041
0.209624
0.210378
0.210859
0.211677
0.212404
0.213064
0.213711
0.214435
0.21502
0.215605
0.216121
0.216674
0.217261
0.217994
0.218527
0.219138
0.219681
0.220363
0.220896
0.221534
0.222152
0.222657
0.223259
0.223959
0.224524
0.225019
0.225503
0.226153
0.226778
0.227375
0.227959
0.228564
0.228922
0.229481
0.230058
0.2306
0.231091
0.231636
0.232191
0.232726
0.233464
0.233992
0.234528
0.235028
0.235651
0.236226
0.236876
0.237309
0.237942
0.23844
0.239036
0.239563
0.240073
0.240596
0.241149
0.241743
0.242346
0.242965
0.243539
0.244007
0.244564
0.24517
0.245841
0.246351
0.246831
0.247293
0.247855
0.248424
0.249002
0.249401
0.250042
0.250553
0.251205
0.25168
0.252222
0.252831
0.253376
0.254009
0.254338
0.255014
0.255565
0.256005
0.256581
0.25702
0.257619
0.258187
0.258726
0.259107
0.259576
0.26011
0.260763
0.261347
0.261814
0.262335
0.262864
0.263378
0.263909
0.264376
0.264962
0.265621
0.266179
0.266863
0.267298
0.2679
0.268446
0.268876
0.269493
0.269947
0.270408
0.270916
0.271496
0.271945
0.272582
0.273084
0.273546
0.274029
0.274557
0.275062
0.275549
0.276092
0.276587
0.277125
0.277717
0.278265
0.278732
0.279189
0.2797
0.280205
0.280786
0.281251
0.281666
0.282255
0.283013
0.283478
0.284074
0.284566
0.285097
0.285715
0.286189
0.286744
0.287201
0.287741
0.288307
0.28883
0.289299
0.289878
0.290352
0.290935
0.291616
0.292046
0.292595
0.293001
0.293654
0.294186
0.294815
0.295419
0.295852
0.296475
0.296963
0.297467
0.297896
0.298548
0.299068
0.29958
0.299949
0.300481
0.30103
0.301522
0.302127
0.30256
0.303042
0.303562
0.304073
0.304655
0.305138
0.305637
0.306124
0.306728
0.307183
0.307782
0.308205
0.30884
0.309268
0.309726
0.31022
0.310725
0.311242
0.31188
0.312339
0.312801
0.313439
0.314004
0.314736
0.315246
0.315835
0.316362
0.316822
0.317313
0.317806
0.318266
0.318717
0.31934
0.319906
0.320365
0.320843
0.321338
0.321789
0.322282
0.32292
0.323437
0.323956
0.324424
0.324888
0.325354
0.325885
0.326331
0.326763
0.32728
0.327836
0.328487
0.328935
0.329556
0.330191
0.330763
0.33126
0.331704
0.332329
0.332842
0.33335
0.333795
0.33431
0.334832
0.33532
0.335931
0.336388
0.336977
0.337532
0.33795
0.338392
0.3389
0.339411
0.339927
0.340381
0.340764
0.341217
0.341632
0.342115
0.342546
0.343031
0.343517
0.344037
0.344399
0.344851
0.345279
0.345738
0.346227
0.346733
0.347204
0.347788
0.348227
0.348664
0.349205
0.349554
0.350083
0.350558
0.351235
0.351617
0.352105
0.352666
0.353194
0.353597
0.354171
0.354734
0.355247
0.355705
0.356092
0.35663
0.357191
0.357837
0.358356
0.35889
0.359406
0.359957
0.360367
0.360826
0.36137
0.36193
0.362264
0.362734
0.363167
0.363672
0.364039
0.364564
0.3651
0.365631
0.366123
0.36672
0.367228
0.367773
0.368226
0.368738
0.369237
0.369749
0.370301
0.370825
0.371256
0.371749
0.372133
0.372653
0.373096
0.373581
0.374151
0.374702
0.375136
0.375614
0.375982
0.376492
0.377083
0.377562
0.378117
0.378738
0.379344
0.379842
0.380367
0.380798
0.381283
0.38188
0.382338
0.38289
0.383408
0.383925
0.384612
0.385125
0.385675
0.38619
0.386686
0.387256
0.387714
0.388284
0.388799
0.389309
0.389902
0.390428
0.39096
0.391566
0.392203
0.392863
0.393412
0.393963
0.394589
0.395172
0.395691
0.396251
0.396952
0.397427
0.39791
0.398421
0.398868
0.399587
0.400115
0.400658
0.401181
0.401828
0.402457
0.403044
0.403583
0.404174
0.404869
0.405376
0.405906
0.406437
0.406921
0.40747
0.408061
0.408707
0.409195
0.409879
0.410501
0.411077
0.411734
0.412357
0.413034
0.41346
0.414213
0.414712
0.415426
0.415995
0.416458
0.417024
0.417854
0.418503
0.419123
0.419735
0.420476
0.42105
0.421854
0.422487
0.423051
0.423811
0.424457
0.424965
0.425654
0.426449
0.42731
0.428047
0.42875
0.429439
0.43015
0.430754
0.431336
0.432011
0.432828
0.433602
0.434532
0.435205
0.435954
0.436717
0.437538
0.438253
0.439074
0.439865
0.44054
0.441437
0.442339
0.442896
0.443589
0.44434
0.44521
0.445942
0.44679
0.447358
0.448292
0.449013
0.449888
0.450585
0.451567
0.452287
0.453155
0.454079
0.455122
0.456133
0.456901
0.457622
0.45847
0.459339
0.460317
0.461064
0.461861
0.462573
0.463287
0.464089
0.464842
0.465919
0.46679
0.467633
0.468709
0.469751
0.470583
0.471393
0.472252
0.472976
0.474012
0.475068
0.475913
0.476656
0.477638
0.478659
0.479702
0.480636
0.481507
0.482797
0.483849
0.484856
0.485695
0.486673
0.487733
0.488613
0.48959
0.490662
0.491697
0.492594
0.493654
0.494671
0.495625
0.49679
0.497996
0.499129
0.500106
0.501143
0.502389
0.503261
0.504295
0.505297
0.506257
0.506942
0.507957
0.509263
0.5105
0.511551
0.512655
0.51374
0.514688
0.515709
0.516944
0.517985
0.519058
0.520365
0.521398
0.522526
0.523801
0.524769
0.526051
0.527256
0.528333
0.529312
0.530513
0.53176
0.532516
0.533692
0.53478
0.535821
0.536922
0.538203
0.539266
0.540336
0.541663
0.542803
0.544016
0.545228
0.546718
0.548065
0.549645
0.550926
0.552216
0.553664
0.554838
0.55628
0.557516
0.559047
0.560293
0.561586
0.562779
0.564054
0.565478
0.56686
0.568873
0.570643
0.572104
0.573581
0.575034
0.576413
0.577709
0.579245
0.580624
0.581963
0.583451
0.584654
0.586349
0.587792
0.589106
0.590863
0.592494
0.59433
0.596168
0.597789
0.599619
0.601431
0.602988
0.604909
0.606768
0.608519
0.61047
0.612101
0.613897
0.61586
0.617901
0.619582
0.621744
0.623592
0.625135
0.62688
0.628886
0.631131
0.632738
0.634585
0.63668
0.63841
0.641168
0.643245
0.645945
0.647962
0.650348
0.65241
0.654794
0.657177
0.660025
0.662841
0.665354
0.66815
0.6705
0.673984
0.677217
0.680204
0.683153
0.686351
0.689765
0.693094
0.696782
0.700624
0.703973
0.707667
0.71151
0.715363
0.719606
0.723937
0.728512
0.733066
0.738223
0.742894
0.746653
0.751713
0.758595
0.764807
0.771261
0.777447
0.783375
0.789097
0.795514
0.800302
0.808762
0.817437
0.826916
0.835465
0.84381
0.851603
0.860631
0.872108
0.884057
0.901008
0.916552
0.930279
0.950989
0.969161
0.990228
1.01614
1.04014
1.07391
1.10193
1.12055
1.15122
1.19322
1.2522
1.29525
1.34797
1.41082
1.54026
