0.03
0.12
0.33
0.56
0.71
0.83
0.93
0.97
0.97
0.98
0.98
0.98
0.98
0.98
0.98
0.99
0.99
1
1.04
1.06
1.13
1.19
1.26
1.3
1.36
1.43
1.54
1.66
1.71
1.78
1.85
1.87
1.91
1.92
1.93
1.93
1.93
1.96
1.97
1.98
1.99
2
2.02
2.06
2.12
2.2
2.3
2.4
2.51
2.56
2.6
2.63
2.67
2.7
2.73
2.74
2.74
2.76
2.79
2.82
2.84
2.86
2.88
2.91
2.91
2.92
2.94
2.97
3.03
3.04
3.08
3.15
3.2
3.28
3.34
3.39
3.46
3.5
3.58
3.61
3.64
3.67
3.71
3.71
3.73
3.73
3.75
3.76
3.76
3.78
3.78
3.79
3.83
3.9
3.94
3.98
4.01
4.06
4.08
4.14
4.27
4.34
4.36
4.4
4.45
4.48
4.49
4.56
4.6
4.62
4.64
4.65
4.67
4.69
4.7
4.76
4.77
4.79
4.86
4.89
4.9
4.93
4.96
4.99
5
5.04
5.05
5.13
5.2
5.25
5.29
5.31
5.33
5.34
5.41
5.48
5.51
5.54
5.56
5.59
5.62
5.65
5.68
5.74
5.79
5.8
5.85
5.85
5.91
5.96
5.97
6.01
6.04
6.08
6.11
6.13
6.18
6.22
6.22
6.26
6.31
6.33
6.35
6.35
6.4
6.43
6.47
6.5
6.53
6.55
6.59
6.61
6.64
6.66
6.68
6.69
6.76
6.81
6.84
6.92
7
7.05
7.09
7.12
7.15
7.16
7.21
7.21
7.22
7.24
7.26
7.28
7.32
7.35
7.37
7.38
7.4
7.41
7.43
7.43
7.44
7.47
7.5
7.55
7.56
7.6
7.67
7.7
7.75
7.77
7.81
7.86
7.91
7.92
7.94
8.01
8.02
8.03
8.06
8.09
8.11
8.12
8.14
8.17
8.19
8.21
8.26
8.29
8.29
8.33
8.36
8.4
8.43
8.48
8.52
8.54
8.57
8.61
8.63
8.67
8.71
8.77
8.82
8.85
8.89
8.92
8.92
8.94
8.95
8.98
8.99
9.01
9.05
9.06
9.06
9.08
9.08
9.12
9.14
9.21
9.25
9.33
9.36
9.42
9.47
9.51
9.54
9.56
9.6
9.6
9.64
9.66
9.69
9.72
9.72
9.76
9.79
9.8
9.8
9.81
9.86
9.9
9.92
9.94
9.98
10.03
10.08
10.13
10.14
10.15
10.16
10.2
10.22
10.25
10.26
10.27
10.3
10.33
10.37
10.38
10.39
10.4
10.41
10.42
10.44
10.49
10.54
10.57
10.59
10.66
10.67
10.71
10.77
10.8
10.86
10.88
10.89
10.91
10.95
10.98
11
11.03
11.07
11.09
11.11
11.13
11.16
11.18
11.19
11.19
11.2
11.21
11.23
11.23
11.25
11.31
11.32
11.35
11.41
11.43
11.45
11.48
11.5
11.51
11.54
11.55
11.58
11.62
11.68
11.75
11.76
11.78
11.78
11.82
11.87
11.89
11.9
11.93
11.95
11.96
12
12.06
12.07
12.1
12.1
12.14
12.18
12.2
12.2
12.22
12.23
12.24
12.27
12.29
12.32
12.34
12.35
12.37
12.41
12.45
12.49
12.5
12.54
12.55
12.59
12.61
12.64
12.66
12.69
12.71
12.74
12.78
12.82
12.85
12.86
12.89
12.93
12.95
12.97
13.03
13.05
13.06
13.08
13.1
13.12
13.13
13.15
13.17
13.19
13.22
13.25
13.28
13.3
13.3
13.34
13.34
13.35
13.38
13.42
13.45
13.47
13.5
13.53
13.54
13.56
13.61
13.61
13.64
13.68
13.69
13.72
13.76
13.8
13.83
13.84
13.86
13.87
13.88
13.91
13.92
13.93
13.96
13.99
14.03
14.05
14.09
14.12
14.13
14.14
14.16
14.17
14.2
14.21
14.23
14.26
14.27
14.3
14.32
14.32
14.33
14.35
14.39
14.43
14.46
14.49
14.49
14.51
14.56
14.57
14.62
14.65
14.69
14.73
14.79
14.82
14.85
14.87
14.89
14.92
14.94
14.95
14.97
15
15.03
15.03
15.05
15.06
15.08
15.1
15.11
15.12
15.14
15.14
15.16
15.18
15.18
15.18
15.2
15.25
15.3
15.33
15.33
15.37
15.39
15.42
15.45
15.46
15.52
15.56
15.58
15.61
15.62
15.66
15.71
15.72
15.72
15.73
15.78
15.8
15.84
15.86
15.89
15.9
15.93
15.94
15.94
15.95
15.97
15.98
15.98
15.99
16.03
16.04
16.07
16.08
16.12
16.13
16.17
16.17
16.2
16.26
16.29
16.33
16.38
16.41
16.43
16.44
16.46
16.48
16.48
16.5
16.53
16.57
16.58
16.63
16.64
16.66
16.68
16.69
16.7
16.72
16.73
16.75
16.79
16.8
16.81
16.82
16.86
16.88
16.88
16.91
16.95
16.96
17.01
17.05
17.07
17.1
17.14
17.16
17.2
17.22
17.27
17.29
17.32
17.33
17.36
17.39
17.39
17.41
17.43
17.44
17.46
17.46
17.47
17.49
17.5
17.51
17.55
17.58
17.61
17.61
17.64
17.69
17.69
17.72
17.73
17.73
17.77
17.82
17.85
17.89
17.91
17.92
17.95
18
18.03
18.04
18.06
18.09
18.11
18.13
18.15
18.18
18.19
18.19
18.2
18.22
18.23
18.23
18.29
18.32
18.33
18.35
18.39
18.41
18.44
18.47
18.51
18.53
18.56
18.57
18.61
18.66
18.7
18.71
18.73
18.75
18.76
18.8
18.84
18.87
18.89
18.93
18.93
18.98
18.99
19
19.02
19.03
19.07
19.08
19.09
19.1
19.13
19.16
19.18
19.22
19.25
19.29
19.32
19.36
19.37
19.42
19.47
19.5
19.52
19.56
19.58
19.61
19.63
19.64
19.67
19.69
19.73
19.74
19.75
19.77
19.8
19.85
19.9
19.9
19.93
19.95
19.95
19.96
20.01
20.05
20.07
20.15
20.18
20.2
20.25
20.29
20.32
20.39
20.4
20.43
20.45
20.46
20.49
20.52
20.53
20.53
20.55
20.57
20.59
20.62
20.64
20.64
20.67
20.69
20.72
20.74
20.78
20.8
20.84
20.85
20.9
20.92
20.95
20.98
21.01
21.06
21.08
21.1
21.16
21.21
21.25
21.28
21.3
21.31
21.32
21.34
21.37
21.4
21.44
21.49
21.49
21.51
21.52
21.56
21.58
21.59
21.62
21.67
21.71
21.72
21.76
21.8
21.83
21.86
21.91
21.92
21.96
21.98
22.02
22.06
22.07
22.11
22.16
22.19
22.25
22.26
22.27
22.28
22.29
22.29
22.33
22.41
22.45
22.51
22.54
22.59
22.63
22.66
22.67
22.7
22.72
22.76
22.8
22.88
22.9
22.92
22.94
22.94
22.95
23.01
23.04
23.08
23.09
23.12
23.15
23.17
23.2
23.25
23.3
23.36
23.39
23.42
23.46
23.46
23.47
23.52
23.57
23.6
23.65
23.69
23.72
23.73
23.76
23.8
23.85
23.89
23.94
23.97
24
24.05
24.09
24.11
24.14
24.18
24.19
24.22
24.24
24.28
24.33
24.35
24.4
24.43
24.47
24.51
24.57
24.6
24.62
24.68
24.75
24.78
24.81
24.86
24.9
24.91
24.97
24.98
25.02
25.05
25.1
25.12
25.15
25.2
25.26
25.32
25.38
25.42
25.46
25.52
25.56
25.59
25.61
25.68
25.76
25.8
25.86
25.87
25.91
25.93
26
26.05
26.1
26.18
26.21
26.27
26.33
26.37
26.4
26.43
26.51
26.58
26.64
26.66
26.68
26.75
26.81
26.85
26.88
26.91
26.98
27.05
27.1
27.18
27.24
27.3
27.35
27.38
27.46
27.54
27.57
27.65
27.68
27.72
27.79
27.83
27.9
27.99
28.11
28.16
28.22
28.31
28.36
28.4
28.46
28.57
28.63
28.7
28.74
28.78
28.83
28.97
29.03
29.12
29.19
29.26
29.32
29.43
29.54
29.56
29.65
29.76
29.85
29.95
30.07
30.14
30.21
30.28
30.35
30.42
30.54
30.62
30.77
30.87
30.99
31.11
31.18
31.28
31.39
31.54
31.6
31.67
31.87
31.99
32.12
32.25
32.4
32.52
32.65
32.75
32.89
33.02
33.2
33.36
33.58
33.7
33.91
34.1
34.29
34.5
34.65
34.8
35.05
35.31
35.5
35.76
36.09
36.37
36.7
37
37.27
37.57
37.91
38.23
38.72
39.2
39.66
40.24
40.89
41.62
42.66
43.86
45.19
47.53
50.92
