0.138378
0.138378
0.1452
0.1452
0.147407
0.147407
0.149129
0.149129
0.150403
0.150403
0.1513
0.1513
0.151661
0.151661
0.152027
0.152027
0.152262
0.152262
0.152654
0.152654
0.152863
0.152863
0.153177
0.153178
0.153401
0.153405
0.153596
0.153596
0.153808
0.153811
0.154069
0.154071
0.154297
0.154305
0.154555
0.154571
0.154812
0.154827
0.155072
0.155088
0.155327
0.155366
0.155638
0.155658
0.155941
0.155986
0.156324
0.156368
0.156726
0.156817
0.157167
0.15725
0.157581
0.157662
0.158099
0.158191
0.158598
0.158794
0.159258
0.159431
0.159776
0.159964
0.160297
0.160487
0.160833
0.161051
0.161362
0.16153
0.16203
0.162371
0.162625
0.162872
0.163276
0.163478
0.163812
0.163989
0.164295
0.164613
0.16488
0.165171
0.165511
0.165871
0.166234
0.166513
0.166882
0.167195
0.167508
0.167815
0.16813
0.168503
0.168893
0.169301
0.169648
0.169953
0.170317
0.170608
0.171002
0.171387
0.171746
0.172006
0.172395
0.172699
0.173033
0.173513
0.173787
0.174094
0.174395
0.174783
0.175163
0.17554
0.175798
0.176211
0.176572
0.176885
0.177252
0.177664
0.178125
0.178526
0.178832
0.179132
0.179482
0.179817
0.180153
0.180522
0.180845
0.181254
0.181599
0.18196
0.182337
0.182754
0.183142
0.183474
0.183797
0.184173
0.184527
0.185089
0.18541
0.185801
0.18615
0.186578
0.186917
0.187298
0.187647
0.188019
0.188319
0.188767
0.189096
0.189461
0.18983
0.190207
0.1906
0.190907
0.191233
0.191656
0.191949
0.192381
0.19267
0.192993
0.193479
0.193791
0.194172
0.194509
0.194892
0.195318
0.195703
0.195963
0.196244
0.19663
0.197033
0.197329
0.197787
0.198151
0.19855
0.19893
0.199274
0.199695
0.200108
0.200495
0.200856
0.201167
0.201536
0.20187
0.202379
0.202721
0.203029
0.203411
0.203732
0.204144
0.204456
0.204812
0.205191
0.205529
0.205849
0.206326
0.206712
0.207163
0.207539
0.20788
0.208299
0.20867
0.209082
0.209404
0.209719
0.210005
0.210311
0.210666
0.211028
0.211388
0.211788
0.212155
0.212599
0.212967
0.213365
0.213684
0.214023
0.214408
0.214762
0.215073
0.215517
0.215789
0.216242
0.216581
0.217012
0.21733
0.217837
0.218128
0.218556
0.218967
0.219229
0.219536
0.219852
0.220161
0.220633
0.220997
0.221374
0.221757
0.222123
0.222541
0.222897
0.223334
0.223574
0.224002
0.224228
0.224538
0.224846
0.225144
0.225469
0.225748
0.226106
0.226502
0.226784
0.227054
0.227341
0.227667
0.228032
0.228336
0.228718
0.229022
0.229431
0.229772
0.230112
0.230504
0.2308
0.231114
0.2315
0.231856
0.232224
0.2325
0.2328
0.23323
0.233588
0.234005
0.234324
0.234751
0.235041
0.235323
0.235706
0.236033
0.236454
0.236912
0.237221
0.237555
0.23797
0.238325
0.238631
0.238979
0.239312
0.239711
0.240065
0.240509
0.240867
0.241188
0.241605
0.241955
0.242246
0.242634
0.242963
0.243422
0.243718
0.244047
0.244405
0.244711
0.245039
0.245387
0.245722
0.246066
0.246446
0.246773
0.247106
0.247366
0.247716
0.248038
0.248365
0.248696
0.249102
0.249473
0.249926
0.250351
0.250668
0.250978
0.251346
0.251769
0.252235
0.252632
0.252947
0.253377
0.253738
0.254079
0.254561
0.254879
0.255315
0.255694
0.256074
0.256502
0.256934
0.257268
0.257631
0.257913
0.258197
0.258601
0.258953
0.259359
0.259812
0.26015
0.260548
0.260821
0.261162
0.261445
0.261807
0.262134
0.262649
0.262914
0.263377
0.263831
0.264139
0.264518
0.264888
0.265335
0.26576
0.266147
0.266431
0.266768
0.267199
0.267563
0.267993
0.268298
0.268799
0.269191
0.269598
0.269947
0.27028
0.270644
0.270971
0.271343
0.271782
0.272275
0.272655
0.273024
0.2734
0.273795
0.274189
0.274537
0.274921
0.27522
0.275665
0.275972
0.276409
0.276805
0.277268
0.277682
0.2781
0.278457
0.278741
0.279131
0.279536
0.279955
0.280268
0.280619
0.281033
0.28145
0.281882
0.282233
0.28263
0.283018
0.283455
0.283705
0.284172
0.284572
0.28499
0.285346
0.285797
0.28618
0.286595
0.286963
0.287306
0.287686
0.287969
0.288405
0.288838
0.289185
0.289487
0.289935
0.290395
0.290689
0.291066
0.291405
0.291704
0.292098
0.292411
0.292763
0.293141
0.293553
0.293889
0.29423
0.294632
0.29495
0.29529
0.295629
0.295983
0.296281
0.296626
0.297108
0.29746
0.297885
0.298277
0.298592
0.299097
0.299425
0.299747
0.30014
0.300588
0.300989
0.301366
0.301675
0.301955
0.302334
0.302689
0.302976
0.303356
0.303654
0.304133
0.304418
0.304861
0.305177
0.305576
0.306014
0.306358
0.306793
0.307135
0.307634
0.307965
0.308452
0.308842
0.309211
0.309537
0.309872
0.310283
0.310642
0.311003
0.31141
0.311805
0.312165
0.312616
0.312994
0.313374
0.313722
0.314059
0.314429
0.314809
0.315178
0.315496
0.315859
0.316158
0.316469
0.316867
0.31709
0.317582
0.317902
0.318234
0.318576
0.319008
0.319346
0.319713
0.320102
0.320472
0.320835
0.321179
0.321537
0.321884
0.322247
0.322573
0.322871
0.323326
0.323596
0.324025
0.324305
0.324741
0.325123
0.325449
0.325801
0.326155
0.326447
0.326793
0.327106
0.327477
0.327876
0.328228
0.328602
0.328993
0.329286
0.329672
0.330004
0.330384
0.33069
0.331042
0.33135
0.331656
0.331988
0.332236
0.332647
0.332964
0.333453
0.333792
0.334158
0.33454
0.334962
0.335331
0.335702
0.336093
0.336376
0.336667
0.336962
0.337276
0.337674
0.33798
0.338296
0.338688
0.339049
0.339491
0.33985
0.3403
0.34064
0.340986
0.341272
0.34172
0.342127
0.342554
0.343013
0.343387
0.343719
0.34418
0.344546
0.34495
0.34537
0.34576
0.346166
0.346553
0.34701
0.347364
0.347758
0.348189
0.34857
0.348937
0.349321
0.349663
0.350104
0.350474
0.350854
0.351317
0.351641
0.352028
0.352359
0.352728
0.353078
0.353439
0.35382
0.354229
0.354633
0.355046
0.355481
0.355964
0.356348
0.356723
0.357185
0.357552
0.357926
0.358337
0.35868
0.359214
0.35967
0.360136
0.360469
0.360899
0.361342
0.361793
0.362112
0.36256
0.36294
0.363378
0.363694
0.364023
0.364394
0.364818
0.365184
0.365668
0.365956
0.366399
0.366896
0.367276
0.367681
0.368045
0.36846
0.369008
0.36945
0.369908
0.370303
0.370716
0.371055
0.371552
0.372031
0.372512
0.372825
0.373179
0.373652
0.374087
0.374567
0.375028
0.375463
0.375866
0.376228
0.376657
0.377047
0.377523
0.377883
0.378376
0.378748
0.379234
0.379693
0.380068
0.380482
0.380913
0.38135
0.381738
0.382105
0.382517
0.382951
0.383374
0.383765
0.384125
0.384633
0.384979
0.385471
0.385871
0.386369
0.386884
0.38731
0.38772
0.388125
0.388604
0.389048
0.389552
0.389983
0.390593
0.391068
0.391446
0.391911
0.392445
0.392882
0.393307
0.393783
0.394148
0.39465
0.394937
0.395334
0.395801
0.396196
0.396679
0.397139
0.397621
0.398151
0.398654
0.399139
0.39959
0.400053
0.400415
0.400885
0.401235
0.401762
0.402175
0.402739
0.403141
0.403633
0.404142
0.404601
0.405064
0.405326
0.405975
0.406453
0.407047
0.407598
0.408118
0.408715
0.409163
0.409727
0.410161
0.41054
0.411135
0.411691
0.412154
0.412671
0.413125
0.413583
0.414066
0.414538
0.414984
0.415541
0.416086
0.416471
0.416991
0.417528
0.418082
0.418696
0.419262
0.419915
0.420402
0.420955
0.42154
0.421965
0.422403
0.422846
0.42335
0.423967
0.424483
0.425043
0.425585
0.426208
0.426656
0.427124
0.42764
0.428213
0.428889
0.429485
0.430017
0.43051
0.4311
0.4316
0.432177
0.432694
0.433337
0.433869
0.434463
0.435031
0.435592
0.436289
0.43682
0.437367
0.437931
0.438515
0.439156
0.439819
0.44043
0.440985
0.441604
0.44225
0.442817
0.443378
0.444044
0.444677
0.445228
0.445786
0.446387
0.44699
0.447546
0.448094
0.448718
0.449385
0.450046
0.450619
0.451384
0.452007
0.452763
0.453378
0.453995
0.454648
0.455476
0.456291
0.457066
0.4578
0.458574
0.459151
0.459885
0.460695
0.461322
0.461955
0.46278
0.463538
0.464236
0.464962
0.465885
0.466785
0.467556
0.468366
0.46899
0.46969
0.470387
0.471147
0.471816
0.472531
0.473256
0.474114
0.474871
0.47563
0.47644
0.477189
0.477997
0.478897
0.479619
0.480281
0.481
0.481747
0.482525
0.483476
0.484396
0.485199
0.486128
0.487013
0.487775
0.488503
0.489343
0.490247
0.491123
0.491928
0.492818
0.493639
0.49455
0.495262
0.496149
0.496956
0.497795
0.498799
0.499633
0.500619
0.501566
0.5024
0.503369
0.504183
0.505255
0.506429
0.507188
0.508267
0.509156
0.510177
0.511082
0.511983
0.512832
0.513919
0.514834
0.515872
0.516728
0.517867
0.518758
0.519746
0.520825
0.522022
0.523287
0.524738
0.525657
0.526864
0.527878
0.529149
0.530499
0.531529
0.532667
0.533901
0.535261
0.536498
0.537702
0.538728
0.540178
0.541648
0.543194
0.544762
0.546154
0.54739
0.54876
0.550116
0.551401
0.552545
0.553966
0.555736
0.557181
0.558764
0.56007
0.561386
0.562842
0.564513
0.566213
0.567682
0.569617
0.571072
0.572698
0.574356
0.576117
0.577785
0.579539
0.581231
0.583176
0.584514
0.586322
0.58792
0.590127
0.59207
0.593893
0.595661
0.597704
0.599766
0.601425
0.603196
0.605473
0.607565
0.609593
0.611735
0.61441
0.616578
0.618417
0.62037
0.622541
0.624662
0.626719
0.629276
0.63171
0.63428
0.63756
0.640253
0.64313
0.645832
0.64819
0.65148
0.654825
0.657682
0.660784
0.664018
0.666992
0.670508
0.673672
0.677475
0.680607
0.684179
0.687784
0.691406
0.695287
0.699101
0.70439
0.708976
0.713916
0.719487
0.724755
0.731096
0.737158
0.744034
0.750452
0.756958
0.76389
0.770856
0.778713
0.78828
0.797658
0.809193
0.819127
0.829323
0.838292
0.853762
0.869572
0.885611
0.907239
0.958576
0.998872
1.05479
1.11736
1.4874
