0.147542
0.147542
0.148984
0.148984
0.149394
0.149394
0.149413
0.149413
0.149949
0.149949
0.150007
0.150007
0.150344
0.150344
0.151092
0.151092
0.151256
0.151256
0.152011
0.152011
0.152183
0.152183
0.152332
0.152332
0.152447
0.152447
0.152513
0.152513
0.152557
0.152557
0.152593
0.152593
0.152622
0.152622
0.152892
0.152892
0.153127
0.153127
0.15337
0.15337
0.153407
0.153407
0.153632
0.153632
0.153844
0.153844
0.154065
0.154065
0.154391
0.154391
0.155
0.155
0.155152
0.155152
0.155272
0.155272
0.1559
0.1559
0.156328
0.156328
0.156798
0.156798
0.156901
0.156901
0.156998
0.156998
0.157146
0.157536
0.157536
0.157709
0.157709
0.15787
0.15787
0.158569
0.158569
0.159425
0.159425
0.159689
0.159689
0.159717
0.159717
0.160209
0.160209
0.160541
0.160541
0.161091
0.16155
0.162129
0.162129
0.16227
0.16227
0.162955
0.162955
0.165316
0.165316
0.165936
0.165936
0.166503
0.166729
0.166729
0.16728
0.16728
0.167591
0.167983
0.167983
0.168016
0.168016
0.168431
0.168431
0.16941
0.16941
0.170475
0.170475
0.170838
0.170838
0.170992
0.172511
0.172511
0.17267
0.17267
0.174234
0.174234
0.174743
0.174743
0.175093
0.175093
0.177098
0.177098
0.177136
0.177136
0.177199
0.177199
0.177223
0.177223
0.177447
0.178887
0.178887
0.178923
0.179188
0.179626
0.179626
0.179966
0.179966
0.180036
0.180036
0.181635
0.181635
0.181728
0.181728
0.182799
0.182799
0.183206
0.183206
0.183268
0.183268
0.183755
0.183755
0.184246
0.184246
0.185009
0.185107
0.185107
0.185859
0.185859
0.18664
0.18664
0.186765
0.186765
0.187326
0.187326
0.187915
0.187915
0.188269
0.188269
0.189131
0.190023
0.190023
0.190797
0.190797
0.19132
0.191929
0.191929
0.192283
0.192388
0.192388
0.192618
0.192618
0.1933
0.193611
0.193783
0.193783
0.195266
0.195266
0.197007
0.198054
0.198673
0.198673
0.198923
0.198923
0.200229
0.200229
0.200415
0.200415
0.200434
0.200434
0.201185
0.204376
0.204376
0.205086
0.205282
0.205282
0.205331
0.205331
0.205403
0.205403
0.205411
0.205411
0.206294
0.206355
0.206355
0.206966
0.206966
0.207439
0.207439
0.207545
0.207545
0.207616
0.207718
0.207718
0.208549
0.208549
0.209961
0.209961
0.209963
0.209963
0.210075
0.210075
0.210424
0.210866
0.210866
0.211565
0.211565
0.21158
0.21158
0.2132
0.2132
0.21384
0.214592
0.214592
0.214675
0.214721
0.214721
0.21826
0.21826
0.21869
0.220391
0.220391
0.220426
0.220426
0.222115
0.222115
0.223087
0.223087
0.224485
0.224897
0.224897
0.225298
0.225701
0.226539
0.226539
0.226542
0.22662
0.228028
0.228028
0.228218
0.228218
0.228882
0.228882
0.229183
0.230023
0.230023
0.230419
0.230419
0.230649
0.231588
0.231588
0.23203
0.23203
0.233525
0.233525
0.234026
0.234843
0.234843
0.2359
0.23604
0.236435
0.236553
0.236731
0.236731
0.236772
0.236772
0.238125
0.238125
0.238178
0.238342
0.238342
0.238413
0.238954
0.238954
0.239257
0.239257
0.239724
0.239724
0.241113
0.241245
0.241588
0.24322
0.243903
0.245765
0.245765
0.247187
0.247187
0.248234
0.249511
0.249511
0.249705
0.249705
0.25076
0.250771
0.250771
0.251352
0.251352
0.251717
0.251717
0.252374
0.252532
0.252532
0.253386
0.253708
0.253966
0.254138
0.254191
0.254191
0.255258
0.255674
0.255674
0.25649
0.25649
0.256552
0.257757
0.257757
0.257972
0.258157
0.258718
0.258839
0.259161
0.259161
0.260312
0.260312
0.260624
0.261716
0.262747
0.262755
0.262755
0.263404
0.263404
0.264333
0.264333
0.266929
0.266929
0.266982
0.266982
0.267027
0.267245
0.267618
0.267882
0.267899
0.267899
0.268354
0.268354
0.269941
0.269941
0.27117
0.272767
0.273033
0.273033
0.273664
0.273664
0.274705
0.274705
0.274789
0.274789
0.274927
0.274962
0.275008
0.275008
0.275698
0.275904
0.276264
0.276264
0.278904
0.279108
0.279108
0.280206
0.280206
0.280792
0.281072
0.281072
0.281197
0.281747
0.281747
0.28566
0.2862
0.287219
0.287219
0.28794
0.28794
0.2882
0.2882
0.288501
0.289171
0.289171
0.291723
0.292065
0.292065
0.29348
0.29348
0.294708
0.294708
0.294802
0.295498
0.295522
0.296106
0.296545
0.296545
0.297787
0.297787
0.298066
0.298201
0.29899
0.299042
0.29991
0.299945
0.299956
0.300554
0.300554
0.300725
0.300725
0.301226
0.301769
0.301938
0.301938
0.302634
0.302634
0.302655
0.302655
0.303602
0.303602
0.303659
0.303734
0.303734
0.303957
0.304284
0.304284
0.304513
0.30506
0.30506
0.305073
0.305073
0.305562
0.305773
0.306663
0.306663
0.307591
0.307591
0.307711
0.307711
0.308567
0.308567
0.308855
0.309242
0.310254
0.310254
0.310283
0.310682
0.310784
0.310784
0.311398
0.311398
0.311596
0.311596
0.312185
0.313216
0.313613
0.313613
0.314004
0.314061
0.314124
0.314489
0.314489
0.315562
0.315748
0.315906
0.315906
0.316788
0.316788
0.317926
0.318992
0.318992
0.319091
0.321756
0.321945
0.322353
0.322561
0.322561
0.322616
0.322871
0.322884
0.322884
0.323342
0.325238
0.325626
0.325626
0.325661
0.325661
0.325929
0.326152
0.326299
0.328077
0.32919
0.329868
0.330321
0.330321
0.330675
0.330675
0.331381
0.331381
0.331785
0.331785
0.332013
0.332013
0.334341
0.334429
0.334429
0.335282
0.335282
0.336021
0.336302
0.336302
0.33691
0.33691
0.336997
0.337065
0.337892
0.339755
0.339755
0.341093
0.341614
0.341851
0.341851
0.342389
0.342485
0.342485
0.34256
0.343557
0.345153
0.346251
0.346579
0.347552
0.347552
0.347972
0.350624
0.350624
0.350809
0.350809
0.350839
0.350839
0.350879
0.350879
0.351349
0.35325
0.354332
0.354706
0.355012
0.355012
0.35545
0.35545
0.355662
0.355662
0.355876
0.356151
0.356262
0.356262
0.356626
0.356626
0.356849
0.357225
0.357225
0.357255
0.357427
0.357428
0.359159
0.359536
0.359594
0.359907
0.359907
0.36038
0.360596
0.360596
0.360791
0.361849
0.361933
0.362687
0.362858
0.363031
0.363031
0.364058
0.364188
0.364188
0.364489
0.364489
0.364517
0.364517
0.364833
0.365427
0.365678
0.365678
0.366048
0.366048
0.366426
0.366426
0.366915
0.368157
0.369435
0.370062
0.370062
0.370067
0.370441
0.370975
0.370975
0.371055
0.371721
0.371721
0.371736
0.371739
0.371739
0.372114
0.372299
0.372636
0.37319
0.37319
0.375984
0.375984
0.376063
0.377695
0.377695
0.377852
0.377864
0.378259
0.378386
0.378386
0.379665
0.379665
0.380488
0.383338
0.384257
0.384561
0.3848
0.385297
0.387545
0.387804
0.390807
0.390905
0.390905
0.390942
0.39135
0.391968
0.392502
0.392502
0.392736
0.393382
0.393979
0.394516
0.394516
0.394708
0.394708
0.395586
0.396489
0.396783
0.396925
0.397812
0.397812
0.399024
0.399361
0.401465
0.402162
0.402162
0.402939
0.403103
0.403103
0.403737
0.404763
0.405067
0.405108
0.405108
0.405932
0.406151
0.406333
0.40792
0.408571
0.410416
0.410818
0.410818
0.411401
0.411609
0.412234
0.412588
0.412588
0.413211
0.413304
0.413304
0.413824
0.414777
0.414777
0.414833
0.416062
0.416178
0.417028
0.417028
0.418035
0.418083
0.418083
0.418319
0.418319
0.418602
0.418602
0.418681
0.419234
0.420008
0.420008
0.420382
0.420382
0.420557
0.420878
0.422403
0.422689
0.422852
0.423491
0.424638
0.425288
0.425288
0.426395
0.426411
0.426526
0.426526
0.427976
0.427976
0.42907
0.42907
0.430107
0.430796
0.430839
0.430839
0.431155
0.432345
0.432662
0.433333
0.433333
0.434573
0.434656
0.434955
0.435609
0.435609
0.436052
0.436065
0.436548
0.436548
0.43718
0.438077
0.438077
0.439802
0.440188
0.440199
0.440721
0.440967
0.440986
0.441
0.441315
0.441829
0.442508
0.442508
0.44251
0.44251
0.442718
0.444388
0.44474
0.446659
0.446659
0.447908
0.447908
0.448388
0.448388
0.449459
0.450056
0.450756
0.450918
0.451577
0.451945
0.452962
0.452962
0.455066
0.456632
0.45753
0.458407
0.458407
0.459624
0.460814
0.461922
0.462724
0.462741
0.466727
0.46708
0.467732
0.468034
0.468917
0.469523
0.471059
0.474772
0.475289
0.478732
0.478811
0.480501
0.482132
0.483337
0.483523
0.484401
0.484946
0.484946
0.486058
0.487321
0.487604
0.487972
0.488027
0.488027
0.488147
0.489275
0.489275
0.489861
0.49116
0.491358
0.491358
0.491935
0.492956
0.493629
0.494283
0.49686
0.496933
0.497635
0.498843
0.498843
0.499069
0.503423
0.503423
0.505075
0.505985
0.505985
0.506966
0.507586
0.508395
0.50912
0.510615
0.510802
0.511096
0.515426
0.515426
0.515713
0.517426
0.51813
0.51813
0.518903
0.519904
0.523622
0.5268
0.5268
0.527019
0.52769
0.530038
0.531042
0.531042
0.531633
0.531695
0.531695
0.533614
0.534673
0.534673
0.53653
0.53829
0.540076
0.540461
0.541502
0.542098
0.544497
0.544545
0.550801
0.550801
0.551726
0.554167
0.554477
0.556396
0.557976
0.560118
0.561032
0.567998
0.568165
0.569261
0.570132
0.570972
0.572826
0.573479
0.573479
0.574727
0.574948
0.574948
0.575557
0.577533
0.582297
0.585346
0.585346
0.586908
0.588957
0.591077
0.592111
0.599692
0.600222
0.601721
0.602478
0.609422
0.612133
0.616901
0.628701
0.632466
0.63562
0.63624
0.63624
0.640598
0.640598
0.640678
0.647468
0.651867
0.655284
0.65875
0.660712
0.66678
0.667054
0.667787
0.669965
0.669965
0.686117
0.686117
0.686421
0.686588
0.687604
0.692006
0.69734
0.700771
0.701158
0.701158
0.708725
0.709993
0.710871
0.717301
0.71771
0.721199
0.721199
0.723248
0.732219
0.73282
0.73282
0.73612
0.738747
0.746487
0.759054
0.759054
0.759697
0.776577
0.777945
0.782859
0.789861
0.794018
0.813639
0.837981
0.839095
0.846388
0.855578
0.855872
0.997339
1.11046
1.13184
1.25041
1.64786
