0.156923
0.156923
0.169742
0.169742
0.184326
0.184326
0.198519
0.198519
0.213023
0.213097
0.227282
0.22749
0.243682
0.243799
0.255799
0.255838
0.266021
0.266688
0.278223
0.279368
0.288118
0.290253
0.297187
0.300914
0.307171
0.310933
0.316978
0.319935
0.325374
0.328553
0.333914
0.337235
0.341431
0.344068
0.348239
0.351058
0.354393
0.357036
0.361777
0.364235
0.369393
0.372726
0.376101
0.37861
0.382172
0.385023
0.388318
0.39142
0.395247
0.399036
0.402701
0.40553
0.408846
0.412468
0.415929
0.420249
0.424595
0.42807
0.431799
0.434887
0.440036
0.444257
0.450513
0.45453
0.459247
0.463915
0.469936
0.474515
0.480033
0.485632
0.491583
0.496136
0.501294
0.506336
0.511305
0.515491
0.519605
0.52475
0.530159
0.534798
0.539056
0.544263
0.549236
0.554493
0.560744
0.566123
0.570983
0.576928
0.583568
0.589802
0.595131
0.600503
0.605066
0.610029
0.614178
0.61926
0.62368
0.626849
0.632562
0.63759
0.642275
0.647085
0.652752
0.658009
0.664585
0.669343
0.675279
0.682327
0.6883
0.693276
0.699517
0.704416
0.709298
0.716112
0.721533
0.726739
0.732705
0.739233
0.745114
0.749561
0.755508
0.762412
0.768607
0.774439
0.7797
0.786554
0.793854
0.801409
0.807535
0.814387
0.822189
0.829017
0.836535
0.843171
0.850807
0.858529
0.867184
0.875252
0.881892
0.889542
0.896392
0.903957
0.910755
0.919805
0.927562
0.935107
0.941374
0.948667
0.95554
0.961588
0.966243
0.971122
0.976807
0.982859
0.988263
0.994376
1.00009
1.00522
1.01056
1.01646
1.02159
1.02806
1.03451
1.04229
1.04948
1.05799
1.06703
1.07671
1.08554
1.09779
1.11142
1.12167
1.13821
1.15242
1.17271
1.19146
1.20681
1.21955
1.23502
1.25079
1.2682
1.29122
1.31635
1.34308
1.38122
1.40459
1.43873
1.45772
1.481
1.5104
1.53796
1.56896
1.62942
1.67593
1.74534
1.81556
1.8828
1.96891
2.33299
2.33299
