0.07
0.34
0.46
0.57
0.69
0.7
0.73
0.78
0.78
0.79
0.8
0.8
0.81
0.84
0.84
0.85
0.85
0.85
0.89
0.92
0.96
0.98
1.02
1.04
1.09
1.1
1.14
1.18
1.22
1.25
1.29
1.35
1.37
1.39
1.43
1.43
1.44
1.45
1.45
1.47
1.47
1.47
1.47
1.48
1.5
1.54
1.58
1.61
1.61
1.63
1.63
1.65
1.68
1.7
1.71
1.72
1.75
1.78
1.78
1.81
1.84
1.86
1.86
1.88
1.88
1.89
1.91
1.91
1.91
1.94
1.95
1.98
2.01
2.04
2.06
2.08
2.1
2.11
2.13
2.15
2.2
2.2
2.2
2.22
2.25
2.27
2.3
2.35
2.37
2.39
2.4
2.41
2.43
2.46
2.48
2.5
2.51
2.51
2.52
2.55
2.58
2.59
2.62
2.64
2.68
2.73
2.79
2.83
2.88
2.91
2.92
2.94
2.97
2.99
3.04
3.05
3.06
3.07
3.07
3.09
3.15
3.16
3.18
3.21
3.24
3.3
3.3
3.33
3.34
3.35
3.36
3.4
3.4
3.42
3.43
3.44
3.45
3.49
3.5
3.53
3.59
3.64
3.71
3.74
3.75
3.78
3.83
3.85
3.9
3.96
3.98
4
4.05
4.1
4.12
4.2
4.22
4.27
4.31
4.35
4.36
4.39
4.42
4.44
4.45
4.46
4.48
4.51
4.54
4.58
4.61
4.66
4.7
4.75
4.77
4.8
4.84
4.89
4.94
4.99
5.02
5.03
5.06
5.11
5.14
5.22
5.31
5.33
5.41
5.45
5.5
5.56
5.68
5.69
5.73
5.78
5.83
5.86
5.89
5.96
6.04
6.1
6.17
6.23
6.26
6.31
6.38
6.44
6.56
6.67
6.77
6.85
6.89
7.03
7.09
7.22
7.33
7.45
7.51
7.62
7.68
7.74
7.92
8.07
8.25
8.35
8.62
8.87
9.08
9.21
9.49
9.66
9.96
10.28
10.62
10.97
11.23
11.59
11.97
12.41
12.91
13.33
13.96
14.67
15.34
16.63
19.51
25.44
28.56
31.39
