0.14
0.29
0.39
0.47
0.53
0.59
0.65
0.74
0.76
0.78
0.79
0.79
0.8
0.81
0.81
0.81
0.83
0.83
0.86
0.89
0.9
0.94
0.95
0.98
1.03
1.09
1.15
1.22
1.28
1.32
1.35
1.37
1.39
1.39
1.4
1.41
1.41
1.41
1.42
1.42
1.43
1.43
1.43
1.44
1.47
1.48
1.49
1.49
1.49
1.51
1.54
1.57
1.62
1.64
1.65
1.66
1.67
1.69
1.73
1.75
1.77
1.77
1.79
1.81
1.85
1.86
1.9
1.94
1.97
2
2.08
2.09
2.11
2.11
2.14
2.16
2.16
2.18
2.2
2.2
2.25
2.26
2.27
2.27
2.32
2.32
2.35
2.36
2.39
2.4
2.42
2.42
2.44
2.46
2.46
2.49
2.5
2.51
2.53
2.56
2.56
2.56
2.56
2.58
2.6
2.6
2.61
2.63
2.63
2.64
2.69
2.73
2.75
2.79
2.82
2.82
2.86
2.86
2.87
2.9
2.94
2.95
2.95
2.96
2.99
3.02
3.05
3.07
3.12
3.13
3.13
3.14
3.17
3.18
3.19
3.21
3.26
3.26
3.27
3.28
3.31
3.32
3.34
3.35
3.38
3.4
3.42
3.47
3.53
3.56
3.6
3.61
3.64
3.66
3.7
3.71
3.75
3.76
3.76
3.77
3.82
3.84
3.87
3.87
3.91
3.91
3.93
3.95
4.01
4.03
4.03
4.06
4.08
4.1
4.13
4.15
4.19
4.24
4.24
4.3
4.32
4.33
4.36
4.4
4.47
4.48
4.52
4.55
4.57
4.6
4.65
4.69
4.72
4.79
4.82
4.85
4.88
4.9
4.93
5
5.05
5.1
5.14
5.18
5.22
5.28
5.32
5.37
5.41
5.47
5.47
5.51
5.53
5.57
5.58
5.63
5.68
5.73
5.77
5.79
5.83
5.88
5.95
5.98
6.03
6.12
6.18
6.25
6.31
6.36
6.39
6.46
6.5
6.58
6.64
6.68
6.86
6.93
6.97
7
7.06
7.13
7.17
7.22
7.31
7.38
7.46
7.55
7.63
7.7
7.79
7.9
8.04
8.18
8.31
8.43
8.51
8.68
8.76
8.85
8.98
9.12
9.25
9.38
9.49
9.6
9.71
9.88
10.02
10.22
10.4
10.55
10.7
10.88
11.01
11.2
11.37
11.5
11.72
11.94
12.16
12.31
12.54
12.79
13.01
13.26
13.52
13.84
14.14
14.48
14.79
15.29
15.72
16.42
16.98
17.76
19.08
21.69
25.76
31.04
