0.328
0.328
0.328
0.328
0.328
0.328
0.328
0.328
0.328
0.33
0.33
0.33
0.33
0.33
0.33
0.332
0.332
0.332
0.332
0.332
0.332
0.333
0.333
0.334
0.335
0.335
0.335
0.335
0.335
0.336
0.338
0.338
0.338
0.338
0.338
0.339
0.34
0.34
0.34
0.341
0.341
0.341
0.341
0.343
0.344
0.345
0.346
0.347
0.348
0.349
0.352
0.357
0.362
0.362
0.366
0.369
0.375
0.376
0.381
0.384
0.388
0.39
0.395
0.398
0.402
0.403
0.405
0.407
0.41
0.411
0.413
0.414
0.414
0.416
0.419
0.421
0.425
0.432
0.435
0.438
0.443
0.445
0.448
0.449
0.455
0.458
0.463
0.466
0.467
0.469
0.471
0.477
0.479
0.482
0.484
0.489
0.492
0.496
0.5
0.503
0.506
0.512
0.515
0.519
0.523
0.527
0.53
0.535
0.537
0.538
0.54
0.542
0.544
0.549
0.552
0.555
0.558
0.562
0.569
0.57
0.572
0.577
0.582
0.587
0.591
0.598
0.6
0.608
0.611
0.618
0.623
0.626
0.627
0.629
0.636
0.64
0.648
0.651
0.659
0.66
0.663
0.664
0.668
0.675
0.682
0.686
0.686
0.691
0.695
0.699
0.701
0.706
0.714
0.717
0.722
0.725
0.73
0.734
0.734
0.742
0.748
0.76
0.762
0.764
0.768
0.774
0.778
0.785
0.789
0.792
0.796
0.798
0.8
0.805
0.81
0.814
0.817
0.826
0.831
0.833
0.836
0.839
0.847
0.852
0.857
0.867
0.873
0.878
0.883
0.885
0.889
0.894
0.897
0.902
0.908
0.913
0.915
0.917
0.921
0.927
0.934
0.943
0.951
0.96
0.964
0.969
0.974
0.981
0.986
0.992
0.997
0.999
1.003
1.01
1.016
1.024
1.028
1.034
1.04
1.045
1.051
1.058
1.061
1.071
1.078
1.083
1.092
1.098
1.103
1.108
1.115
1.124
1.131
1.138
1.145
1.152
1.158
1.168
1.18
1.187
1.193
1.201
1.21
1.217
1.223
1.225
1.239
1.248
1.257
1.265
1.277
1.286
1.292
1.3
1.302
1.311
1.317
1.324
1.331
1.338
1.347
1.359
1.367
1.376
1.385
1.391
1.399
1.409
1.416
1.423
1.43
1.443
1.449
1.461
1.468
1.477
1.485
1.496
1.511
1.52
1.526
1.536
1.544
1.557
1.576
1.582
1.596
1.609
1.624
1.631
1.645
1.656
1.668
1.68
1.697
1.715
1.728
1.734
1.749
1.761
1.775
1.792
1.806
1.819
1.835
1.849
1.865
1.876
1.896
1.915
1.928
1.938
1.955
1.97
1.991
2.009
2.031
2.051
2.07
2.089
2.12
2.142
2.169
2.194
2.229
2.252
2.289
2.316
2.345
2.375
2.41
2.445
2.494
2.54
2.572
2.615
2.682
2.748
2.823
2.886
2.955
3.032
3.147
3.35
3.705
3.85
4.024
4.253
4.675
5.138
