0.151462
0.151462
0.152374
0.152374
0.152532
0.152532
0.153689
0.153689
0.154129
0.154129
0.161691
0.161691
0.169934
0.169934
0.170312
0.170312
0.172693
0.172693
0.182589
0.182589
0.189689
0.189689
0.194971
0.196286
0.196286
0.196429
0.196429
0.204446
0.22577
0.22922
0.22922
0.233116
0.233116
0.233576
0.233576
0.237128
0.237128
0.238437
0.238437
0.240168
0.240168
0.253606
0.253606
0.256707
0.256707
0.260722
0.260722
0.262757
0.262757
0.263228
0.263228
0.265707
0.265707
0.265842
0.265842
0.269353
0.269353
0.269647
0.269647
0.27422
0.27422
0.2767
0.2767
0.278557
0.278557
0.291477
0.291477
0.291492
0.291492
0.293153
0.293631
0.293631
0.29544
0.29544
0.3027
0.307848
0.307848
0.30878
0.30878
0.308995
0.314183
0.316259
0.316259
0.320148
0.320148
0.325678
0.325678
0.329719
0.329719
0.329823
0.333951
0.333951
0.336474
0.336474
0.337075
0.337263
0.337263
0.343769
0.343769
0.34425
0.34425
0.344796
0.346707
0.350965
0.350965
0.351002
0.351002
0.352908
0.352908
0.357426
0.357426
0.361441
0.361441
0.365599
0.370596
0.370598
0.370598
0.376721
0.376721
0.37768
0.388176
0.388176
0.389743
0.389743
0.390419
0.390419
0.391864
0.391864
0.392316
0.392316
0.396597
0.396597
0.398257
0.39899
0.402033
0.402033
0.402882
0.402882
0.413113
0.419669
0.419669
0.421326
0.430695
0.434097
0.434097
0.434322
0.435376
0.435376
0.438045
0.438045
0.438394
0.438394
0.446187
0.449803
0.449803
0.45195
0.454155
0.454155
0.455036
0.456132
0.4578
0.461194
0.465214
0.46632
0.46632
0.466496
0.466496
0.466877
0.474942
0.475941
0.475941
0.476633
0.477462
0.483725
0.489439
0.489439
0.489698
0.490533
0.495112
0.495413
0.495413
0.497738
0.5008
0.503903
0.503903
0.507756
0.507976
0.50853
0.50853
0.515886
0.515886
0.517981
0.517981
0.518312
0.518312
0.518438
0.520731
0.521882
0.521882
0.52329
0.524131
0.525107
0.525142
0.535362
0.540951
0.544583
0.549526
0.549526
0.550896
0.551948
0.554689
0.55518
0.563267
0.566691
0.566691
0.56702
0.577875
0.579935
0.580442
0.584076
0.584076
0.584832
0.584832
0.585263
0.589234
0.589726
0.594529
0.595202
0.597555
0.60171
0.603619
0.605139
0.608779
0.608779
0.609352
0.612165
0.623554
0.623554
0.623714
0.623714
0.624481
0.625419
0.630629
0.633703
0.635121
0.639863
0.64311
0.644523
0.644523
0.646701
0.646799
0.656043
0.657988
0.674176
0.675154
0.6763
0.704225
0.704225
0.71474
0.71772
0.71772
0.720939
0.725446
0.730656
0.742017
0.743542
0.748292
0.755882
0.761435
0.761435
0.762416
0.762416
0.776788
0.781022
0.781022
0.781637
0.782341
0.785411
0.78601
0.794254
0.794254
0.798941
0.803968
0.806795
0.806795
0.814192
0.831486
0.83246
0.836774
0.836774
0.838996
0.838996
0.852776
0.854301
0.856954
0.860856
0.860856
0.863363
0.863363
0.863877
0.863917
0.886783
0.917522
0.929602
0.93374
0.938416
0.944992
0.957096
0.957096
0.97229
0.976696
0.979445
0.986439
0.992022
0.992022
1.00662
1.01077
1.02339
1.02663
1.04471
1.04755
1.0596
1.0596
1.06544
1.08044
1.08044
1.08971
1.08971
1.09578
1.10008
1.10023
1.10205
1.11893
1.11893
1.12096
1.13075
1.13732
1.1548
1.16288
1.1642
1.18818
1.22798
1.25128
1.26186
1.36933
1.37186
1.45419
1.66461
1.66666
1.88597
