0.328
0.328
0.328
0.328
0.328
0.328
0.328
0.328
0.328
0.328
0.328
0.329
0.329
0.329
0.33
0.33
0.33
0.331
0.331
0.331
0.333
0.333
0.333
0.333
0.333
0.334
0.334
0.334
0.334
0.334
0.334
0.335
0.337
0.337
0.337
0.338
0.338
0.338
0.338
0.339
0.339
0.339
0.339
0.339
0.341
0.342
0.343
0.343
0.344
0.344
0.345
0.346
0.347
0.347
0.348
0.349
0.35
0.352
0.352
0.352
0.353
0.354
0.356
0.356
0.36
0.362
0.363
0.365
0.365
0.369
0.371
0.375
0.377
0.383
0.391
0.391
0.393
0.398
0.401
0.404
0.412
0.412
0.419
0.421
0.424
0.427
0.429
0.433
0.441
0.443
0.443
0.447
0.45
0.452
0.452
0.452
0.455
0.456
0.456
0.456
0.456
0.456
0.458
0.459
0.46
0.463
0.463
0.465
0.467
0.469
0.469
0.47
0.472
0.475
0.479
0.482
0.483
0.491
0.497
0.501
0.509
0.513
0.519
0.522
0.529
0.529
0.532
0.535
0.538
0.541
0.543
0.548
0.548
0.552
0.554
0.557
0.557
0.557
0.558
0.561
0.563
0.565
0.57
0.572
0.575
0.577
0.578
0.581
0.588
0.594
0.6
0.607
0.611
0.615
0.624
0.632
0.637
0.639
0.644
0.645
0.648
0.651
0.652
0.658
0.66
0.664
0.666
0.667
0.669
0.672
0.675
0.678
0.682
0.686
0.694
0.703
0.707
0.717
0.723
0.732
0.736
0.741
0.743
0.744
0.747
0.752
0.754
0.757
0.757
0.758
0.761
0.765
0.771
0.774
0.784
0.794
0.798
0.808
0.816
0.823
0.832
0.834
0.838
0.84
0.841
0.845
0.848
0.856
0.858
0.865
0.87
0.878
0.882
0.892
0.896
0.901
0.904
0.91
0.917
0.918
0.92
0.928
0.932
0.935
0.944
0.951
0.958
0.964
0.972
0.975
0.983
0.99
0.997
0.999
1.005
1.007
1.009
1.012
1.016
1.021
1.027
1.034
1.043
1.048
1.055
1.064
1.069
1.073
1.08
1.085
1.089
1.096
1.105
1.112
1.116
1.121
1.131
1.144
1.151
1.159
1.164
1.167
1.174
1.183
1.189
1.195
1.202
1.211
1.216
1.229
1.231
1.241
1.244
1.252
1.258
1.264
1.271
1.28
1.288
1.298
1.305
1.314
1.327
1.329
1.336
1.343
1.348
1.355
1.365
1.372
1.377
1.392
1.396
1.403
1.412
1.415
1.424
1.431
1.439
1.458
1.469
1.475
1.481
1.488
1.497
1.504
1.515
1.52
1.529
1.54
1.55
1.557
1.572
1.581
1.586
1.594
1.6
1.607
1.618
1.628
1.641
1.649
1.656
1.661
1.672
1.679
1.686
1.697
1.708
1.717
1.726
1.741
1.741
1.747
1.762
1.768
1.782
1.8
1.811
1.82
1.83
1.837
1.849
1.858
1.867
1.879
1.891
1.902
1.914
1.926
1.937
1.948
1.968
1.982
1.995
2.012
2.023
2.041
2.056
2.068
2.087
2.101
2.124
2.141
2.16
2.171
2.187
2.212
2.235
2.257
2.268
2.29
2.309
2.334
2.351
2.372
2.402
2.423
2.446
2.473
2.493
2.519
2.544
2.572
2.605
2.646
2.683
2.717
2.768
2.834
2.959
3.112
3.309
3.404
3.536
3.702
3.926
4.169
4.32
4.712
