0.1408
0.1408
0.150936
0.150936
0.153958
0.153958
0.159292
0.159292
0.16398
0.172232
0.172232
0.17466
0.177479
0.177479
0.179221
0.189623
0.189623
0.201329
0.201329
0.201857
0.201857
0.204755
0.204755
0.206506
0.206506
0.207832
0.207832
0.208081
0.208081
0.209328
0.209328
0.221751
0.221751
0.224094
0.224094
0.229767
0.229767
0.230609
0.230609
0.234738
0.234738
0.234853
0.234853
0.234889
0.237598
0.24066
0.24066
0.241665
0.241665
0.244181
0.244181
0.248759
0.250599
0.253724
0.253724
0.254755
0.254755
0.260232
0.262281
0.262281
0.26391
0.26391
0.268122
0.268122
0.269198
0.273804
0.273804
0.274477
0.274477
0.275773
0.275773
0.276909
0.276909
0.278836
0.278836
0.2831
0.2831
0.283341
0.286054
0.29178
0.29178
0.291863
0.294093
0.294643
0.296669
0.296669
0.298332
0.3013
0.3013
0.303397
0.303397
0.304302
0.304302
0.307267
0.307267
0.307726
0.307726
0.308823
0.308823
0.310713
0.310713
0.311446
0.312718
0.312718
0.313967
0.313967
0.316826
0.316826
0.319435
0.319435
0.319974
0.319974
0.322264
0.322264
0.322947
0.322947
0.326451
0.326451
0.326829
0.326829
0.330657
0.330657
0.330893
0.330893
0.332371
0.332371
0.332531
0.332717
0.332717
0.338834
0.338834
0.339823
0.339823
0.341992
0.344467
0.344467
0.346381
0.347221
0.347221
0.353558
0.353558
0.355724
0.355724
0.357973
0.360418
0.360418
0.36106
0.36106
0.361126
0.362046
0.36492
0.36492
0.365103
0.366194
0.366194
0.366909
0.367587
0.368191
0.369043
0.369043
0.369505
0.369505
0.370925
0.370925
0.372516
0.37442
0.37442
0.376418
0.377993
0.377993
0.379853
0.379853
0.382454
0.382454
0.383661
0.383661
0.384312
0.385766
0.387542
0.387542
0.391697
0.391697
0.392707
0.392707
0.398505
0.398505
0.39867
0.39867
0.39889
0.39889
0.4015
0.4015
0.404477
0.404477
0.405466
0.405586
0.406362
0.407057
0.407057
0.407813
0.407813
0.409937
0.409937
0.411069
0.411069
0.41371
0.414756
0.416135
0.417978
0.417978
0.421631
0.421631
0.423215
0.423215
0.424011
0.424011
0.426877
0.426877
0.431803
0.431803
0.43267
0.435148
0.43676
0.440053
0.440053
0.440682
0.440851
0.440851
0.441313
0.443443
0.444826
0.444826
0.449969
0.450679
0.450679
0.451518
0.451518
0.452243
0.452243
0.452576
0.452576
0.456063
0.461652
0.461775
0.4624
0.463144
0.46414
0.46414
0.466005
0.466005
0.466238
0.466238
0.467768
0.467768
0.475964
0.475964
0.48179
0.48179
0.482657
0.482657
0.483427
0.483427
0.484396
0.486978
0.48801
0.495277
0.495277
0.496739
0.496739
0.497733
0.497733
0.501814
0.502919
0.502919
0.507743
0.507743
0.509187
0.509961
0.509961
0.51094
0.510971
0.510971
0.512982
0.513201
0.513201
0.517206
0.517206
0.517717
0.517717
0.520854
0.521615
0.521615
0.522067
0.522067
0.523986
0.525751
0.526318
0.529598
0.531459
0.531459
0.531709
0.533283
0.535353
0.536113
0.536113
0.545701
0.547019
0.551156
0.55282
0.55537
0.555569
0.555569
0.558677
0.565584
0.565584
0.566441
0.569232
0.569232
0.569471
0.569471
0.573744
0.573744
0.579225
0.584894
0.584894
0.58572
0.589658
0.589658
0.592352
0.603812
0.610835
0.611733
0.61393
0.614591
0.615424
0.616289
0.619047
0.620382
0.620382
0.622448
0.623554
0.623869
0.624676
0.628967
0.628967
0.630184
0.630184
0.632883
0.634715
0.635913
0.657052
0.65726
0.65726
0.657526
0.659086
0.661327
0.662568
0.662568
0.667046
0.668976
0.6745
0.674818
0.675138
0.675138
0.676528
0.676528
0.677521
0.682148
0.682723
0.685792
0.687213
0.688192
0.690015
0.690015
0.691903
0.693812
0.69614
0.700424
0.711917
0.71604
0.721929
0.729598
0.735431
0.737191
0.737191
0.738059
0.744848
0.74647
0.747761
0.748154
0.760015
0.764344
0.764344
0.765495
0.765495
0.76573
0.772361
0.782947
0.791919
0.791919
0.806756
0.812057
0.82599
0.82599
0.830789
0.844917
0.846118
0.850023
0.850187
0.852423
0.852423
0.856891
0.858526
0.858526
0.860489
0.877753
0.877753
0.883963
0.894851
0.899988
0.921345
0.931246
0.953986
0.966081
0.966081
0.966357
0.973395
1.00472
1.00472
1.01121
1.01985
1.04854
1.09405
1.10932
1.15192
1.1546
1.15939
1.22357
1.28493
1.29615
1.35983
1.3622
1.39387
1.39792
1.44752
1.46072
1.47552
1.57635
1.60833
1.70566
