0
0.01
0.05
0.14
0.19
0.25
0.36
0.47
0.56
0.62
0.67
0.71
0.75
0.81
0.83
0.87
0.92
0.95
0.97
0.98
0.98
0.98
0.98
0.98
0.98
0.98
0.98
0.98
0.98
0.98
0.98
0.98
0.98
0.98
1
1
1
1.05
1.05
1.05
1.06
1.07
1.09
1.11
1.15
1.18
1.2
1.22
1.25
1.28
1.34
1.42
1.46
1.48
1.54
1.58
1.62
1.68
1.71
1.75
1.82
1.88
1.9
1.92
1.94
1.96
1.97
1.97
1.99
1.99
2.01
2.02
2.02
2.02
2.02
2.03
2.07
2.08
2.09
2.09
2.09
2.09
2.11
2.12
2.12
2.13
2.13
2.14
2.14
2.15
2.16
2.17
2.17
2.18
2.21
2.22
2.24
2.25
2.27
2.28
2.31
2.31
2.34
2.35
2.37
2.4
2.41
2.47
2.48
2.53
2.58
2.65
2.7
2.72
2.78
2.85
2.89
2.93
3
3.02
3.04
3.05
3.05
3.06
3.07
3.09
3.09
3.09
3.09
3.1
3.11
3.11
3.11
3.14
3.16
3.17
3.17
3.2
3.23
3.27
3.28
3.29
3.32
3.32
3.38
3.39
3.43
3.46
3.52
3.55
3.63
3.67
3.71
3.72
3.74
3.77
3.79
3.82
3.82
3.84
3.86
3.91
3.92
3.92
3.95
4
4.01
4.06
4.06
4.07
4.08
4.09
4.11
4.12
4.14
4.15
4.17
4.19
4.23
4.26
4.3
4.37
4.41
4.46
4.53
4.59
4.65
4.66
4.68
4.71
4.74
4.74
4.76
4.77
4.78
4.81
4.81
4.83
4.85
4.9
4.91
4.91
4.92
4.93
4.95
4.97
5.02
5.04
5.07
5.11
5.17
5.18
5.23
5.25
5.27
5.3
5.34
5.37
5.4
5.43
5.49
5.51
5.55
5.6
5.62
5.65
5.68
5.71
5.76
5.78
5.78
5.81
5.84
5.85
5.87
5.89
5.96
5.97
5.99
6.06
6.06
6.1
6.15
6.15
6.16
6.17
6.19
6.21
6.25
6.27
6.32
6.34
6.36
6.41
6.45
6.46
6.51
6.6
6.63
6.69
6.73
6.78
6.81
6.83
6.84
6.88
6.91
6.91
6.93
6.95
6.95
6.98
7.03
7.04
7.09
7.11
7.15
7.2
7.29
7.34
7.38
7.4
7.41
7.43
7.46
7.5
7.54
7.59
7.64
7.65
7.74
7.76
7.79
7.81
7.86
7.88
7.9
7.94
8
8.04
8.07
8.15
8.18
8.21
8.28
8.32
8.37
8.41
8.43
8.46
8.54
8.55
8.58
8.61
8.65
8.7
8.74
8.76
8.79
8.81
8.84
8.85
8.91
8.95
9.02
9.08
9.14
9.15
9.2
9.25
9.29
9.34
9.39
9.44
9.48
9.5
9.53
9.54
9.6
9.65
9.67
9.69
9.73
9.79
9.81
9.86
9.88
9.9
9.93
9.99
10.07
10.11
10.16
10.21
10.26
10.29
10.31
10.35
10.37
10.43
10.46
10.5
10.57
10.6
10.64
10.65
10.7
10.74
10.78
10.86
10.95
11.02
11.06
11.08
11.12
11.15
11.17
11.19
11.25
11.31
11.34
11.39
11.44
11.52
11.58
11.63
11.66
11.76
11.82
11.88
11.91
11.96
12.01
12.07
12.1
12.15
12.2
12.22
12.3
12.4
12.45
12.51
12.58
12.62
12.68
12.73
12.79
12.86
12.93
13
13.01
13.1
13.16
13.23
13.29
13.36
13.43
13.5
13.54
13.59
13.68
13.72
13.82
13.85
13.95
14.03
14.12
14.19
14.25
14.32
14.38
14.49
14.56
14.58
14.68
14.81
14.86
14.97
15.06
15.12
15.21
15.31
15.37
15.45
15.55
15.64
15.71
15.84
15.92
16.06
16.12
16.24
16.33
16.52
16.63
16.75
16.85
16.95
17.03
17.13
17.27
17.39
17.5
17.65
17.84
17.98
18.2
18.33
18.5
18.67
18.89
19.05
19.22
19.44
19.69
19.84
19.99
20.24
20.47
20.62
20.93
21.16
21.44
21.58
21.9
22.16
22.48
22.77
23.06
23.53
23.83
24.33
24.83
25.55
26.22
27.09
28.17
29.31
30.82
35.23
