1.199999999999999956e-01
2.700000000000000178e-01
4.299999999999999933e-01
5.100000000000000089e-01
5.699999999999999512e-01
6.400000000000000133e-01
6.999999999999999556e-01
8.100000000000000533e-01
9.000000000000000222e-01
1.000000000000000000e+00
1.060000000000000053e+00
1.090000000000000080e+00
1.120000000000000107e+00
1.189999999999999947e+00
1.270000000000000018e+00
1.310000000000000053e+00
1.320000000000000062e+00
1.330000000000000071e+00
1.370000000000000107e+00
1.379999999999999893e+00
1.389999999999999902e+00
1.489999999999999991e+00
1.560000000000000053e+00
1.669999999999999929e+00
1.719999999999999973e+00
1.870000000000000107e+00
1.909999999999999920e+00
1.909999999999999920e+00
2.000000000000000000e+00
2.080000000000000071e+00
2.140000000000000124e+00
2.180000000000000160e+00
2.310000000000000053e+00
2.379999999999999893e+00
2.529999999999999805e+00
2.609999999999999876e+00
2.680000000000000160e+00
2.720000000000000195e+00
2.859999999999999876e+00
3.020000000000000018e+00
3.279999999999999805e+00
3.540000000000000036e+00
4.059999999999999609e+00
4.620000000000000107e+00
4.959999999999999964e+00
5.309999999999999609e+00
6.410000000000000142e+00
7.250000000000000000e+00
8.400000000000000355e+00
1.047000000000000064e+01
