3.290000000000000147e-01
3.300000000000000155e-01
3.310000000000000164e-01
3.330000000000000182e-01
3.370000000000000218e-01
3.449999999999999734e-01
3.519999999999999796e-01
3.619999999999999885e-01
3.840000000000000080e-01
4.109999999999999765e-01
4.359999999999999987e-01
4.560000000000000164e-01
4.879999999999999893e-01
5.230000000000000204e-01
5.679999999999999494e-01
6.139999999999999902e-01
6.470000000000000195e-01
6.939999999999999503e-01
7.349999999999999867e-01
7.840000000000000302e-01
8.379999999999999671e-01
8.920000000000000151e-01
9.479999999999999538e-01
1.026999999999999913e+00
1.100999999999999979e+00
1.157999999999999918e+00
1.209999999999999964e+00
1.256000000000000005e+00
1.324000000000000066e+00
1.372000000000000108e+00
1.447999999999999954e+00
1.506000000000000005e+00
1.606999999999999984e+00
1.667000000000000037e+00
1.747999999999999998e+00
1.838000000000000078e+00
2.080000000000000071e+00
2.258999999999999897e+00
2.448999999999999844e+00
2.584000000000000075e+00
2.863999999999999879e+00
3.342999999999999972e+00
3.677000000000000046e+00
4.112000000000000099e+00
4.238999999999999879e+00
4.418999999999999595e+00
4.573000000000000398e+00
4.698999999999999844e+00
4.801999999999999602e+00
5.086000000000000298e+00
