0.148725
0.148725
0.151775
0.151775
0.154673
0.154673
0.156487
0.15657
0.158744
0.158768
0.161166
0.161371
0.163767
0.164022
0.166455
0.167094
0.168932
0.169525
0.171757
0.172507
0.174411
0.175683
0.177498
0.178834
0.180375
0.181889
0.183487
0.184672
0.186631
0.188011
0.189694
0.190962
0.192741
0.19428
0.195903
0.197063
0.198693
0.199923
0.201463
0.202535
0.204024
0.20543
0.206665
0.207942
0.209742
0.211032
0.212419
0.213618
0.214814
0.216482
0.217662
0.218907
0.219889
0.221213
0.222362
0.2236
0.225082
0.226525
0.227981
0.229387
0.230578
0.231876
0.233102
0.234362
0.235516
0.236773
0.237666
0.239055
0.240144
0.241605
0.242894
0.243967
0.245496
0.246596
0.247528
0.248661
0.249865
0.251057
0.25223
0.253709
0.255271
0.256327
0.25784
0.259151
0.260138
0.261374
0.262283
0.263537
0.264496
0.265409
0.266552
0.267752
0.269023
0.270096
0.271037
0.272571
0.273512
0.275036
0.276033
0.277166
0.27816
0.279415
0.280646
0.281901
0.282861
0.283815
0.284606
0.285467
0.286454
0.287351
0.288377
0.289425
0.290174
0.291079
0.292274
0.293245
0.294564
0.295843
0.296604
0.297687
0.298801
0.300074
0.301145
0.301966
0.302962
0.304109
0.305001
0.305865
0.306829
0.307824
0.308803
0.309675
0.31109
0.311808
0.312845
0.313765
0.314859
0.315774
0.316555
0.317362
0.318275
0.319119
0.319873
0.320843
0.321913
0.323052
0.323941
0.325015
0.326083
0.326895
0.327724
0.328543
0.329642
0.33075
0.331907
0.332913
0.333847
0.334856
0.335627
0.336583
0.33758
0.338601
0.339742
0.340566
0.341626
0.342508
0.343307
0.344167
0.345105
0.346223
0.347261
0.348088
0.349158
0.350348
0.351715
0.35268
0.353589
0.354302
0.355449
0.356386
0.357498
0.35824
0.359214
0.360278
0.361187
0.361948
0.363027
0.363979
0.365118
0.365887
0.366932
0.367962
0.368991
0.36994
0.37079
0.371805
0.372697
0.373701
0.374711
0.375778
0.377071
0.377873
0.379162
0.380122
0.380974
0.382019
0.382882
0.383775
0.384727
0.386151
0.387211
0.388348
0.389473
0.390352
0.391681
0.392684
0.393563
0.394622
0.395554
0.396305
0.39718
0.398109
0.399085
0.400236
0.401076
0.401842
0.402886
0.403768
0.404582
0.405559
0.406279
0.407092
0.408018
0.409036
0.410068
0.410956
0.411646
0.412656
0.413475
0.414418
0.415071
0.415925
0.416747
0.41783
0.418896
0.419786
0.420747
0.421523
0.422609
0.423493
0.424487
0.425597
0.426632
0.427548
0.428333
0.429414
0.430452
0.431431
0.432277
0.433419
0.434337
0.435257
0.4364
0.437235
0.438162
0.439352
0.44029
0.441175
0.442151
0.443179
0.444233
0.445262
0.446226
0.447201
0.448084
0.44907
0.450331
0.451159
0.452261
0.453193
0.454408
0.455514
0.456522
0.457764
0.458904
0.459779
0.460761
0.461523
0.462692
0.463831
0.465022
0.465899
0.46708
0.468193
0.469416
0.470502
0.471631
0.47287
0.47376
0.474906
0.476091
0.477216
0.478248
0.479377
0.48034
0.481327
0.48264
0.483539
0.484818
0.485773
0.487083
0.488128
0.489096
0.489935
0.490855
0.491968
0.493294
0.494455
0.495453
0.49658
0.498045
0.499002
0.500168
0.50123
0.502213
0.503749
0.504887
0.506013
0.507386
0.508614
0.510072
0.511254
0.512295
0.513512
0.514559
0.515646
0.516583
0.517827
0.519107
0.520513
0.521729
0.522744
0.524067
0.525171
0.526877
0.528292
0.529555
0.530919
0.532659
0.53432
0.536047
0.537521
0.539311
0.540778
0.542445
0.543819
0.545933
0.547568
0.549311
0.551178
0.552713
0.554418
0.556318
0.55841
0.559991
0.561554
0.563616
0.56534
0.56732
0.568927
0.570728
0.572609
0.574406
0.576428
0.578395
0.579796
0.581949
0.584176
0.586029
0.588084
0.589815
0.592232
0.594315
0.59637
0.598825
0.600605
0.603102
0.6049
0.606903
0.609874
0.612855
0.614833
0.617581
0.620326
0.622645
0.625239
0.627519
0.630557
0.632809
0.635501
0.637949
0.640349
0.643397
0.646376
0.648876
0.651729
0.654133
0.656461
0.659414
0.662621
0.665566
0.667817
0.670816
0.673622
0.676354
0.679197
0.682095
0.684965
0.687827
0.691345
0.694693
0.698071
0.701967
0.705267
0.708494
0.711921
0.715387
0.719001
0.723445
0.727403
0.730882
0.734467
0.738336
0.741153
0.745099
0.748889
0.751441
0.755089
0.759038
0.762494
0.765761
0.769358
0.773128
0.776756
0.780734
0.78478
0.788524
0.792232
0.79527
0.798937
0.802288
0.806065
0.809508
0.813682
0.817985
0.822023
0.826509
0.832123
0.837423
0.843206
0.849009
0.853258
0.857199
0.861689
0.866267
0.871956
0.877562
0.883135
0.888013
0.894403
0.90182
0.908463
0.914299
0.921367
0.928116
0.936857
0.946207
0.954996
0.962104
0.970623
0.981611
0.993084
1.00294
1.014
1.02756
1.03894
1.05166
1.06454
1.07872
1.09863
1.11686
1.13667
1.15765
1.17946
1.21899
1.26247
1.31829
1.45222
1.57256
1.88743
