2.033439999999999970e-01
2.033439999999999970e-01
4.111870000000000247e-01
4.111870000000000247e-01
4.518329999999999846e-01
4.518329999999999846e-01
4.940919999999999757e-01
4.940919999999999757e-01
6.858039999999999692e-01
8.232660000000000533e-01
8.775969999999999605e-01
1.012240000000000029e+00
1.012240000000000029e+00
1.035199999999999898e+00
1.035199999999999898e+00
1.211629999999999985e+00
1.211629999999999985e+00
1.245810000000000084e+00
1.245810000000000084e+00
1.275689999999999991e+00
1.281349999999999989e+00
1.285740000000000105e+00
1.285740000000000105e+00
1.367539999999999978e+00
1.367539999999999978e+00
1.417070000000000052e+00
1.476380000000000026e+00
1.476380000000000026e+00
1.492520000000000069e+00
1.564780000000000060e+00
1.809849999999999959e+00
1.857509999999999994e+00
1.952360000000000095e+00
2.134339999999999904e+00
2.158650000000000180e+00
2.163740000000000219e+00
2.163740000000000219e+00
2.208979999999999944e+00
2.260549999999999837e+00
2.456090000000000106e+00
2.456090000000000106e+00
2.500539999999999985e+00
2.516599999999999948e+00
2.543200000000000127e+00
2.602520000000000167e+00
2.677830000000000155e+00
3.091279999999999806e+00
3.808699999999999974e+00
6.191989999999999661e+00
6.776110000000000078e+00
