0.205179
0.205179
0.227212
0.227313
0.241031
0.243277
0.256664
0.25812
0.27109
0.273797
0.285661
0.289535
0.301177
0.305092
0.31235
0.317382
0.325296
0.337273
0.345814
0.355204
0.361682
0.370479
0.375914
0.386273
0.391184
0.400788
0.407689
0.416071
0.422997
0.433385
0.439298
0.448917
0.456472
0.463066
0.470743
0.476116
0.484134
0.487807
0.494207
0.498131
0.506384
0.510786
0.519668
0.524278
0.530867
0.53613
0.542995
0.548808
0.554949
0.561194
0.566357
0.573042
0.579819
0.584735
0.593213
0.599416
0.60744
0.613327
0.624141
0.630163
0.640225
0.648406
0.656591
0.662053
0.669053
0.675462
0.683695
0.68984
0.696284
0.702445
0.708845
0.71741
0.722914
0.729259
0.735174
0.74548
0.752673
0.759358
0.766417
0.773639
0.780386
0.787163
0.793642
0.801438
0.808978
0.816082
0.823486
0.830228
0.83775
0.844853
0.851657
0.858969
0.866142
0.87266
0.880572
0.887669
0.893878
0.900204
0.905534
0.911893
0.918672
0.924827
0.930578
0.938694
0.944498
0.952565
0.958394
0.966895
0.97739
0.987717
0.99787
1.00801
1.01797
1.0331
1.04451
1.05829
1.06933
1.08376
1.09239
1.10083
1.11123
1.12215
1.13466
1.1487
1.16134
1.17754
1.19162
1.20453
1.22061
1.24193
1.26387
1.28798
1.32415
1.36705
1.39552
1.42581
1.48068
1.54597
1.5889
1.62911
1.6673
1.70528
1.73112
1.76575
1.84419
1.89833
1.94295
2.05459
2.22695
2.39547
