0.328
0.328
0.33
0.331
0.332
0.333
0.334
0.336
0.336
0.337
0.337
0.337
0.337
0.337
0.341
0.341
0.341
0.342
0.344
0.344
0.345
0.349
0.351
0.352
0.354
0.356
0.357
0.358
0.361
0.362
0.362
0.364
0.367
0.369
0.375
0.378
0.383
0.383
0.385
0.39
0.391
0.393
0.395
0.398
0.401
0.404
0.407
0.408
0.412
0.413
0.417
0.42
0.421
0.424
0.427
0.432
0.435
0.441
0.444
0.449
0.452
0.454
0.456
0.457
0.458
0.46
0.463
0.465
0.467
0.47
0.473
0.473
0.476
0.479
0.484
0.485
0.491
0.493
0.496
0.501
0.506
0.512
0.514
0.518
0.518
0.521
0.528
0.53
0.532
0.533
0.534
0.539
0.54
0.542
0.542
0.543
0.544
0.548
0.552
0.554
0.559
0.56
0.564
0.57
0.572
0.577
0.58
0.583
0.585
0.589
0.591
0.593
0.594
0.596
0.598
0.6
0.602
0.603
0.603
0.608
0.608
0.611
0.611
0.614
0.616
0.623
0.629
0.631
0.635
0.637
0.642
0.645
0.649
0.652
0.655
0.661
0.663
0.669
0.67
0.675
0.677
0.68
0.68
0.681
0.683
0.684
0.685
0.688
0.691
0.692
0.693
0.694
0.697
0.698
0.699
0.703
0.708
0.716
0.72
0.724
0.727
0.73
0.735
0.741
0.745
0.747
0.749
0.75
0.753
0.755
0.756
0.757
0.761
0.765
0.768
0.77
0.772
0.774
0.776
0.778
0.782
0.782
0.787
0.788
0.79
0.793
0.798
0.8
0.806
0.809
0.811
0.813
0.816
0.819
0.821
0.824
0.825
0.827
0.828
0.829
0.83
0.833
0.834
0.837
0.837
0.838
0.841
0.843
0.845
0.85
0.852
0.852
0.856
0.857
0.858
0.863
0.865
0.869
0.871
0.876
0.879
0.882
0.887
0.892
0.897
0.899
0.903
0.909
0.912
0.913
0.917
0.92
0.923
0.924
0.926
0.93
0.933
0.934
0.938
0.939
0.94
0.94
0.94
0.942
0.942
0.944
0.944
0.946
0.946
0.946
0.948
0.953
0.956
0.956
0.961
0.963
0.964
0.973
0.976
0.977
0.986
0.99
0.993
0.996
0.997
1.001
1.003
1.006
1.009
1.01
1.013
1.018
1.02
1.021
1.024
1.025
1.026
1.028
1.029
1.029
1.029
1.029
1.032
1.035
1.041
1.042
1.044
1.046
1.048
1.051
1.052
1.057
1.058
1.06
1.064
1.066
1.07
1.073
1.073
1.073
1.076
1.079
1.081
1.082
1.085
1.087
1.091
1.092
1.093
1.097
1.097
1.099
1.099
1.099
1.1
1.105
1.107
1.11
1.111
1.112
1.115
1.117
1.118
1.124
1.127
1.129
1.132
1.136
1.137
1.138
1.144
1.147
1.154
1.158
1.16
1.163
1.164
1.165
1.169
1.172
1.173
1.175
1.177
1.179
1.179
1.181
1.183
1.184
1.185
1.187
1.187
1.188
1.19
1.19
1.194
1.194
1.197
1.201
1.202
1.202
1.206
1.21
1.216
1.218
1.219
1.219
1.223
1.225
1.228
1.23
1.232
1.233
1.237
1.238
1.239
1.241
1.243
1.247
1.248
1.249
1.251
1.252
1.259
1.26
1.262
1.266
1.268
1.271
1.271
1.273
1.276
1.28
1.283
1.284
1.285
1.286
1.289
1.291
1.293
1.297
1.301
1.304
1.309
1.311
1.313
1.314
1.317
1.321
1.323
1.324
1.325
1.327
1.329
1.331
1.333
1.336
1.336
1.337
1.337
1.339
1.343
1.344
1.348
1.348
1.349
1.351
1.353
1.355
1.361
1.364
1.368
1.37
1.376
1.378
1.379
1.381
1.382
1.385
1.388
1.39
1.391
1.396
1.399
1.4
1.403
1.407
1.407
1.41
1.411
1.412
1.413
1.414
1.416
1.417
1.419
1.42
1.421
1.425
1.425
1.425
1.428
1.43
1.436
1.439
1.442
1.445
1.446
1.451
1.455
1.457
1.458
1.461
1.463
1.467
1.469
1.47
1.472
1.472
1.475
1.475
1.476
1.479
1.481
1.483
1.484
1.485
1.488
1.491
1.493
1.497
1.501
1.502
1.504
1.506
1.508
1.51
1.512
1.513
1.515
1.517
1.519
1.521
1.525
1.53
1.53
1.531
1.534
1.535
1.539
1.543
1.543
1.544
1.547
1.551
1.553
1.556
1.558
1.561
1.563
1.565
1.567
1.569
1.57
1.571
1.573
1.575
1.577
1.58
1.581
1.581
1.584
1.585
1.588
1.59
1.594
1.596
1.598
1.601
1.602
1.607
1.609
1.612
1.613
1.619
1.624
1.625
1.627
1.628
1.631
1.635
1.64
1.641
1.643
1.643
1.645
1.647
1.648
1.648
1.651
1.653
1.655
1.656
1.657
1.661
1.661
1.663
1.665
1.667
1.668
1.674
1.676
1.682
1.682
1.684
1.684
1.686
1.688
1.691
1.695
1.696
1.699
1.699
1.7
1.707
1.707
1.707
1.707
1.711
1.713
1.715
1.717
1.718
1.72
1.722
1.724
1.726
1.729
1.733
1.733
1.737
1.739
1.747
1.749
1.749
1.752
1.756
1.758
1.759
1.761
1.764
1.765
1.765
1.765
1.767
1.767
1.77
1.773
1.773
1.774
1.774
1.775
1.778
1.779
1.781
1.783
1.785
1.794
1.798
1.804
1.807
1.808
1.811
1.816
1.817
1.821
1.824
1.826
1.831
1.835
1.836
1.836
1.837
1.837
1.84
1.843
1.843
1.843
1.845
1.845
1.847
1.849
1.851
1.851
1.853
1.856
1.858
1.861
1.864
1.864
1.868
1.871
1.874
1.874
1.877
1.88
1.885
1.89
1.893
1.895
1.896
1.899
1.899
1.902
1.904
1.909
1.91
1.913
1.913
1.917
1.921
1.922
1.924
1.926
1.932
1.933
1.935
1.94
1.941
1.941
1.945
1.949
1.949
1.951
1.953
1.955
1.958
1.958
1.962
1.963
1.964
1.965
1.966
1.966
1.967
1.97
1.973
1.974
1.976
1.98
1.982
1.983
1.987
1.99
1.991
1.996
1.999
1.999
2.003
2.007
2.01
2.016
2.018
2.021
2.023
2.025
2.027
2.029
2.03
2.032
2.032
2.034
2.036
2.038
2.04
2.041
2.042
2.046
2.048
2.051
2.054
2.058
2.061
2.064
2.067
2.069
2.072
2.074
2.078
2.079
2.083
2.086
2.089
2.092
2.093
2.094
2.097
2.098
2.102
2.105
2.108
2.112
2.113
2.114
2.118
2.119
2.12
2.12
2.125
2.128
2.132
2.134
2.138
2.139
2.141
2.145
2.15
2.154
2.157
2.161
2.162
2.162
2.165
2.166
2.169
2.169
2.174
2.177
2.181
2.186
2.189
2.192
2.192
2.198
2.199
2.204
2.206
2.211
2.214
2.218
2.218
2.219
2.221
2.224
2.226
2.228
2.231
2.233
2.235
2.238
2.242
2.245
2.247
2.248
2.252
2.257
2.259
2.261
2.264
2.269
2.275
2.277
2.281
2.284
2.285
2.288
2.292
2.294
2.302
2.303
2.309
2.309
2.312
2.313
2.314
2.319
2.323
2.324
2.324
2.324
2.329
2.331
2.333
2.336
2.338
2.34
2.347
2.351
2.356
2.359
2.362
2.366
2.37
2.375
2.376
2.378
2.379
2.382
2.387
2.391
2.394
2.397
2.402
2.404
2.406
2.412
2.412
2.415
2.419
2.423
2.426
2.429
2.432
2.435
2.442
2.443
2.446
2.448
2.449
2.451
2.455
2.458
2.463
2.468
2.473
2.476
2.481
2.488
2.488
2.49
2.493
2.499
2.501
2.504
2.507
2.509
2.513
2.515
2.521
2.524
2.528
2.531
2.534
2.539
2.543
2.545
2.548
2.554
2.561
2.562
2.567
2.572
2.576
2.58
2.583
2.587
2.592
2.6
2.604
2.606
2.61
2.613
2.617
2.622
2.626
2.629
2.632
2.641
2.648
2.653
2.657
2.662
2.667
2.679
2.683
2.688
2.693
2.7
2.702
2.705
2.71
2.719
2.722
2.726
2.733
2.739
2.747
2.752
2.759
2.769
2.777
2.781
2.789
2.8
2.809
2.815
2.819
2.828
2.833
2.841
2.85
2.856
2.863
2.873
2.882
2.892
2.898
2.906
2.918
2.922
2.931
2.942
2.949
2.964
2.969
2.982
2.998
3.006
3.017
3.034
3.044
3.06
3.077
3.092
3.109
3.129
3.141
3.157
3.175
3.195
3.214
3.241
3.265
3.289
3.324
3.354
3.399
3.454
3.512
3.581
3.686
