0.163872
0.163872
0.17871
0.17871
0.198856
0.198856
0.216984
0.216984
0.230281
0.230311
0.239985
0.240472
0.252345
0.253048
0.263355
0.264393
0.275032
0.277657
0.285452
0.287153
0.294312
0.296804
0.304035
0.308145
0.313057
0.316215
0.321299
0.325794
0.330915
0.334053
0.339282
0.342562
0.347268
0.350589
0.354976
0.358494
0.362136
0.366898
0.370052
0.375144
0.378583
0.384144
0.387491
0.391093
0.39392
0.397898
0.400925
0.405651
0.409782
0.415419
0.418895
0.422614
0.427233
0.43142
0.435661
0.440059
0.444846
0.448578
0.45305
0.457231
0.461665
0.465703
0.469271
0.47337
0.478506
0.483616
0.487154
0.490058
0.494428
0.498406
0.502832
0.506819
0.51086
0.514596
0.518555
0.522176
0.525658
0.530639
0.53459
0.538131
0.541612
0.545122
0.548614
0.552402
0.55733
0.560354
0.563869
0.566719
0.570982
0.575043
0.579649
0.582646
0.587508
0.591543
0.59632
0.600334
0.605258
0.608539
0.613646
0.618483
0.623377
0.626753
0.631628
0.635145
0.639822
0.643161
0.647446
0.651001
0.654296
0.658679
0.662915
0.668888
0.673315
0.679127
0.684993
0.688352
0.693552
0.698426
0.704886
0.71001
0.715098
0.722372
0.728818
0.736538
0.740861
0.746911
0.753303
0.759509
0.766201
0.770605
0.7762
0.781806
0.788645
0.795581
0.801297
0.807382
0.813172
0.817952
0.823675
0.828221
0.835659
0.841244
0.847902
0.855193
0.861243
0.868175
0.875493
0.882393
0.889781
0.897723
0.906138
0.913767
0.920361
0.927015
0.93347
0.941579
0.948187
0.955871
0.965301
0.97336
0.981381
0.992037
1.00466
1.016
1.02733
1.04025
1.05371
1.06511
1.07456
1.08305
1.09228
1.09989
1.10837
1.12279
1.13334
1.14567
1.15879
1.17772
1.20185
1.23084
1.25895
1.29463
1.32854
1.34824
1.38037
1.43923
1.47922
1.52067
1.56843
1.6175
1.66802
1.70702
1.74271
1.78535
1.82208
1.86981
1.91938
1.97384
2.0654
2.46719
