0.158451
0.158451
0.169243
0.169243
0.180969
0.180969
0.192079
0.192079
0.201263
0.201263
0.209772
0.209772
0.21828
0.21828
0.228436
0.228436
0.239129
0.239262
0.249876
0.250025
0.257901
0.258001
0.267128
0.267491
0.277694
0.278643
0.285215
0.286048
0.291409
0.292869
0.298978
0.300112
0.305343
0.307453
0.311814
0.314236
0.317988
0.320431
0.325078
0.326825
0.330853
0.333612
0.337021
0.338739
0.341222
0.343641
0.346663
0.349127
0.352531
0.354935
0.357361
0.359873
0.362329
0.365093
0.368232
0.371183
0.374615
0.376932
0.380522
0.383404
0.386074
0.388884
0.391252
0.394257
0.396609
0.400474
0.403271
0.40635
0.408461
0.411297
0.414153
0.417045
0.420081
0.422181
0.424707
0.427398
0.430813
0.433303
0.436931
0.440014
0.442966
0.444637
0.44796
0.450441
0.45283
0.45549
0.458866
0.461576
0.465968
0.4692
0.472011
0.475193
0.477775
0.481045
0.484153
0.487208
0.48961
0.492807
0.496035
0.498431
0.502388
0.505259
0.50749
0.510515
0.513375
0.516247
0.518884
0.521539
0.524126
0.526961
0.529098
0.531609
0.533666
0.535645
0.538462
0.541355
0.543265
0.54588
0.548894
0.551398
0.554239
0.556656
0.559222
0.562406
0.565293
0.569176
0.572598
0.575907
0.578645
0.581661
0.584894
0.588197
0.590662
0.594169
0.596703
0.599449
0.602319
0.60539
0.607654
0.61033
0.61328
0.615508
0.618842
0.62241
0.625738
0.628952
0.631753
0.635488
0.639465
0.643258
0.646666
0.650217
0.653818
0.658321
0.662473
0.667212
0.670971
0.675415
0.680313
0.685462
0.689763
0.694727
0.699473
0.703988
0.709531
0.714299
0.71859
0.725531
0.731415
0.735938
0.7406
0.745653
0.750277
0.753789
0.757968
0.761713
0.765555
0.769721
0.774166
0.778655
0.783627
0.787983
0.792644
0.797316
0.802287
0.806393
0.811801
0.817437
0.822429
0.827223
0.834186
0.839078
0.846037
0.852125
0.858462
0.864857
0.870824
0.879112
0.884379
0.891066
0.897756
0.90546
0.911494
0.918122
0.925319
0.933311
0.940554
0.948922
0.955428
0.962045
0.969455
0.977905
0.98594
0.99292
1.00101
1.01028
1.01756
1.02448
1.03241
1.04002
1.04746
1.05276
1.05842
1.06578
1.07437
1.08519
1.09599
1.11401
1.12838
1.1498
1.17459
1.20196
1.22693
1.24356
1.26347
1.30461
1.34239
1.38576
1.40776
1.4432
1.48531
1.51799
1.57341
1.63279
1.69347
1.73812
1.83647
1.92158
2.01382
2.48544
