0.151595
0.151595
0.154548
0.15455
0.157021
0.157074
0.16026
0.160294
0.164427
0.164523
0.169978
0.170042
0.174372
0.174441
0.178889
0.179175
0.183886
0.184225
0.187682
0.187751
0.192935
0.19322
0.197227
0.197483
0.200936
0.201312
0.205445
0.206731
0.209967
0.211332
0.213976
0.215455
0.218602
0.219907
0.222232
0.224027
0.226081
0.228223
0.230246
0.232181
0.234133
0.235676
0.237252
0.238987
0.240861
0.24218
0.244159
0.245415
0.247027
0.248928
0.250361
0.251754
0.253451
0.254789
0.256662
0.258233
0.260153
0.261565
0.263045
0.264605
0.266141
0.26736
0.269157
0.270228
0.271822
0.272805
0.2741
0.275565
0.27706
0.278633
0.280073
0.281669
0.282959
0.284237
0.285635
0.286671
0.287994
0.289393
0.290717
0.291837
0.293201
0.294644
0.296043
0.297261
0.299174
0.300157
0.301465
0.302507
0.303906
0.305038
0.306578
0.307589
0.309021
0.310101
0.311258
0.312266
0.313617
0.314678
0.31605
0.317134
0.318269
0.319451
0.320599
0.321588
0.322609
0.323851
0.3251
0.326264
0.327705
0.328682
0.329849
0.331135
0.332169
0.333187
0.334492
0.335806
0.336978
0.338356
0.339409
0.340816
0.341868
0.342789
0.343826
0.344769
0.345963
0.347438
0.348318
0.349457
0.350527
0.351668
0.353034
0.354118
0.355487
0.356537
0.357587
0.358554
0.359497
0.360823
0.362066
0.363339
0.36445
0.365866
0.366799
0.367797
0.368787
0.369774
0.371182
0.372065
0.373297
0.374305
0.375374
0.376301
0.377231
0.378102
0.379551
0.380404
0.381768
0.382862
0.384308
0.385582
0.386762
0.388068
0.389476
0.390598
0.392048
0.393158
0.3945
0.395603
0.396562
0.397819
0.399427
0.400548
0.401801
0.402636
0.403717
0.404957
0.40615
0.407223
0.408517
0.409847
0.411169
0.412307
0.413469
0.414566
0.415643
0.416879
0.418244
0.419259
0.420232
0.421498
0.42277
0.42384
0.424989
0.426252
0.427261
0.428215
0.429514
0.430666
0.432294
0.4338
0.435026
0.436475
0.437586
0.439175
0.440543
0.441521
0.443139
0.444355
0.445696
0.446926
0.448388
0.449731
0.451
0.452247
0.453532
0.454888
0.456155
0.457459
0.459063
0.460309
0.461497
0.462643
0.464171
0.465584
0.46685
0.468453
0.470025
0.471619
0.473357
0.474772
0.475797
0.477329
0.478716
0.479949
0.481417
0.482901
0.484141
0.485536
0.486807
0.488362
0.489837
0.491209
0.49304
0.494357
0.495494
0.49766
0.499039
0.500659
0.501958
0.503637
0.505254
0.506835
0.508414
0.510071
0.512081
0.513775
0.515422
0.517002
0.518653
0.520268
0.521833
0.523653
0.525291
0.526884
0.528499
0.53002
0.53167
0.533938
0.535176
0.537199
0.538443
0.540105
0.541734
0.542998
0.544577
0.546039
0.54762
0.548945
0.55082
0.552501
0.553949
0.555437
0.556804
0.558521
0.560187
0.562076
0.563265
0.564992
0.566503
0.567838
0.569501
0.570811
0.572582
0.574005
0.575736
0.577279
0.578972
0.580306
0.581668
0.583398
0.5851
0.586803
0.588177
0.589724
0.590895
0.592539
0.593869
0.595877
0.597326
0.599016
0.600194
0.601835
0.603651
0.604997
0.607027
0.60901
0.61045
0.611883
0.613605
0.615626
0.617469
0.619384
0.62115
0.622903
0.624751
0.626715
0.628699
0.63047
0.632581
0.634813
0.637184
0.639554
0.641619
0.643411
0.645416
0.64723
0.649253
0.651199
0.653318
0.655572
0.657595
0.660052
0.66225
0.665182
0.667359
0.66931
0.671511
0.673519
0.675647
0.678115
0.680538
0.682863
0.685592
0.688681
0.690797
0.693597
0.696262
0.698831
0.701209
0.704699
0.707375
0.710609
0.713215
0.716723
0.720181
0.723326
0.726379
0.729833
0.733608
0.73622
0.739095
0.742309
0.745074
0.748342
0.752611
0.756077
0.759184
0.76203
0.765618
0.769615
0.773419
0.777667
0.781052
0.785866
0.789792
0.793835
0.797654
0.802048
0.805589
0.808181
0.811947
0.816529
0.81958
0.822873
0.825953
0.829308
0.832481
0.835758
0.839438
0.842816
0.846853
0.850908
0.854763
0.858986
0.863173
0.867441
0.871971
0.876377
0.882886
0.88806
0.893495
0.898719
0.904018
0.911415
0.917733
0.924224
0.931492
0.939182
0.947674
0.955611
0.963212
0.97065
0.977915
0.984562
0.991931
0.999135
1.00505
1.01114
1.01921
1.02706
1.03366
1.04104
1.0477
1.05511
1.06346
1.07205
1.07996
1.09051
1.10189
1.11407
1.12586
1.13927
1.162
1.18719
1.20754
1.24249
1.28518
1.36579
1.47788
1.84981
