0.328
0.328
0.328
0.328
0.328
0.328
0.328
0.328
0.328
0.328
0.33
0.33
0.33
0.332
0.332
0.332
0.332
0.333
0.334
0.334
0.335
0.335
0.336
0.336
0.336
0.336
0.336
0.336
0.336
0.338
0.338
0.338
0.338
0.339
0.34
0.34
0.341
0.341
0.343
0.343
0.344
0.344
0.344
0.344
0.344
0.345
0.345
0.346
0.347
0.348
0.35
0.353
0.354
0.357
0.36
0.363
0.365
0.37
0.373
0.376
0.384
0.386
0.392
0.395
0.4
0.403
0.407
0.41
0.414
0.42
0.425
0.426
0.429
0.429
0.43
0.43
0.431
0.434
0.436
0.44
0.442
0.442
0.443
0.444
0.446
0.446
0.449
0.45
0.453
0.459
0.466
0.468
0.47
0.474
0.478
0.481
0.487
0.491
0.492
0.496
0.501
0.506
0.508
0.51
0.513
0.515
0.519
0.521
0.522
0.523
0.527
0.531
0.534
0.537
0.541
0.545
0.547
0.553
0.555
0.559
0.567
0.574
0.577
0.58
0.583
0.585
0.591
0.595
0.598
0.598
0.601
0.606
0.61
0.614
0.617
0.618
0.624
0.625
0.635
0.645
0.649
0.654
0.656
0.659
0.664
0.665
0.666
0.668
0.671
0.674
0.676
0.684
0.687
0.694
0.701
0.707
0.711
0.713
0.718
0.725
0.73
0.731
0.735
0.741
0.744
0.746
0.75
0.754
0.757
0.762
0.764
0.767
0.771
0.776
0.78
0.785
0.792
0.797
0.806
0.81
0.817
0.822
0.827
0.83
0.833
0.836
0.838
0.838
0.84
0.844
0.844
0.85
0.855
0.855
0.862
0.872
0.877
0.885
0.893
0.9
0.903
0.908
0.909
0.913
0.917
0.922
0.924
0.928
0.929
0.932
0.935
0.936
0.944
0.947
0.95
0.955
0.963
0.97
0.975
0.982
0.984
0.989
0.992
1.001
1.007
1.012
1.016
1.017
1.021
1.027
1.029
1.032
1.037
1.04
1.042
1.047
1.051
1.057
1.059
1.063
1.07
1.075
1.081
1.091
1.1
1.105
1.111
1.118
1.122
1.126
1.128
1.13
1.131
1.136
1.142
1.145
1.15
1.155
1.158
1.159
1.165
1.168
1.174
1.178
1.183
1.187
1.194
1.198
1.202
1.209
1.213
1.219
1.228
1.231
1.235
1.241
1.245
1.249
1.259
1.263
1.268
1.272
1.275
1.28
1.284
1.288
1.292
1.297
1.301
1.309
1.32
1.328
1.333
1.337
1.343
1.346
1.352
1.358
1.362
1.366
1.368
1.372
1.379
1.387
1.389
1.396
1.401
1.408
1.414
1.417
1.421
1.424
1.428
1.434
1.439
1.444
1.451
1.457
1.464
1.472
1.478
1.486
1.489
1.495
1.5
1.5
1.504
1.509
1.516
1.524
1.526
1.532
1.537
1.543
1.549
1.556
1.564
1.571
1.576
1.579
1.587
1.59
1.594
1.598
1.602
1.609
1.614
1.619
1.629
1.634
1.641
1.651
1.659
1.666
1.673
1.679
1.685
1.688
1.694
1.698
1.704
1.709
1.714
1.721
1.738
1.743
1.754
1.758
1.76
1.764
1.771
1.774
1.78
1.792
1.796
1.804
1.812
1.82
1.824
1.833
1.844
1.849
1.853
1.855
1.864
1.87
1.878
1.893
1.904
1.915
1.922
1.926
1.931
1.938
1.945
1.957
1.966
1.979
1.995
2.0
2.014
2.021
2.034
2.042
2.06
2.072
2.085
2.095
2.102
2.111
2.122
2.133
2.148
2.168
2.18
2.192
2.205
2.227
2.238
2.258
2.273
2.289
2.302
2.318
2.337
2.352
2.372
2.398
2.42
2.445
2.47
2.481
2.506
2.532
2.563
2.607
2.645
2.68
2.728
2.779
2.831
2.881
2.94
3.071
3.196
3.422
3.703
3.96
4.831
5.275
