0.152762
0.152762
0.15537
0.15537
0.158197
0.158197
0.161327
0.161327
0.16259
0.16259
0.164176
0.164176
0.16771
0.16771
0.17294
0.17294
0.180757
0.180757
0.191213
0.191213
0.201184
0.201184
0.209287
0.209287
0.214117
0.214117
0.215086
0.215086
0.21864
0.21864
0.219282
0.219282
0.22054
0.22054
0.232783
0.236722
0.236722
0.243971
0.244387
0.244387
0.251652
0.251652
0.255284
0.255284
0.256123
0.256123
0.263632
0.263632
0.265321
0.265321
0.268049
0.268049
0.26998
0.27282
0.27282
0.278235
0.278235
0.279954
0.279954
0.282103
0.282103
0.28726
0.28726
0.290037
0.290037
0.292039
0.292039
0.294475
0.294475
0.301029
0.301029
0.304159
0.304159
0.305133
0.305358
0.305358
0.308414
0.308414
0.308928
0.309869
0.309869
0.317639
0.321389
0.321389
0.324354
0.324354
0.329485
0.329485
0.330894
0.330894
0.331312
0.340258
0.340475
0.340475
0.340788
0.340788
0.341498
0.341498
0.343466
0.343466
0.345039
0.345039
0.34621
0.34621
0.34627
0.34627
0.350319
0.350319
0.354496
0.354496
0.355686
0.355686
0.357899
0.360019
0.360019
0.361566
0.363065
0.363065
0.363278
0.363278
0.367322
0.367322
0.367833
0.367833
0.367878
0.37032
0.37032
0.372401
0.372401
0.376619
0.37805
0.37805
0.37842
0.37842
0.378794
0.380894
0.380894
0.381705
0.381834
0.38707
0.38707
0.394183
0.394183
0.398065
0.399826
0.399826
0.400021
0.400021
0.400595
0.400595
0.401132
0.402348
0.402792
0.402792
0.406389
0.406389
0.408579
0.408579
0.40989
0.41208
0.413211
0.415549
0.421091
0.421393
0.422032
0.422032
0.423946
0.428664
0.428664
0.433188
0.433188
0.433679
0.433679
0.435767
0.435767
0.43714
0.43714
0.437318
0.437716
0.437716
0.439336
0.439336
0.439538
0.439652
0.439652
0.440461
0.440461
0.441812
0.444607
0.445728
0.447007
0.449364
0.451386
0.452626
0.452626
0.455275
0.455275
0.45549
0.45549
0.456703
0.45688
0.457244
0.457244
0.459996
0.459996
0.460721
0.46262
0.46262
0.463792
0.465004
0.465383
0.465383
0.465455
0.465455
0.468407
0.470427
0.471755
0.472335
0.473871
0.474133
0.475305
0.475852
0.475852
0.478892
0.478892
0.4798
0.481589
0.481589
0.489993
0.489993
0.490623
0.490623
0.492988
0.493517
0.494766
0.495884
0.495884
0.495986
0.497408
0.497624
0.49984
0.500029
0.500029
0.502105
0.502105
0.502774
0.503206
0.506795
0.506795
0.510409
0.510921
0.513291
0.514041
0.515354
0.515354
0.515592
0.515592
0.516909
0.518365
0.51861
0.51861
0.521182
0.521182
0.521271
0.521303
0.521303
0.522608
0.523032
0.524757
0.524817
0.524817
0.526706
0.528641
0.529859
0.529859
0.532989
0.532989
0.533347
0.536761
0.539561
0.547614
0.557799
0.557799
0.564345
0.564601
0.568624
0.568624
0.5697
0.572549
0.572943
0.572943
0.57462
0.577348
0.580152
0.586182
0.586182
0.586286
0.586286
0.590954
0.590954
0.591012
0.591012
0.595384
0.595384
0.596118
0.598976
0.598976
0.599156
0.600334
0.600437
0.600441
0.600441
0.603922
0.603922
0.604647
0.6057
0.609057
0.609057
0.610805
0.61185
0.616651
0.621831
0.621913
0.621913
0.624627
0.625036
0.625036
0.625126
0.625677
0.63283
0.63283
0.63475
0.642751
0.643922
0.644281
0.644849
0.656611
0.658212
0.658212
0.658753
0.660856
0.661706
0.666913
0.67449
0.675565
0.675565
0.675725
0.675725
0.67585
0.67585
0.680316
0.680316
0.680437
0.682337
0.686988
0.688283
0.688738
0.6965
0.698487
0.702894
0.703142
0.703881
0.708961
0.708961
0.710175
0.710175
0.712937
0.713052
0.715359
0.71692
0.721694
0.731865
0.733988
0.735308
0.751214
0.751214
0.75355
0.762183
0.767322
0.773988
0.774939
0.775995
0.780384
0.782347
0.787092
0.787092
0.789897
0.790196
0.802997
0.805415
0.805415
0.810232
0.810232
0.811509
0.815433
0.815433
0.816314
0.817141
0.818654
0.818654
0.830329
0.834903
0.845274
0.852636
0.866396
0.867509
0.868782
0.868782
0.873771
0.87678
0.881712
0.910695
0.912224
0.92641
0.92641
0.929797
0.943106
0.943106
0.945126
0.963779
0.963779
0.973647
0.97621
0.983105
0.998278
0.998278
1.00488
1.01044
1.01422
1.02505
1.02882
1.04756
1.04928
1.05413
1.05482
1.06384
1.06384
1.06604
1.08704
1.09189
1.12806
1.15027
1.16224
1.18574
1.23242
1.2394
1.25602
1.47725
1.6822
1.79855
