0.151274
0.151274
0.153129
0.153134
0.154466
0.154483
0.156053
0.156054
0.157561
0.15763
0.159383
0.159451
0.161443
0.161506
0.164479
0.164622
0.167223
0.167635
0.169893
0.170294
0.172742
0.173332
0.175257
0.175933
0.177805
0.1789
0.180986
0.181795
0.184023
0.184829
0.186974
0.187739
0.189453
0.190447
0.192148
0.193048
0.194952
0.195972
0.197765
0.198804
0.200466
0.201773
0.203489
0.204802
0.206119
0.207401
0.208693
0.209992
0.211283
0.21299
0.214146
0.215634
0.217121
0.218259
0.219389
0.220875
0.222213
0.223725
0.225011
0.226257
0.227231
0.228864
0.229931
0.231262
0.232663
0.233943
0.235255
0.236298
0.237937
0.239056
0.240093
0.241178
0.242307
0.243589
0.244841
0.245999
0.247018
0.247996
0.248927
0.250139
0.25157
0.252949
0.254077
0.254837
0.25569
0.256508
0.257766
0.258983
0.260301
0.261226
0.262427
0.263483
0.264745
0.265715
0.26692
0.268064
0.269067
0.270141
0.271259
0.272224
0.273469
0.274488
0.276067
0.27705
0.278283
0.279347
0.28052
0.281681
0.282806
0.283711
0.284941
0.285984
0.287164
0.288243
0.289538
0.2907
0.291989
0.292973
0.294382
0.295731
0.29667
0.297708
0.298857
0.29976
0.300717
0.301727
0.302715
0.303985
0.305066
0.306005
0.306854
0.307732
0.308673
0.309576
0.310895
0.311764
0.312757
0.313718
0.314834
0.31579
0.316934
0.317976
0.319149
0.320162
0.321366
0.322384
0.323236
0.324319
0.325425
0.326392
0.327287
0.328187
0.329075
0.329834
0.330849
0.332063
0.332909
0.333785
0.33484
0.336234
0.337125
0.338041
0.338844
0.339841
0.341007
0.342478
0.343331
0.344395
0.345618
0.346556
0.347663
0.348567
0.349617
0.350411
0.35132
0.352378
0.353338
0.35421
0.355296
0.355977
0.356978
0.357773
0.359
0.35969
0.360726
0.361667
0.362503
0.363439
0.364506
0.365358
0.366194
0.367455
0.368591
0.369368
0.370442
0.371517
0.3728
0.373842
0.374991
0.376303
0.377441
0.379056
0.380234
0.381497
0.382516
0.383398
0.384636
0.385712
0.386827
0.387796
0.389044
0.390442
0.391351
0.392907
0.394192
0.3952
0.396394
0.397503
0.398636
0.39977
0.40065
0.401651
0.402682
0.403964
0.40494
0.405967
0.406858
0.407973
0.409167
0.410394
0.41162
0.412664
0.413741
0.414567
0.415657
0.416929
0.418504
0.419814
0.42087
0.422162
0.423092
0.424555
0.425647
0.426942
0.42817
0.429099
0.430561
0.431488
0.432489
0.433743
0.434842
0.43602
0.437344
0.438541
0.439542
0.440733
0.442
0.443088
0.444314
0.445548
0.446849
0.44831
0.449644
0.450532
0.451511
0.4529
0.454126
0.455139
0.456275
0.45749
0.458588
0.459755
0.46108
0.461964
0.463262
0.464826
0.465837
0.46719
0.468516
0.4696
0.471054
0.472256
0.473211
0.474324
0.475267
0.476526
0.477516
0.478803
0.479831
0.480946
0.48194
0.483081
0.484099
0.484963
0.486267
0.487298
0.488354
0.489407
0.490452
0.491702
0.492918
0.494068
0.494937
0.49619
0.497246
0.49832
0.499623
0.500822
0.502079
0.503441
0.504839
0.506097
0.507429
0.509007
0.51031
0.511555
0.512685
0.513851
0.515281
0.516836
0.518261
0.519782
0.52082
0.522119
0.523482
0.525117
0.526204
0.52759
0.529472
0.531004
0.532326
0.533744
0.535548
0.537085
0.538967
0.540534
0.542165
0.543745
0.544994
0.546544
0.54769
0.549177
0.550466
0.551999
0.553403
0.554809
0.556417
0.557659
0.559329
0.560779
0.562494
0.564129
0.565802
0.567497
0.568825
0.570559
0.572199
0.574367
0.57609
0.577445
0.578955
0.58067
0.582016
0.583736
0.585305
0.587029
0.588434
0.590221
0.591641
0.593765
0.595307
0.596989
0.598775
0.60037
0.601738
0.603414
0.604947
0.606655
0.608329
0.610309
0.612111
0.613776
0.616204
0.618419
0.619654
0.621632
0.623385
0.625354
0.62689
0.629633
0.631667
0.634168
0.636355
0.638449
0.640339
0.642547
0.644343
0.646627
0.648579
0.650869
0.652544
0.65423
0.656378
0.658591
0.660541
0.662652
0.664943
0.666706
0.668914
0.67091
0.673249
0.675763
0.678163
0.681211
0.683314
0.685756
0.68773
0.690168
0.693066
0.695576
0.698596
0.70101
0.703738
0.706677
0.709318
0.712481
0.715448
0.718739
0.721641
0.724476
0.727292
0.730281
0.733966
0.7375
0.740838
0.744486
0.748269
0.75237
0.755681
0.759085
0.763313
0.767048
0.770929
0.774668
0.778144
0.781236
0.784596
0.788598
0.792698
0.79654
0.800408
0.804628
0.808693
0.812493
0.817055
0.821759
0.82565
0.831057
0.835725
0.840965
0.847005
0.852623
0.859616
0.866338
0.874267
0.882934
0.89132
0.899451
0.908708
0.916749
0.92666
0.936506
0.944888
0.953304
0.963308
0.97324
0.982247
0.991698
1.00438
1.01698
1.02796
1.03689
1.04631
1.056
1.06641
1.07548
1.0876
1.09977
1.11631
1.13741
1.16041
1.18584
1.21413
1.24876
1.28249
1.30395
1.33087
1.37988
1.41407
1.50598
