0.150248
0.150248
0.150794
0.150794
0.151051
0.151051
0.152876
0.152876
0.154244
0.154244
0.154699
0.154699
0.155516
0.155516
0.157816
0.157816
0.158971
0.158971
0.160187
0.160187
0.162605
0.162605
0.163159
0.163159
0.166677
0.166677
0.169607
0.169607
0.170816
0.170816
0.171501
0.171501
0.172311
0.172311
0.172933
0.172933
0.176352
0.176352
0.184406
0.184406
0.188228
0.188228
0.189438
0.189438
0.193884
0.195186
0.195186
0.195253
0.195253
0.197719
0.197719
0.19812
0.19812
0.205305
0.205305
0.209032
0.209032
0.210857
0.211849
0.211849
0.212492
0.212492
0.213737
0.213737
0.217527
0.217527
0.217637
0.217637
0.220425
0.220425
0.225633
0.229848
0.229848
0.23726
0.23726
0.238414
0.238414
0.241087
0.241087
0.241512
0.241512
0.24978
0.24978
0.250019
0.250019
0.25165
0.25165
0.2613
0.264815
0.264815
0.267944
0.267944
0.268525
0.268525
0.270785
0.270785
0.273127
0.283317
0.283317
0.288219
0.288219
0.292436
0.292436
0.295261
0.295261
0.297033
0.297033
0.300817
0.300943
0.300943
0.30218
0.30218
0.3053
0.3053
0.308813
0.308813
0.310953
0.310953
0.31163
0.312241
0.312241
0.312547
0.312547
0.314302
0.314302
0.314521
0.314521
0.315485
0.318928
0.318928
0.319896
0.320382
0.320382
0.321276
0.321713
0.321713
0.322198
0.322198
0.324529
0.324529
0.324999
0.324999
0.326805
0.326805
0.327806
0.327806
0.328454
0.328769
0.328769
0.329384
0.329384
0.333168
0.333168
0.33416
0.33416
0.335415
0.335415
0.335628
0.335628
0.335879
0.337663
0.339078
0.339388
0.341923
0.342867
0.342867
0.343186
0.343186
0.345809
0.346153
0.346153
0.348067
0.348067
0.348159
0.349435
0.349435
0.35045
0.35045
0.3548
0.356093
0.358473
0.35885
0.35885
0.362817
0.362838
0.364137
0.364137
0.364613
0.364613
0.36495
0.367294
0.367294
0.368639
0.368639
0.36898
0.36898
0.372398
0.372398
0.373832
0.373832
0.377586
0.377586
0.378272
0.379391
0.381255
0.381932
0.386694
0.386694
0.387516
0.387516
0.388781
0.389064
0.390974
0.390974
0.392069
0.392069
0.392473
0.392473
0.397349
0.399359
0.399359
0.399374
0.399374
0.400223
0.400223
0.400661
0.400661
0.402043
0.404161
0.406232
0.406232
0.406718
0.407094
0.407094
0.408297
0.408472
0.411508
0.413622
0.413622
0.414991
0.415134
0.415134
0.417432
0.417432
0.419027
0.419422
0.419422
0.419469
0.422409
0.422409
0.422869
0.425867
0.426285
0.427215
0.428373
0.42911
0.42911
0.429314
0.429314
0.429739
0.429739
0.430634
0.431013
0.431124
0.437254
0.438335
0.438942
0.438942
0.440986
0.441503
0.4416
0.4416
0.443642
0.443642
0.446769
0.446769
0.447358
0.450576
0.452171
0.452171
0.452479
0.453605
0.453605
0.455294
0.455294
0.455961
0.455961
0.456639
0.456639
0.457714
0.457714
0.462439
0.463411
0.464058
0.464765
0.466926
0.46733
0.46908
0.469684
0.469684
0.473466
0.473466
0.474125
0.476241
0.476479
0.476775
0.476775
0.476955
0.47922
0.47934
0.47934
0.480177
0.483242
0.483242
0.48391
0.484325
0.484492
0.487381
0.490101
0.491025
0.49129
0.495397
0.497742
0.502417
0.502417
0.504764
0.504764
0.507351
0.507351
0.507928
0.507928
0.510923
0.51124
0.51261
0.514772
0.516567
0.523189
0.525612
0.525612
0.526099
0.52644
0.531621
0.532942
0.534347
0.537604
0.539779
0.543004
0.543004
0.543159
0.543502
0.543502
0.543791
0.543791
0.545694
0.548095
0.550571
0.550571
0.555155
0.55529
0.556236
0.556236
0.55666
0.557232
0.557353
0.55929
0.560935
0.561696
0.562424
0.566341
0.57477
0.574808
0.575439
0.578025
0.578124
0.587226
0.587226
0.588947
0.588947
0.594691
0.594691
0.594823
0.594823
0.59548
0.595872
0.595954
0.595954
0.598661
0.600624
0.601802
0.605117
0.605996
0.605996
0.609805
0.610145
0.610925
0.612967
0.613041
0.61531
0.616726
0.618951
0.624825
0.627995
0.628356
0.628356
0.633193
0.633825
0.640597
0.642107
0.642966
0.644901
0.645446
0.645446
0.65227
0.653275
0.658571
0.658637
0.658637
0.659686
0.662435
0.664204
0.665012
0.665012
0.665604
0.668843
0.669385
0.670241
0.671189
0.671189
0.673586
0.676303
0.680633
0.683218
0.693011
0.696105
0.699843
0.703989
0.706109
0.722412
0.73374
0.734903
0.755004
0.755004
0.774202
0.779561
0.789111
0.790644
0.795424
0.808838
0.810568
0.815661
0.816303
0.819029
0.820813
0.820813
0.821527
0.822053
0.822053
0.823178
0.827851
0.829257
0.83142
0.83142
0.846166
0.883784
0.889372
0.889372
0.894261
0.912683
0.921175
0.929707
0.948635
0.95428
0.957987
0.96378
0.96378
0.963866
0.979162
0.987626
1.00973
1.0269
1.04127
1.04476
1.04741
1.06258
1.07848
1.08109
1.08345
1.10231
1.11046
1.11895
1.12178
1.18116
1.22353
1.25146
1.29195
1.29736
1.32921
1.3552
1.39416
1.45172
