0.328
0.328
0.328
0.328
0.328
0.328
0.328
0.328
0.328
0.33
0.33
0.33
0.331
0.332
0.332
0.332
0.332
0.334
0.334
0.336
0.336
0.336
0.336
0.336
0.336
0.337
0.337
0.337
0.337
0.337
0.339
0.339
0.339
0.34
0.34
0.341
0.341
0.341
0.342
0.342
0.343
0.344
0.345
0.345
0.345
0.345
0.346
0.348
0.349
0.349
0.349
0.349
0.349
0.349
0.349
0.349
0.349
0.351
0.351
0.351
0.352
0.353
0.354
0.354
0.354
0.354
0.355
0.358
0.358
0.359
0.359
0.359
0.36
0.36
0.36
0.361
0.363
0.364
0.364
0.364
0.366
0.366
0.368
0.369
0.369
0.371
0.373
0.376
0.377
0.379
0.381
0.382
0.383
0.383
0.383
0.384
0.388
0.392
0.394
0.399
0.399
0.402
0.403
0.409
0.409
0.411
0.416
0.419
0.423
0.425
0.428
0.429
0.434
0.436
0.44
0.445
0.446
0.452
0.455
0.458
0.461
0.461
0.463
0.464
0.466
0.467
0.468
0.468
0.468
0.468
0.469
0.47
0.47
0.471
0.471
0.471
0.473
0.475
0.476
0.476
0.476
0.476
0.477
0.477
0.479
0.48
0.481
0.484
0.486
0.488
0.493
0.493
0.494
0.499
0.5
0.504
0.507
0.509
0.512
0.514
0.516
0.518
0.519
0.523
0.527
0.532
0.535
0.54
0.541
0.543
0.547
0.551
0.551
0.552
0.553
0.557
0.563
0.565
0.567
0.571
0.574
0.576
0.578
0.578
0.579
0.58
0.583
0.583
0.584
0.587
0.589
0.589
0.589
0.589
0.591
0.594
0.596
0.598
0.599
0.601
0.604
0.605
0.611
0.612
0.619
0.629
0.63
0.634
0.638
0.64
0.648
0.65
0.651
0.652
0.655
0.658
0.661
0.665
0.669
0.673
0.675
0.677
0.679
0.681
0.684
0.685
0.687
0.688
0.69
0.694
0.697
0.697
0.699
0.702
0.708
0.71
0.712
0.719
0.721
0.723
0.729
0.732
0.738
0.742
0.743
0.748
0.752
0.756
0.758
0.76
0.763
0.767
0.77
0.774
0.777
0.781
0.783
0.786
0.788
0.789
0.79
0.793
0.795
0.798
0.801
0.806
0.811
0.813
0.818
0.819
0.824
0.827
0.83
0.835
0.839
0.846
0.85
0.852
0.857
0.861
0.864
0.867
0.869
0.874
0.876
0.879
0.881
0.885
0.889
0.892
0.896
0.898
0.9
0.902
0.906
0.909
0.914
0.915
0.921
0.925
0.926
0.931
0.934
0.94
0.947
0.955
0.966
0.969
0.972
0.977
0.979
0.982
0.985
0.99
0.992
0.997
1.0
1.003
1.009
1.01
1.013
1.015
1.018
1.025
1.031
1.039
1.045
1.048
1.051
1.054
1.056
1.061
1.066
1.07
1.078
1.086
1.09
1.091
1.095
1.098
1.1
1.104
1.109
1.116
1.119
1.127
1.13
1.134
1.138
1.14
1.144
1.15
1.153
1.164
1.167
1.174
1.183
1.187
1.192
1.196
1.205
1.214
1.22
1.224
1.233
1.236
1.24
1.243
1.25
1.254
1.261
1.265
1.268
1.274
1.281
1.289
1.295
1.305
1.312
1.32
1.321
1.331
1.335
1.34
1.343
1.351
1.356
1.363
1.369
1.376
1.383
1.389
1.396
1.407
1.414
1.42
1.426
1.438
1.446
1.451
1.453
1.457
1.459
1.469
1.474
1.486
1.493
1.498
1.509
1.515
1.527
1.533
1.54
1.548
1.555
1.562
1.567
1.575
1.581
1.585
1.595
1.603
1.611
1.617
1.62
1.632
1.638
1.653
1.665
1.672
1.68
1.686
1.696
1.701
1.707
1.711
1.72
1.734
1.74
1.754
1.761
1.77
1.781
1.791
1.798
1.809
1.82
1.825
1.832
1.847
1.856
1.864
1.873
1.88
1.894
1.904
1.921
1.931
1.937
1.95
1.966
1.98
1.995
2.013
2.027
2.045
2.058
2.073
2.089
2.098
2.116
2.128
2.146
2.165
2.174
2.201
2.226
2.25
2.273
2.294
2.327
2.358
2.388
2.416
2.451
2.487
2.515
2.569
2.625
2.672
2.704
2.777
2.822
2.903
3.041
3.157
3.376
3.93
4.359
4.678
