0.04
0.2
0.44
0.64
0.77
0.87
0.89
0.92
0.95
1
1.01
1.04
1.07
1.1
1.11
1.14
1.19
1.21
1.29
1.31
1.38
1.44
1.47
1.48
1.5
1.52
1.54
1.54
1.56
1.63
1.69
1.76
1.8
1.88
1.91
1.99
2.06
2.15
2.24
2.29
2.33
2.33
2.35
2.36
2.36
2.4
2.4
2.42
2.44
2.49
2.5
2.53
2.6
2.63
2.63
2.63
2.64
2.66
2.71
2.77
2.8
2.87
2.9
2.95
2.98
3.03
3.08
3.1
3.14
3.2
3.24
3.27
3.31
3.4
3.41
3.47
3.52
3.55
3.58
3.61
3.64
3.66
3.67
3.71
3.75
3.77
3.79
3.86
3.92
3.97
3.98
4.01
4.04
4.08
4.11
4.16
4.2
4.24
4.27
4.31
4.32
4.36
4.4
4.41
4.44
4.47
4.52
4.55
4.58
4.61
4.65
4.66
4.7
4.75
4.86
4.9
4.94
4.95
5
5.08
5.12
5.12
5.15
5.22
5.24
5.28
5.34
5.37
5.4
5.43
5.46
5.5
5.52
5.54
5.59
5.61
5.63
5.65
5.69
5.74
5.8
5.83
5.84
5.88
5.94
5.96
6.01
6.05
6.11
6.16
6.2
6.25
6.27
6.31
6.35
6.38
6.39
6.4
6.43
6.46
6.46
6.49
6.51
6.56
6.61
6.65
6.71
6.72
6.79
6.81
6.85
6.91
6.93
6.99
7.05
7.1
7.11
7.13
7.14
7.16
7.19
7.22
7.23
7.23
7.26
7.31
7.34
7.41
7.42
7.43
7.43
7.45
7.53
7.54
7.57
7.59
7.62
7.67
7.68
7.72
7.72
7.78
7.83
7.88
7.91
7.93
7.98
8.03
8.04
8.06
8.08
8.11
8.13
8.14
8.16
8.18
8.21
8.23
8.23
8.25
8.27
8.3
8.35
8.35
8.39
8.41
8.43
8.49
8.53
8.54
8.56
8.58
8.61
8.64
8.67
8.7
8.74
8.74
8.77
8.81
8.88
8.92
8.95
9
9.04
9.06
9.1
9.12
9.12
9.13
9.14
9.14
9.15
9.15
9.17
9.19
9.24
9.27
9.27
9.29
9.32
9.34
9.37
9.41
9.45
9.48
9.48
9.5
9.54
9.57
9.61
9.64
9.69
9.71
9.74
9.77
9.78
9.79
9.84
9.87
9.88
9.91
9.93
9.94
9.98
10
10.05
10.09
10.1
10.15
10.2
10.24
10.27
10.3
10.34
10.35
10.38
10.4
10.41
10.43
10.43
10.46
10.52
10.56
10.57
10.61
10.66
10.68
10.71
10.75
10.8
10.82
10.86
10.87
10.92
10.94
10.96
10.99
11
11.05
11.09
11.11
11.14
11.15
11.15
11.18
11.18
11.23
11.27
11.31
11.31
11.33
11.38
11.44
11.48
11.54
11.59
11.6
11.6
11.62
11.63
11.69
11.75
11.77
11.79
11.85
11.86
11.86
11.86
11.87
11.91
11.91
11.94
12.01
12.06
12.09
12.12
12.15
12.15
12.17
12.18
12.21
12.23
12.28
12.31
12.33
12.36
12.37
12.42
12.44
12.47
12.52
12.55
12.59
12.64
12.68
12.72
12.77
12.78
12.81
12.81
12.88
12.91
12.92
12.93
12.93
12.95
12.98
13
13.03
13.06
13.06
13.07
13.1
13.11
13.16
13.21
13.24
13.27
13.3
13.33
13.34
13.34
13.4
13.46
13.53
13.56
13.63
13.64
13.65
13.68
13.7
13.72
13.76
13.83
13.86
13.88
13.89
13.9
13.92
13.94
13.95
13.98
14
14.02
14.02
14.08
14.12
14.17
14.2
14.25
14.3
14.35
14.37
14.41
14.44
14.47
14.52
14.52
14.53
14.57
14.59
14.61
14.62
14.64
14.66
14.69
14.74
14.78
14.81
14.83
14.85
14.88
14.93
14.93
14.94
15
15.04
15.06
15.11
15.14
15.17
15.21
15.26
15.29
15.34
15.35
15.37
15.4
15.44
15.47
15.52
15.53
15.57
15.59
15.6
15.61
15.64
15.68
15.72
15.75
15.81
15.83
15.88
15.9
15.96
15.98
16.04
16.05
16.08
16.11
16.13
16.17
16.19
16.25
16.27
16.29
16.32
16.35
16.39
16.42
16.42
16.45
16.48
16.52
16.54
16.6
16.63
16.68
16.74
16.79
16.82
16.85
16.89
16.91
16.92
16.96
17.02
17.06
17.07
17.1
17.14
17.2
17.2
17.26
17.27
17.31
17.33
17.35
17.39
17.43
17.49
17.5
17.54
17.61
17.62
17.67
17.7
17.75
17.8
17.82
17.89
17.94
17.94
17.97
17.99
18.01
18.03
18.06
18.06
18.13
18.14
18.19
18.24
18.27
18.33
18.36
18.37
18.45
18.5
18.52
18.55
18.55
18.56
18.57
18.62
18.68
18.73
18.76
18.81
18.89
18.91
18.93
18.98
19.01
19.03
19.11
19.12
19.15
19.17
19.19
19.24
19.31
19.31
19.35
19.38
19.42
19.44
19.48
19.54
19.57
19.6
19.62
19.65
19.68
19.73
19.8
19.85
19.89
19.95
20
20.02
20.06
20.08
20.11
20.16
20.18
20.2
20.26
20.27
20.28
20.35
20.38
20.41
20.47
20.54
20.63
20.65
20.68
20.7
20.74
20.82
20.87
20.89
20.95
21
21.07
21.14
21.2
21.22
21.24
21.26
21.36
21.4
21.47
21.51
21.55
21.58
21.62
21.68
21.72
21.76
21.82
21.85
21.9
22
22.06
22.08
22.16
22.22
22.29
22.36
22.41
22.44
22.46
22.52
22.56
22.6
22.63
22.72
22.73
22.78
22.85
22.92
23
23.1
23.17
23.21
23.28
23.35
23.41
23.47
23.54
23.58
23.59
23.67
23.72
23.83
23.93
24
24.08
24.12
24.16
24.24
24.39
24.45
24.52
24.56
24.62
24.69
24.8
24.89
24.96
25.02
25.14
25.26
25.36
25.46
25.6
25.66
25.76
25.85
25.95
26.09
26.13
26.25
26.32
26.48
26.61
26.74
26.84
26.96
27.09
27.19
27.26
27.44
27.59
27.75
27.89
28.03
28.09
28.27
28.48
28.63
28.76
28.93
29.12
29.31
29.51
29.78
30.06
30.21
30.43
30.79
31.02
31.37
31.64
31.93
32.19
32.55
32.88
33.24
33.78
34.19
34.76
35.39
36.24
37.01
38.26
39.97
