0.328
0.328
0.328
0.328
0.328
0.328
0.328
0.328
0.331
0.331
0.331
0.335
0.335
0.337
0.338
0.342
0.343
0.346
0.347
0.353
0.355
0.365
0.37
0.374
0.384
0.393
0.401
0.413
0.424
0.439
0.449
0.458
0.467
0.481
0.488
0.499
0.509
0.524
0.539
0.553
0.566
0.587
0.602
0.618
0.644
0.664
0.684
0.703
0.725
0.745
0.771
0.793
0.819
0.846
0.884
0.916
0.949
0.978
1.005
1.037
1.068
1.109
1.136
1.165
1.209
1.25
1.295
1.333
1.373
1.412
1.447
1.488
1.547
1.618
1.671
1.765
1.836
1.897
1.974
2.073
2.174
2.252
2.336
2.406
2.503
2.57
2.659
2.734
2.812
2.937
3.08
3.192
3.342
3.531
4.008
4.473
4.623
4.809
4.944
5.194
