0.145609
0.145609
0.149228
0.149238
0.150767
0.150767
0.151493
0.151515
0.152279
0.152279
0.152755
0.152765
0.153181
0.153189
0.153536
0.153551
0.153991
0.154002
0.15448
0.154491
0.154973
0.155032
0.155562
0.15558
0.156218
0.156247
0.156764
0.156827
0.157364
0.15741
0.157987
0.158062
0.158716
0.158868
0.15955
0.159702
0.160567
0.160726
0.161519
0.161658
0.162268
0.162382
0.162987
0.163169
0.163719
0.163984
0.164527
0.164883
0.165533
0.165885
0.166488
0.166903
0.167586
0.168107
0.168725
0.169194
0.169745
0.170149
0.17071
0.171028
0.171631
0.171908
0.172492
0.172934
0.173498
0.173843
0.174355
0.174752
0.175426
0.175914
0.176555
0.177045
0.177601
0.177966
0.178525
0.178956
0.179558
0.179929
0.180419
0.180759
0.181519
0.181846
0.182386
0.182904
0.183215
0.183747
0.184102
0.184516
0.185111
0.185595
0.185948
0.186482
0.18688
0.187421
0.188119
0.188555
0.189134
0.189607
0.190077
0.190576
0.191001
0.191505
0.191911
0.192367
0.192916
0.193433
0.193876
0.194282
0.194671
0.195183
0.19559
0.196101
0.196563
0.197114
0.197618
0.198085
0.198576
0.199116
0.199558
0.199982
0.200416
0.200933
0.201392
0.201808
0.202144
0.20253
0.202901
0.203402
0.203828
0.204524
0.204963
0.205572
0.206047
0.206532
0.207028
0.207428
0.207884
0.208356
0.208758
0.209285
0.209701
0.210071
0.210505
0.210902
0.211262
0.211637
0.212068
0.212699
0.213114
0.213485
0.213905
0.214439
0.214817
0.215251
0.215695
0.216117
0.216434
0.216842
0.217192
0.217711
0.218069
0.218486
0.218811
0.219249
0.219698
0.220207
0.220565
0.221037
0.22131
0.221668
0.222208
0.222565
0.223076
0.223464
0.223933
0.2243
0.224836
0.225075
0.225645
0.226015
0.226618
0.227023
0.227486
0.227889
0.228327
0.228655
0.229065
0.229417
0.229804
0.230102
0.230575
0.230953
0.231365
0.231786
0.232234
0.232542
0.232943
0.233325
0.233702
0.234043
0.23437
0.234786
0.235106
0.235472
0.235766
0.236207
0.236497
0.23683
0.237258
0.237659
0.238005
0.238426
0.238895
0.239244
0.239624
0.240002
0.240405
0.240732
0.241079
0.241495
0.2418
0.242203
0.242595
0.243004
0.243314
0.243728
0.244089
0.24446
0.244806
0.245214
0.245537
0.24588
0.246301
0.246594
0.246978
0.247249
0.24764
0.248017
0.248407
0.248761
0.249072
0.249408
0.249766
0.250055
0.250427
0.25076
0.251196
0.251566
0.251876
0.252255
0.252588
0.25311
0.253403
0.253783
0.25407
0.254374
0.254647
0.254999
0.255419
0.255677
0.256065
0.25641
0.256709
0.257156
0.257478
0.257808
0.258146
0.258489
0.258807
0.259282
0.259549
0.259907
0.260211
0.260594
0.260919
0.261301
0.261562
0.262009
0.262299
0.262707
0.263106
0.263548
0.26399
0.264311
0.264753
0.265086
0.265516
0.26587
0.266255
0.266571
0.266934
0.267278
0.267496
0.267873
0.268153
0.268558
0.268903
0.269185
0.269637
0.269971
0.270355
0.270605
0.271084
0.271401
0.271782
0.272187
0.272516
0.27293
0.27327
0.273658
0.274055
0.274372
0.274801
0.275199
0.275561
0.275939
0.276206
0.276604
0.276899
0.277274
0.277522
0.277878
0.278265
0.278686
0.279013
0.27945
0.279744
0.280158
0.280504
0.280929
0.281327
0.28178
0.28208
0.28243
0.282792
0.283063
0.283381
0.283687
0.284108
0.284387
0.284734
0.285119
0.285498
0.285885
0.286284
0.286608
0.28693
0.28739
0.287706
0.288129
0.288435
0.288795
0.289118
0.289578
0.289905
0.290255
0.290635
0.290967
0.291275
0.29169
0.29212
0.292468
0.29279
0.293091
0.293499
0.293874
0.294273
0.294654
0.295024
0.29539
0.295798
0.296266
0.29655
0.297022
0.297405
0.297723
0.298056
0.298343
0.298766
0.29908
0.299425
0.299802
0.300197
0.300548
0.300964
0.301265
0.301551
0.301933
0.30226
0.302606
0.302949
0.303245
0.303598
0.303923
0.304274
0.304645
0.304994
0.305296
0.305718
0.306086
0.306444
0.306792
0.307085
0.30748
0.307827
0.308216
0.3085
0.308862
0.309242
0.309652
0.310021
0.310339
0.310717
0.310988
0.311413
0.311755
0.312088
0.312472
0.312767
0.313082
0.313471
0.313824
0.314182
0.31454
0.314841
0.3152
0.315531
0.315892
0.316278
0.316614
0.316987
0.317401
0.317726
0.318003
0.318354
0.318697
0.319061
0.319427
0.319762
0.320125
0.320477
0.320836
0.321242
0.321588
0.321973
0.322322
0.322643
0.323101
0.323429
0.323832
0.324215
0.324557
0.324856
0.325116
0.325509
0.325897
0.326147
0.326558
0.326875
0.327179
0.327489
0.327872
0.328143
0.328588
0.328927
0.329344
0.329664
0.329995
0.330363
0.330734
0.331126
0.331466
0.3318
0.332127
0.332522
0.332886
0.333203
0.333596
0.333976
0.334385
0.33473
0.335071
0.335489
0.335869
0.33628
0.336558
0.336938
0.33722
0.337603
0.337946
0.338278
0.338716
0.339031
0.339311
0.339666
0.339988
0.340319
0.340579
0.340923
0.341244
0.341568
0.341877
0.342238
0.342589
0.342985
0.343297
0.343633
0.343949
0.344389
0.34476
0.345057
0.345395
0.34572
0.346089
0.346419
0.346741
0.347061
0.347422
0.347741
0.348055
0.34838
0.348688
0.348999
0.349314
0.34971
0.350096
0.350551
0.350949
0.351233
0.351536
0.351808
0.352148
0.352522
0.352876
0.353218
0.353628
0.353904
0.354291
0.354679
0.35493
0.355197
0.355508
0.355888
0.356258
0.356589
0.356923
0.357351
0.357614
0.357895
0.358251
0.358697
0.359104
0.359365
0.359715
0.360065
0.360462
0.3608
0.361222
0.361541
0.361873
0.362228
0.362664
0.363049
0.363451
0.363782
0.364163
0.364471
0.364821
0.365169
0.365578
0.365945
0.366343
0.366743
0.36711
0.36742
0.367827
0.368144
0.368527
0.36888
0.369325
0.369638
0.370008
0.370332
0.370786
0.371114
0.371441
0.371845
0.372161
0.3725
0.372871
0.37327
0.373712
0.374091
0.374419
0.374769
0.375081
0.375495
0.375814
0.376147
0.376495
0.376916
0.377275
0.377643
0.3779
0.378337
0.378723
0.37905
0.379396
0.37974
0.380022
0.380453
0.380836
0.381225
0.381628
0.382017
0.382372
0.382752
0.383114
0.383383
0.383865
0.384325
0.384737
0.385159
0.385451
0.385847
0.386187
0.386604
0.386969
0.387386
0.387749
0.388133
0.388489
0.388892
0.38924
0.389661
0.390049
0.390436
0.390842
0.391181
0.391579
0.391948
0.392386
0.392818
0.393196
0.39359
0.394012
0.394478
0.39479
0.395176
0.395574
0.395954
0.396361
0.396701
0.397113
0.397423
0.397716
0.398136
0.398496
0.398906
0.3994
0.399824
0.40021
0.400695
0.401083
0.401494
0.401871
0.402196
0.402605
0.403027
0.403385
0.403851
0.404258
0.404627
0.404941
0.405372
0.405788
0.406276
0.406782
0.407177
0.407552
0.407936
0.40843
0.408841
0.409288
0.40978
0.410287
0.410693
0.411228
0.411764
0.412149
0.412677
0.413059
0.413615
0.41405
0.414566
0.414953
0.415442
0.415951
0.416359
0.416882
0.417337
0.417817
0.418291
0.418801
0.41939
0.419811
0.420383
0.420849
0.421298
0.421757
0.42242
0.422869
0.423297
0.423799
0.424248
0.424654
0.425159
0.42572
0.426238
0.426688
0.42728
0.427931
0.428502
0.428925
0.429495
0.430039
0.430622
0.431195
0.431775
0.432307
0.433
0.433535
0.434086
0.434642
0.435243
0.435677
0.436142
0.436657
0.437219
0.437755
0.438297
0.438838
0.439293
0.439807
0.440402
0.440955
0.441651
0.442045
0.442629
0.443226
0.443713
0.444228
0.444723
0.445227
0.445817
0.446276
0.446906
0.447506
0.448066
0.448647
0.449133
0.449783
0.450435
0.451069
0.451728
0.452303
0.45298
0.453592
0.45428
0.454858
0.455504
0.456138
0.456767
0.457437
0.458007
0.458668
0.45939
0.460039
0.46062
0.461111
0.461795
0.462332
0.462937
0.46339
0.463987
0.464544
0.465076
0.465594
0.466172
0.466781
0.46733
0.467816
0.468365
0.468902
0.469294
0.469868
0.470536
0.471211
0.471772
0.472408
0.472917
0.473544
0.474238
0.474873
0.475536
0.47612
0.476705
0.477338
0.478039
0.47856
0.479117
0.479783
0.480498
0.481092
0.48168
0.482538
0.483244
0.48381
0.484547
0.485324
0.486128
0.486747
0.487375
0.488023
0.48863
0.489288
0.489881
0.490685
0.491476
0.492384
0.49324
0.494158
0.49481
0.495523
0.496249
0.497083
0.497882
0.498723
0.499531
0.500306
0.501262
0.502086
0.503002
0.503922
0.504698
0.505471
0.506376
0.507337
0.508082
0.509079
0.510165
0.510908
0.511732
0.512565
0.513371
0.514306
0.515133
0.51606
0.516855
0.517608
0.518629
0.519526
0.520142
0.520919
0.521892
0.522728
0.523482
0.524449
0.525577
0.526396
0.527111
0.527953
0.528691
0.529544
0.530665
0.531718
0.532861
0.534286
0.535286
0.536097
0.537011
0.538065
0.539201
0.540349
0.541435
0.54263
0.543748
0.544749
0.545963
0.54724
0.548221
0.549193
0.550213
0.551248
0.55232
0.553201
0.554443
0.555578
0.556849
0.558323
0.559613
0.560865
0.562419
0.563849
0.564885
0.566242
0.567548
0.569256
0.570441
0.571654
0.573204
0.574856
0.576042
0.577452
0.578838
0.580738
0.582036
0.583483
0.585085
0.587075
0.588597
0.589897
0.591786
0.593342
0.594989
0.596713
0.598597
0.600266
0.60238
0.604853
0.60675
0.608418
0.610528
0.612706
0.614877
0.617195
0.619261
0.621793
0.624037
0.626427
0.628333
0.630341
0.632834
0.634971
0.637754
0.639837
0.641988
0.644277
0.646535
0.649335
0.651459
0.654415
0.656898
0.659833
0.662667
0.665542
0.668329
0.671039
0.673927
0.67685
0.680035
0.683303
0.686044
0.689611
0.69334
0.696474
0.699354
0.702511
0.705786
0.709242
0.713074
0.717678
0.722778
0.727457
0.732316
0.736433
0.741124
0.746904
0.751581
0.75623
0.761449
0.766209
0.77112
0.777673
0.782527
0.786854
0.793213
0.799859
0.806361
0.812831
0.820573
0.829949
0.84013
0.855786
0.873708
0.896324
0.921242
0.94196
0.976346
1.03858
