0.16822
0.16822
0.19419
0.19419
0.217012
0.217012
0.238679
0.238679
0.263508
0.263508
0.291669
0.291688
0.316305
0.318006
0.335028
0.340194
0.354147
0.361018
0.371936
0.380042
0.391947
0.400425
0.409026
0.415598
0.421698
0.430687
0.4382
0.445486
0.454676
0.464266
0.473712
0.483507
0.494784
0.502619
0.514628
0.522166
0.531241
0.539158
0.547439
0.553127
0.559557
0.567968
0.576282
0.584873
0.59406
0.601005
0.610774
0.620058
0.628206
0.63799
0.645479
0.65436
0.665868
0.674187
0.683578
0.694634
0.701167
0.711819
0.72008
0.727009
0.7348
0.741289
0.747991
0.753947
0.7621
0.76827
0.774388
0.7821
0.788442
0.795873
0.802868
0.810464
0.820318
0.824823
0.831419
0.837352
0.843832
0.850908
0.856318
0.863022
0.867248
0.875824
0.881835
0.88925
0.894641
0.901228
0.908071
0.915208
0.923494
0.932198
0.93922
0.946622
0.953298
0.959987
0.965985
0.975639
0.984604
0.992351
1.00114
1.00846
1.01577
1.02344
1.03075
1.03769
1.04482
1.05468
1.06282
1.07127
1.07834
1.08525
1.0942
1.10461
1.1134
1.12499
1.13319
1.14378
1.15407
1.16411
1.17736
1.18979
1.20287
1.21292
1.22541
1.23652
1.2517
1.26283
1.27578
1.28945
1.29904
1.3139
1.32889
1.34288
1.35814
1.379
1.3999
1.42342
1.44792
1.47013
1.49966
1.52908
1.57946
1.62645
1.68295
1.73986
1.89885
1.98467
2.06388
2.1352
2.23564
2.29739
