0.164464
0.164464
0.176163
0.176163
0.189214
0.189214
0.200751
0.200849
0.21151
0.211525
0.222758
0.223032
0.23355
0.234454
0.244398
0.245619
0.257416
0.259961
0.268258
0.270556
0.277743
0.282067
0.289252
0.296108
0.302975
0.309986
0.31587
0.324919
0.330158
0.338299
0.343737
0.349673
0.35385
0.358942
0.364926
0.370562
0.376724
0.380881
0.387487
0.391548
0.396558
0.40235
0.40696
0.411724
0.417848
0.423069
0.428996
0.434264
0.441019
0.446002
0.451629
0.45592
0.461259
0.464976
0.4699
0.474441
0.478731
0.483636
0.488164
0.492888
0.49856
0.504237
0.509908
0.515857
0.522244
0.52674
0.532533
0.539539
0.544157
0.549742
0.554726
0.560104
0.564858
0.569961
0.574813
0.581526
0.586207
0.593212
0.599139
0.606699
0.61226
0.618395
0.623822
0.630457
0.635004
0.640641
0.647193
0.653859
0.659391
0.665216
0.670119
0.676166
0.682143
0.686496
0.693039
0.697878
0.702943
0.707494
0.714286
0.718553
0.722835
0.726642
0.730839
0.735934
0.740485
0.745816
0.749958
0.754685
0.758812
0.764186
0.769185
0.773963
0.777428
0.781561
0.785303
0.788403
0.792952
0.797282
0.801849
0.805763
0.809953
0.814026
0.817701
0.821566
0.825388
0.830069
0.833884
0.838224
0.844064
0.848416
0.85294
0.857659
0.862716
0.867566
0.872557
0.87736
0.881311
0.886423
0.891345
0.895268
0.899773
0.903911
0.908527
0.912977
0.918584
0.923748
0.929301
0.935989
0.941501
0.948124
0.953399
0.961872
0.969889
0.976814
0.983815
0.988913
0.996105
1.00145
1.00732
1.01352
1.01912
1.0269
1.03542
1.04235
1.05174
1.0592
1.0657
1.07515
1.08368
1.09274
1.1043
1.11362
1.12433
1.13241
1.14224
1.15168
1.16172
1.17409
1.1859
1.19818
1.20887
1.22223
1.23717
1.25074
1.26618
1.28419
1.30722
1.32891
1.35446
1.37717
1.40673
1.45169
1.49319
1.52811
1.584
1.64113
1.73049
1.79782
2.01586
2.16273
