0.328
0.328
0.328
0.328
0.328
0.328
0.328
0.328
0.328
0.329
0.33
0.331
0.331
0.332
0.333
0.333
0.334
0.334
0.334
0.335
0.336
0.336
0.337
0.337
0.338
0.341
0.343
0.347
0.351
0.354
0.355
0.357
0.357
0.358
0.362
0.364
0.367
0.369
0.371
0.374
0.377
0.38
0.386
0.391
0.397
0.401
0.409
0.414
0.42
0.424
0.427
0.433
0.437
0.442
0.444
0.451
0.456
0.461
0.465
0.468
0.475
0.484
0.49
0.496
0.501
0.511
0.522
0.525
0.529
0.538
0.544
0.552
0.561
0.566
0.573
0.581
0.591
0.597
0.603
0.611
0.616
0.625
0.63
0.636
0.647
0.658
0.666
0.679
0.689
0.7
0.711
0.722
0.731
0.742
0.751
0.763
0.772
0.782
0.792
0.802
0.81
0.82
0.829
0.846
0.86
0.87
0.882
0.889
0.904
0.916
0.931
0.939
0.95
0.96
0.974
0.986
0.997
1.006
1.015
1.026
1.041
1.051
1.068
1.082
1.088
1.101
1.12
1.125
1.139
1.156
1.162
1.176
1.194
1.214
1.234
1.245
1.257
1.273
1.291
1.31
1.33
1.342
1.358
1.377
1.392
1.407
1.422
1.443
1.461
1.478
1.493
1.513
1.538
1.554
1.573
1.598
1.624
1.642
1.663
1.688
1.719
1.753
1.775
1.806
1.831
1.863
1.892
1.916
1.943
1.972
1.999
2.028
2.051
2.077
2.11
2.147
2.183
2.223
2.251
2.28
2.325
2.372
2.438
2.485
2.545
2.618
2.705
2.77
2.836
2.91
2.988
3.046
3.147
3.267
3.391
3.705
3.834
4.233
4.458
4.927
