0.152306
0.152306
0.157489
0.157489
0.162577
0.162577
0.168488
0.168488
0.173674
0.173677
0.181764
0.18232
0.189489
0.19038
0.197697
0.19838
0.204506
0.206038
0.211311
0.212773
0.217895
0.220448
0.226243
0.229579
0.236342
0.240362
0.244235
0.247848
0.251941
0.257668
0.26219
0.265991
0.27126
0.275033
0.279103
0.283172
0.285934
0.291234
0.294006
0.299319
0.301477
0.306335
0.308809
0.31396
0.3172
0.321588
0.324919
0.329945
0.333055
0.336846
0.340238
0.343265
0.345887
0.34928
0.351995
0.355357
0.358369
0.362745
0.366508
0.369397
0.372544
0.377528
0.381333
0.385463
0.388793
0.392764
0.396466
0.399726
0.404191
0.409071
0.41382
0.418468
0.423682
0.430828
0.435503
0.440849
0.445058
0.448613
0.452658
0.456502
0.460259
0.464013
0.467206
0.47019
0.473879
0.477109
0.480343
0.483541
0.487264
0.491477
0.495805
0.500172
0.504462
0.509087
0.512902
0.516665
0.520466
0.525204
0.529416
0.532692
0.536544
0.540993
0.544773
0.548549
0.552426
0.55661
0.561287
0.563784
0.567834
0.570865
0.574664
0.578652
0.58286
0.586931
0.590383
0.594789
0.598901
0.603225
0.607354
0.611507
0.615241
0.619203
0.623701
0.626447
0.631007
0.634443
0.637436
0.641928
0.645525
0.650356
0.654223
0.658889
0.662392
0.666545
0.669588
0.672543
0.67603
0.679181
0.682636
0.685891
0.689339
0.693557
0.696954
0.700296
0.703074
0.706118
0.708993
0.712081
0.715408
0.718984
0.722041
0.72585
0.729441
0.731659
0.735338
0.738783
0.742744
0.745814
0.748782
0.751608
0.755501
0.758955
0.76338
0.767081
0.770958
0.774821
0.777751
0.781713
0.784295
0.787995
0.790448
0.794226
0.79735
0.801216
0.805197
0.808566
0.812276
0.816467
0.82019
0.822896
0.826523
0.829865
0.833451
0.836884
0.840927
0.844621
0.848547
0.853129
0.857512
0.861118
0.866055
0.870157
0.875134
0.880634
0.885458
0.892123
0.898245
0.904519
0.910141
0.916557
0.923874
0.930225
0.936416
0.943145
0.949815
0.956991
0.964032
0.970051
0.976602
0.982457
0.988105
0.994962
1.00261
1.00977
1.01795
1.02545
1.03434
1.04322
1.05159
1.06095
1.07095
1.08292
1.09329
1.10316
1.11237
1.12065
1.1294
1.13766
1.14531
1.15259
1.164
1.17719
1.18969
1.20092
1.2124
1.22406
1.2354
1.24892
1.26032
1.27688
1.29533
1.31708
1.34576
1.40313
1.4425
1.5047
1.57041
1.65199
1.76471
2.0303
