0.153011
0.153011
0.157955
0.157955
0.161952
0.161952
0.193712
0.193712
0.197731
0.197731
0.203402
0.203402
0.211116
0.211116
0.222381
0.222381
0.22518
0.22518
0.243187
0.243187
0.244667
0.244667
0.257592
0.257592
0.263935
0.263935
0.275038
0.275038
0.277959
0.277959
0.282922
0.282922
0.283438
0.283438
0.29063
0.29063
0.293221
0.293221
0.303836
0.303836
0.312179
0.312179
0.324358
0.324358
0.334939
0.334939
0.341085
0.341085
0.346556
0.346556
0.34732
0.348191
0.348191
0.349404
0.349404
0.358418
0.358418
0.363753
0.364517
0.364517
0.376959
0.381391
0.381391
0.383517
0.38586
0.38586
0.387337
0.392562
0.392562
0.399142
0.399142
0.417563
0.417563
0.420864
0.420864
0.422429
0.424052
0.425843
0.427626
0.427898
0.427898
0.427924
0.436906
0.436906
0.438813
0.451931
0.453244
0.45453
0.45453
0.454889
0.454889
0.467959
0.467959
0.501902
0.501902
0.512629
0.512629
0.516098
0.516985
0.516985
0.521048
0.531095
0.531095
0.53225
0.53225
0.535875
0.535875
0.536233
0.536233
0.538557
0.540802
0.540802
0.544405
0.544405
0.544855
0.550802
0.552238
0.576345
0.576345
0.583451
0.584581
0.58697
0.58697
0.589378
0.590736
0.599032
0.611782
0.611782
0.620075
0.620075
0.635816
0.635816
0.639281
0.640754
0.643644
0.668312
0.668312
0.678734
0.678734
0.693416
0.693416
0.699312
0.699312
0.703045
0.703543
0.703543
0.715077
0.71689
0.71689
0.71796
0.7233
0.7233
0.728577
0.728577
0.733086
0.733086
0.737682
0.737682
0.746547
0.746547
0.747363
0.751357
0.751357
0.752773
0.758381
0.758381
0.76957
0.76957
0.775163
0.775163
0.781195
0.79067
0.79067
0.795038
0.799148
0.799148
0.800117
0.800117
0.801685
0.803247
0.811498
0.811602
0.811602
0.81719
0.81958
0.829148
0.838115
0.838115
0.8584
0.867553
0.867553
0.869108
0.875146
0.877766
0.888534
0.888534
0.899315
0.908879
0.916189
0.916189
0.920645
0.920912
0.920912
0.923453
0.923651
0.923651
0.924274
0.935734
0.935734
0.942888
0.942888
0.950644
0.950644
0.95671
0.967023
0.973108
0.980306
0.987531
1.01435
1.03576
1.04357
1.08701
1.09091
1.09437
1.11208
1.11338
1.11338
1.11344
1.12279
1.14509
1.15225
1.17066
1.17066
1.20095
1.20696
1.21095
1.28955
1.28955
1.29793
1.30338
1.30951
1.36092
1.37259
1.38735
1.44637
1.48679
1.58092
1.58875
1.67989
2.05304
