0.16
0.35
0.48
0.54
0.58
0.66
0.7
0.74
0.75
0.77
0.78
0.81
0.81
0.81
0.81
0.84
0.89
0.96
1.0
1.01
1.05
1.08
1.13
1.22
1.24
1.31
1.36
1.4
1.41
1.43
1.46
1.48
1.48
1.49
1.5
1.51
1.53
1.56
1.57
1.58
1.6
1.6
1.6
1.61
1.62
1.64
1.64
1.64
1.66
1.7
1.72
1.74
1.75
1.77
1.77
1.78
1.79
1.81
1.84
1.9
1.91
1.95
2.0
2.07
2.12
2.18
2.19
2.22
2.28
2.34
2.37
2.37
2.41
2.42
2.43
2.43
2.45
2.47
2.48
2.49
2.51
2.54
2.55
2.57
2.57
2.6
2.61
2.63
2.64
2.66
2.68
2.71
2.73
2.76
2.79
2.83
2.85
2.9
2.91
2.96
2.98
3.02
3.06
3.09
3.09
3.14
3.2
3.24
3.26
3.3
3.31
3.35
3.37
3.39
3.41
3.46
3.52
3.58
3.62
3.65
3.71
3.74
3.76
3.83
3.85
3.86
3.92
3.93
3.97
3.98
4.0
4.07
4.13
4.2
4.26
4.31
4.36
4.43
4.54
4.57
4.63
4.67
4.74
4.79
4.94
5.03
5.12
5.14
5.19
5.24
5.29
5.3
5.36
5.39
5.46
5.54
5.64
5.7
5.77
5.85
5.93
6.05
6.17
6.25
6.32
6.41
6.49
6.57
6.67
6.79
6.99
7.13
7.21
7.33
7.41
7.6
7.78
7.98
8.15
8.29
8.46
8.65
8.93
9.24
9.48
9.79
10.07
10.47
10.89
11.44
12.19
13.08
13.67
14.45
15.35
16.08
16.86
17.63
18.9
23.06
