0.03
0.04
0.1
0.21
0.28
0.34
0.39
0.54
0.6
0.68
0.71
0.75
0.78
0.8
0.82
0.86
0.88
0.88
0.92
0.97
0.98
1.0
1.01
1.01
1.01
1.02
1.02
1.05
1.06
1.06
1.06
1.08
1.08
1.08
1.1
1.11
1.12
1.13
1.13
1.14
1.16
1.18
1.19
1.22
1.27
1.3
1.34
1.35
1.39
1.42
1.43
1.43
1.44
1.44
1.46
1.46
1.47
1.52
1.52
1.54
1.56
1.6
1.65
1.66
1.72
1.73
1.77
1.77
1.78
1.8
1.81
1.84
1.85
1.86
1.87
1.89
1.92
1.93
1.93
1.95
2.02
2.04
2.05
2.07
2.08
2.08
2.1
2.1
2.11
2.11
2.12
2.15
2.16
2.18
2.18
2.2
2.21
2.22
2.22
2.25
2.26
2.26
2.26
2.28
2.29
2.3
2.31
2.31
2.32
2.33
2.35
2.37
2.39
2.4
2.42
2.46
2.47
2.48
2.49
2.5
2.52
2.52
2.54
2.54
2.57
2.59
2.6
2.6
2.63
2.64
2.67
2.7
2.73
2.74
2.76
2.8
2.81
2.82
2.83
2.84
2.88
2.9
2.94
2.98
3.01
3.05
3.07
3.09
3.11
3.14
3.14
3.18
3.19
3.23
3.25
3.26
3.29
3.32
3.32
3.32
3.33
3.33
3.34
3.36
3.37
3.37
3.4
3.41
3.45
3.51
3.53
3.57
3.61
3.68
3.7
3.72
3.72
3.74
3.76
3.77
3.79
3.81
3.82
3.83
3.84
3.84
3.86
3.89
3.91
3.95
3.96
3.98
4.02
4.04
4.06
4.09
4.13
4.18
4.21
4.25
4.27
4.31
4.35
4.37
4.39
4.41
4.45
4.49
4.5
4.52
4.56
4.63
4.68
4.71
4.79
4.85
4.9
4.92
4.94
4.97
4.99
5.01
5.03
5.05
5.07
5.1
5.13
5.18
5.2
5.27
5.33
5.38
5.42
5.47
5.5
5.54
5.6
5.63
5.63
5.64
5.69
5.73
5.77
5.83
5.86
5.9
5.94
6.01
6.07
6.18
6.25
6.29
6.36
6.4
6.46
6.5
6.54
6.59
6.61
6.64
6.7
6.75
6.8
6.87
6.95
7.03
7.07
7.09
7.14
7.17
7.2
7.27
7.31
7.38
7.42
7.47
7.53
7.6
7.67
7.73
7.8
7.88
7.96
8.0
8.07
8.17
8.18
8.21
8.28
8.34
8.39
8.46
8.5
8.6
8.7
8.8
8.9
8.95
9.02
9.08
9.16
9.29
9.44
9.5
9.62
9.7
9.81
9.89
10.1
10.2
10.31
10.47
10.58
10.7
10.82
10.98
11.1
11.22
11.41
11.53
11.76
11.97
12.13
12.34
12.53
12.69
12.88
13.15
13.36
13.64
13.86
14.09
14.45
14.66
15.01
15.25
15.55
15.86
16.25
16.62
17.11
17.93
18.61
19.99
21.21
23.11
24.89
26.48
29.34
37.67
