0.152783
0.152783
0.159055
0.159055
0.167834
0.167834
0.175164
0.175164
0.183592
0.183659
0.19141
0.191662
0.198292
0.198533
0.20481
0.205411
0.21168
0.212979
0.218466
0.219752
0.224875
0.226482
0.230612
0.232775
0.236034
0.237978
0.241738
0.244591
0.24766
0.249222
0.252127
0.254708
0.257357
0.259549
0.261604
0.263894
0.265912
0.268379
0.270642
0.272578
0.275018
0.277422
0.27964
0.281948
0.284639
0.286366
0.288721
0.290363
0.292393
0.294063
0.296734
0.298159
0.300447
0.302523
0.304922
0.3065
0.308961
0.310717
0.312457
0.313955
0.316128
0.317777
0.320183
0.321654
0.323534
0.325148
0.327133
0.328247
0.330445
0.33183
0.333717
0.335024
0.337301
0.338679
0.340572
0.341845
0.34378
0.34499
0.347097
0.348557
0.349946
0.351219
0.352568
0.353618
0.355393
0.356696
0.358172
0.359771
0.360994
0.362416
0.363682
0.365372
0.366911
0.368572
0.370073
0.371665
0.37309
0.374643
0.376044
0.377732
0.378968
0.380386
0.381849
0.38338
0.384909
0.386297
0.387874
0.389361
0.390874
0.392696
0.394157
0.395614
0.396873
0.398191
0.3999
0.40138
0.4032
0.404678
0.406463
0.408015
0.409367
0.411243
0.412491
0.414585
0.416196
0.41821
0.419602
0.421139
0.423139
0.425009
0.426469
0.427997
0.429908
0.431884
0.434167
0.435871
0.437751
0.439451
0.441545
0.443384
0.44525
0.446932
0.448137
0.449998
0.451785
0.453864
0.455551
0.457536
0.459475
0.461621
0.463373
0.465132
0.467322
0.469068
0.470682
0.472616
0.474543
0.476149
0.478023
0.479715
0.481746
0.484133
0.485808
0.48838
0.490648
0.493009
0.495358
0.497327
0.499811
0.502466
0.505365
0.507626
0.510341
0.512037
0.515264
0.516935
0.518966
0.520968
0.523125
0.525567
0.527892
0.530455
0.532771
0.534873
0.536608
0.538737
0.541084
0.543501
0.545449
0.547104
0.549316
0.551534
0.553143
0.555804
0.557926
0.559738
0.561782
0.564269
0.566175
0.568668
0.570286
0.57328
0.576309
0.578649
0.580483
0.582419
0.584799
0.586829
0.589194
0.591333
0.593926
0.596142
0.598503
0.600853
0.603007
0.606015
0.608252
0.610288
0.612453
0.6154
0.617859
0.620853
0.623225
0.6264
0.629162
0.631958
0.63509
0.638421
0.640968
0.643937
0.646838
0.650047
0.652497
0.65492
0.658094
0.660404
0.662908
0.666149
0.669005
0.671805
0.674323
0.67701
0.680246
0.683106
0.686131
0.688848
0.692148
0.695296
0.698063
0.701145
0.704098
0.707414
0.710208
0.713894
0.717387
0.720148
0.72296
0.726364
0.729481
0.733075
0.735999
0.739164
0.742051
0.7449
0.748071
0.750888
0.754212
0.757657
0.760113
0.762642
0.765941
0.768737
0.772277
0.776136
0.780782
0.783999
0.786854
0.79069
0.794457
0.798427
0.802425
0.806319
0.810758
0.814376
0.818265
0.822819
0.827202
0.831552
0.835135
0.839769
0.844333
0.848641
0.854108
0.857861
0.861235
0.865403
0.869692
0.874335
0.879308
0.882973
0.887114
0.891581
0.895817
0.899205
0.904306
0.909273
0.913374
0.918723
0.924141
0.929654
0.935018
0.940091
0.944888
0.949842
0.956205
0.961128
0.966196
0.971799
0.978733
0.986542
0.993987
1.0026
1.00988
1.01742
1.02537
1.03275
1.04046
1.04733
1.05517
1.0656
1.07561
1.0853
1.09566
1.10738
1.12252
1.13917
1.15631
1.17337
1.1934
1.20872
1.22808
1.26014
1.28493
1.30459
1.33037
1.3576
1.39924
1.4712
1.53296
1.71596
