0.151753
0.151753
0.164402
0.164402
0.183225
0.183225
0.193563
0.193563
0.206526
0.206526
0.223653
0.223653
0.243766
0.243766
0.247623
0.247623
0.258727
0.258727
0.260145
0.260145
0.268272
0.268272
0.277465
0.277465
0.279167
0.279167
0.284457
0.284761
0.284761
0.291641
0.291641
0.294321
0.294321
0.294494
0.294494
0.299469
0.299469
0.306792
0.306792
0.320622
0.320622
0.322824
0.322824
0.325031
0.325031
0.325373
0.325373
0.32721
0.32721
0.330665
0.332046
0.333288
0.333288
0.336773
0.338884
0.338884
0.340375
0.340375
0.3424
0.3424
0.343061
0.343061
0.344044
0.344044
0.344837
0.345929
0.345929
0.351066
0.351066
0.370634
0.371487
0.371487
0.373285
0.373904
0.373904
0.379959
0.379959
0.382057
0.382057
0.386643
0.388485
0.388485
0.389786
0.389786
0.40132
0.40132
0.404044
0.404044
0.410885
0.410885
0.411987
0.411987
0.413764
0.413764
0.430804
0.434198
0.435542
0.435542
0.44131
0.446709
0.446709
0.448714
0.448714
0.449152
0.449152
0.450753
0.450753
0.454029
0.454029
0.460262
0.460262
0.462027
0.463025
0.463025
0.463477
0.463477
0.468667
0.468667
0.475017
0.477416
0.481338
0.483744
0.483744
0.48486
0.488292
0.488292
0.490479
0.490739
0.492233
0.504622
0.506365
0.506365
0.513381
0.523291
0.524165
0.524927
0.526273
0.526273
0.53461
0.53461
0.546058
0.546058
0.548402
0.549323
0.549323
0.554467
0.554467
0.56277
0.563414
0.563503
0.563503
0.564875
0.570605
0.570878
0.570878
0.571376
0.571376
0.571595
0.575261
0.577924
0.579178
0.579178
0.579758
0.579758
0.585527
0.585527
0.589565
0.589565
0.595676
0.595676
0.599262
0.602926
0.602926
0.606965
0.606965
0.615987
0.618308
0.620866
0.62128
0.623668
0.630397
0.63257
0.632702
0.633011
0.633011
0.639231
0.642167
0.647736
0.647897
0.647897
0.650369
0.657114
0.661444
0.666857
0.667281
0.678577
0.682619
0.683198
0.685027
0.68777
0.68777
0.718138
0.719342
0.720646
0.720646
0.72139
0.732276
0.739465
0.743279
0.747357
0.747507
0.747588
0.747588
0.749627
0.758452
0.758789
0.760042
0.760042
0.76014
0.76014
0.764562
0.787874
0.795234
0.795324
0.799431
0.799431
0.808929
0.808929
0.816231
0.829056
0.829056
0.840971
0.849334
0.849334
0.859162
0.859162
0.862506
0.863028
0.866251
0.866439
0.866439
0.875609
0.875948
0.87873
0.896776
0.913122
0.916263
0.921815
0.921815
0.923284
0.935948
0.936343
0.938029
0.947178
0.94761
0.953483
0.960158
0.961779
0.966093
0.974495
0.974908
0.99495
0.99495
1.00023
1.00023
1.01158
1.01988
1.03942
1.05784
1.06873
1.08124
1.09261
1.12124
1.12692
1.12902
1.13681
1.14756
1.15647
1.15647
1.19386
1.20829
1.22017
1.23235
1.23566
1.24561
1.2472
1.31378
1.32362
1.32362
1.33798
1.38954
1.39685
1.39712
1.44181
1.46372
1.52021
1.58312
1.58812
1.66299
1.797
