0.15235
0.15235
0.152793
0.152793
0.152851
0.152851
0.153597
0.153597
0.154113
0.156668
0.156668
0.159229
0.159229
0.162418
0.162418
0.16518
0.16518
0.166562
0.166562
0.193233
0.193233
0.20303
0.20303
0.204362
0.204362
0.211404
0.211404
0.215414
0.216028
0.216028
0.223516
0.223516
0.223908
0.223908
0.231061
0.231061
0.232493
0.232493
0.236032
0.236032
0.237999
0.237999
0.23828
0.23828
0.241779
0.246985
0.246985
0.247956
0.247956
0.248025
0.248134
0.248134
0.258121
0.258121
0.260447
0.260447
0.261746
0.261746
0.261792
0.261792
0.263003
0.263003
0.264416
0.264416
0.265116
0.265116
0.268923
0.268923
0.275258
0.275258
0.27847
0.27847
0.278781
0.280823
0.280823
0.289774
0.289774
0.293456
0.294613
0.294939
0.295723
0.295723
0.298296
0.298296
0.301205
0.301205
0.303261
0.303261
0.306169
0.306169
0.307553
0.307553
0.308316
0.308316
0.315688
0.322674
0.322674
0.323662
0.323662
0.325072
0.327786
0.328448
0.328448
0.329862
0.329862
0.331268
0.331268
0.334885
0.334885
0.337865
0.338529
0.338529
0.339015
0.339472
0.340017
0.340017
0.340075
0.340075
0.343738
0.343738
0.343812
0.343812
0.344225
0.344566
0.344566
0.347474
0.347474
0.349724
0.349724
0.3508
0.3508
0.351979
0.351979
0.352289
0.352289
0.354371
0.354371
0.355058
0.355537
0.355673
0.355673
0.359695
0.359695
0.360186
0.360186
0.360944
0.362344
0.362765
0.363442
0.363442
0.365811
0.365811
0.367138
0.367138
0.367478
0.368243
0.368243
0.368715
0.368715
0.370695
0.370695
0.371228
0.371228
0.371646
0.371646
0.371683
0.371683
0.371703
0.374428
0.375129
0.375129
0.379838
0.380398
0.380741
0.380741
0.381141
0.388094
0.388094
0.388188
0.389817
0.389817
0.393106
0.394778
0.395258
0.395258
0.395344
0.40088
0.40088
0.402651
0.407143
0.408105
0.408105
0.408426
0.409616
0.409616
0.410635
0.410635
0.415463
0.415463
0.419723
0.419723
0.421941
0.421941
0.425902
0.425902
0.428382
0.428382
0.428498
0.430364
0.433232
0.433232
0.439904
0.444639
0.445041
0.445041
0.446649
0.447784
0.447784
0.451598
0.453575
0.455473
0.459778
0.459778
0.460201
0.464681
0.465344
0.465344
0.466717
0.466717
0.46942
0.46942
0.470118
0.471462
0.471972
0.478524
0.479253
0.479253
0.480088
0.481891
0.48439
0.487095
0.488835
0.488835
0.494836
0.494836
0.497705
0.497705
0.499711
0.499711
0.502886
0.505256
0.505256
0.507012
0.507696
0.511206
0.511206
0.511268
0.511268
0.513291
0.513303
0.513303
0.513802
0.514522
0.514678
0.515775
0.516481
0.517328
0.517328
0.517393
0.518251
0.518251
0.518806
0.524903
0.529303
0.529768
0.533048
0.533048
0.541252
0.542342
0.542342
0.542672
0.54662
0.547061
0.547061
0.548006
0.548714
0.548926
0.54959
0.551456
0.553019
0.555403
0.560171
0.560171
0.56857
0.56857
0.569267
0.569267
0.569329
0.569329
0.569494
0.578498
0.578498
0.584654
0.584654
0.585681
0.585681
0.589913
0.589913
0.59255
0.593671
0.59527
0.595655
0.596931
0.599828
0.601558
0.605389
0.607049
0.611447
0.611447
0.611678
0.611678
0.613535
0.614994
0.622209
0.622209
0.623983
0.63192
0.63192
0.639787
0.640142
0.640142
0.643356
0.644759
0.644759
0.644997
0.647034
0.652841
0.653283
0.659266
0.663369
0.66507
0.66541
0.672259
0.675737
0.677783
0.679327
0.679327
0.680447
0.680447
0.684473
0.68822
0.68822
0.688641
0.695728
0.704345
0.704345
0.707948
0.713043
0.71754
0.723862
0.724204
0.729639
0.729639
0.733199
0.735045
0.735069
0.735364
0.742178
0.756505
0.757704
0.770532
0.776439
0.776626
0.778336
0.779287
0.782241
0.782241
0.784595
0.784848
0.786246
0.787502
0.788475
0.789811
0.794219
0.794219
0.796104
0.797793
0.798642
0.807279
0.807279
0.808716
0.810732
0.810732
0.816008
0.817294
0.833305
0.839427
0.853489
0.855538
0.862646
0.867136
0.868792
0.882829
0.888941
0.893318
0.894226
0.894534
0.899445
0.913049
0.918328
0.918328
0.922905
0.926667
0.929605
0.933847
0.933847
0.938329
0.939446
0.949048
0.96703
0.968037
0.987275
0.988847
0.995542
0.99834
1.01912
1.01912
1.01992
1.0201
1.02714
1.04793
1.06072
1.06119
1.06944
1.07916
1.0942
1.09864
1.10643
1.11503
1.11674
1.13828
1.142
1.17795
1.17795
1.22372
1.24847
1.28628
1.4266
1.50893
1.58681
