0.11
0.25
0.46
0.57
0.62
0.67
0.74
0.77
0.8
0.81
0.82
0.87
0.89
0.89
0.92
0.95
0.98
1.01
1.07
1.12
1.24
1.3
1.38
1.4
1.45
1.5
1.53
1.54
1.58
1.59
1.6
1.6
1.6
1.6
1.62
1.63
1.71
1.77
1.81
1.85
1.89
1.92
1.97
2.03
2.08
2.08
2.13
2.16
2.17
2.18
2.18
2.2
2.21
2.22
2.24
2.26
2.27
2.3
2.3
2.32
2.32
2.35
2.37
2.44
2.5
2.53
2.59
2.66
2.71
2.76
2.81
2.88
2.91
2.97
2.97
3.0
3.0
3.02
3.03
3.03
3.03
3.04
3.04
3.05
3.06
3.07
3.09
3.12
3.14
3.15
3.16
3.23
3.29
3.32
3.34
3.37
3.41
3.41
3.43
3.46
3.49
3.53
3.57
3.6
3.62
3.63
3.67
3.7
3.72
3.74
3.75
3.78
3.83
3.86
3.87
3.9
3.92
3.92
3.94
3.95
3.97
4.01
4.05
4.08
4.11
4.14
4.16
4.18
4.19
4.2
4.25
4.28
4.32
4.37
4.4
4.46
4.49
4.51
4.52
4.59
4.63
4.65
4.66
4.66
4.67
4.69
4.72
4.75
4.77
4.77
4.79
4.82
4.85
4.87
4.9
4.9
4.91
4.98
5.01
5.03
5.04
5.11
5.15
5.18
5.22
5.22
5.26
5.35
5.36
5.4
5.41
5.42
5.43
5.44
5.44
5.46
5.5
5.52
5.55
5.57
5.57
5.6
5.62
5.66
5.68
5.7
5.72
5.75
5.79
5.82
5.83
5.87
5.9
6.0
6.03
6.04
6.07
6.12
6.14
6.14
6.15
6.18
6.21
6.22
6.23
6.26
6.29
6.35
6.37
6.43
6.44
6.47
6.54
6.59
6.66
6.67
6.7
6.72
6.73
6.78
6.8
6.81
6.82
6.86
6.88
6.89
6.92
6.94
6.98
7.02
7.05
7.08
7.13
7.16
7.18
7.25
7.29
7.35
7.37
7.43
7.47
7.51
7.54
7.57
7.59
7.62
7.67
7.67
7.68
7.72
7.78
7.84
7.88
7.95
7.97
7.99
8.0
8.03
8.05
8.12
8.14
8.16
8.17
8.23
8.26
8.27
8.33
8.37
8.44
8.46
8.47
8.53
8.58
8.58
8.63
8.65
8.66
8.68
8.69
8.7
8.76
8.8
8.87
8.92
8.98
9.03
9.06
9.12
9.16
9.21
9.23
9.26
9.28
9.29
9.37
9.41
9.43
9.44
9.51
9.53
9.56
9.61
9.69
9.72
9.77
9.83
9.85
9.87
9.89
9.93
9.98
10.02
10.05
10.1
10.13
10.14
10.21
10.26
10.32
10.36
10.4
10.44
10.48
10.56
10.6
10.66
10.7
10.76
10.8
10.82
10.83
10.85
10.92
11.01
11.08
11.14
11.17
11.2
11.22
11.3
11.34
11.42
11.48
11.55
11.57
11.63
11.67
11.74
11.77
11.83
11.88
11.96
12.03
12.07
12.12
12.15
12.2
12.28
12.34
12.41
12.46
12.48
12.53
12.58
12.64
12.72
12.79
12.83
12.85
12.96
13.02
13.1
13.14
13.2
13.26
13.33
13.4
13.47
13.51
13.57
13.68
13.7
13.78
13.86
13.96
14.0
14.02
14.07
14.22
14.3
14.4
14.49
14.61
14.67
14.71
14.77
14.91
14.99
15.05
15.14
15.26
15.3
15.49
15.56
15.65
15.71
15.81
15.91
16.05
16.21
16.35
16.46
16.59
16.74
16.84
16.95
17.12
17.24
17.41
17.52
17.69
17.85
18.0
18.22
18.38
18.61
18.77
18.99
19.2
19.5
19.75
20.03
20.28
20.58
20.89
21.21
21.53
21.87
22.39
22.83
23.28
23.77
24.32
24.92
25.49
26.13
27.13
28.18
29.67
31.81
