0.09
0.27
0.41
0.48
0.51
0.59
0.67
0.7
0.75
0.78
0.78
0.83
0.85
0.87
0.88
0.89
0.91
0.95
0.97
0.98
0.98
1
1.02
1.08
1.09
1.11
1.18
1.19
1.24
1.27
1.28
1.29
1.29
1.31
1.33
1.33
1.34
1.35
1.36
1.36
1.36
1.37
1.37
1.4
1.41
1.43
1.47
1.48
1.49
1.52
1.56
1.58
1.62
1.66
1.69
1.73
1.78
1.8
1.83
1.83
1.84
1.85
1.89
1.91
1.91
1.94
1.95
1.98
1.99
2.03
2.04
2.07
2.11
2.13
2.15
2.17
2.2
2.22
2.24
2.29
2.35
2.37
2.4
2.46
2.48
2.48
2.48
2.49
2.52
2.56
2.6
2.61
2.64
2.66
2.7
2.71
2.72
2.74
2.76
2.78
2.79
2.8
2.81
2.82
2.82
2.83
2.84
2.85
2.86
2.88
2.92
2.97
3
3.03
3.04
3.04
3.04
3.07
3.11
3.14
3.15
3.18
3.19
3.19
3.22
3.22
3.26
3.27
3.32
3.33
3.34
3.34
3.34
3.38
3.41
3.44
3.46
3.49
3.49
3.51
3.53
3.56
3.6
3.63
3.66
3.69
3.71
3.73
3.73
3.74
3.76
3.83
3.85
3.88
3.88
3.9
3.95
3.97
4
4.08
4.08
4.08
4.08
4.1
4.12
4.12
4.17
4.17
4.19
4.25
4.27
4.32
4.33
4.34
4.39
4.41
4.43
4.43
4.46
4.48
4.49
4.51
4.52
4.53
4.55
4.55
4.55
4.6
4.64
4.66
4.69
4.7
4.72
4.75
4.78
4.82
4.84
4.86
4.87
4.9
4.93
4.93
4.94
4.99
5.03
5.07
5.11
5.12
5.14
5.15
5.2
5.22
5.3
5.34
5.37
5.38
5.39
5.43
5.46
5.48
5.51
5.57
5.6
5.62
5.65
5.66
5.69
5.71
5.73
5.76
5.8
5.81
5.86
5.91
5.96
5.97
5.99
6.01
6.03
6.06
6.08
6.13
6.15
6.18
6.22
6.24
6.27
6.32
6.35
6.35
6.37
6.43
6.46
6.52
6.54
6.58
6.63
6.66
6.69
6.75
6.82
6.83
6.87
6.93
6.97
6.98
7.03
7.06
7.1
7.13
7.13
7.14
7.18
7.22
7.23
7.31
7.34
7.35
7.4
7.43
7.46
7.53
7.58
7.59
7.64
7.68
7.7
7.73
7.76
7.79
7.87
7.9
7.95
7.97
8.07
8.1
8.13
8.17
8.2
8.26
8.28
8.29
8.35
8.39
8.4
8.47
8.52
8.56
8.63
8.68
8.72
8.77
8.78
8.83
8.89
8.94
9.04
9.08
9.12
9.14
9.2
9.24
9.33
9.4
9.43
9.45
9.54
9.57
9.63
9.68
9.72
9.79
9.89
9.94
10.02
10.1
10.19
10.2
10.26
10.33
10.41
10.52
10.59
10.65
10.76
10.84
10.94
11.04
11.13
11.23
11.4
11.49
11.61
11.7
11.78
11.9
11.99
12.09
12.22
12.33
12.46
12.55
12.71
12.8
12.88
12.98
13.1
13.26
13.45
13.67
13.81
13.95
14.07
14.23
14.37
14.59
14.78
15
15.22
15.47
15.75
16.06
16.32
16.59
17.01
17.31
17.75
18.11
18.64
19.18
19.85
20.64
21.37
22.16
23.12
24.4
25.78
26.93
30.21
33.47
