0.328
0.328
0.328
0.328
0.328
0.328
0.328
0.329
0.33
0.33
0.331
0.331
0.334
0.335
0.336
0.336
0.338
0.339
0.34
0.34
0.34
0.341
0.344
0.346
0.347
0.347
0.347
0.348
0.349
0.349
0.35
0.35
0.351
0.353
0.353
0.353
0.353
0.354
0.357
0.357
0.359
0.36
0.36
0.362
0.362
0.362
0.364
0.365
0.366
0.366
0.368
0.373
0.373
0.374
0.374
0.375
0.376
0.376
0.378
0.38
0.382
0.384
0.386
0.386
0.387
0.388
0.389
0.39
0.391
0.393
0.397
0.404
0.405
0.411
0.411
0.417
0.42
0.421
0.424
0.425
0.431
0.435
0.437
0.442
0.445
0.448
0.45
0.453
0.456
0.458
0.461
0.463
0.467
0.468
0.47
0.471
0.472
0.473
0.477
0.481
0.481
0.482
0.483
0.484
0.486
0.487
0.487
0.487
0.488
0.488
0.49
0.491
0.495
0.497
0.5
0.503
0.506
0.506
0.509
0.51
0.51
0.512
0.515
0.521
0.524
0.529
0.531
0.533
0.535
0.541
0.545
0.546
0.546
0.55
0.553
0.555
0.556
0.557
0.558
0.561
0.566
0.568
0.573
0.574
0.576
0.576
0.579
0.584
0.587
0.591
0.594
0.598
0.601
0.604
0.607
0.608
0.609
0.613
0.614
0.615
0.619
0.619
0.62
0.621
0.625
0.627
0.629
0.633
0.633
0.634
0.636
0.639
0.643
0.643
0.645
0.647
0.649
0.652
0.654
0.655
0.657
0.66
0.663
0.666
0.671
0.674
0.675
0.678
0.683
0.688
0.692
0.694
0.694
0.698
0.698
0.7
0.706
0.709
0.709
0.71
0.711
0.714
0.718
0.718
0.72
0.722
0.725
0.725
0.728
0.728
0.732
0.736
0.738
0.74
0.747
0.75
0.752
0.755
0.76
0.764
0.768
0.77
0.772
0.779
0.785
0.786
0.789
0.792
0.792
0.795
0.802
0.805
0.807
0.81
0.811
0.811
0.811
0.811
0.814
0.815
0.817
0.818
0.82
0.821
0.824
0.825
0.828
0.829
0.833
0.834
0.837
0.84
0.845
0.847
0.849
0.854
0.857
0.86
0.866
0.87
0.873
0.874
0.875
0.878
0.881
0.882
0.886
0.891
0.893
0.895
0.897
0.899
0.901
0.902
0.904
0.905
0.905
0.907
0.907
0.908
0.909
0.911
0.911
0.916
0.922
0.923
0.925
0.926
0.931
0.939
0.942
0.943
0.95
0.953
0.955
0.957
0.962
0.964
0.967
0.971
0.973
0.98
0.983
0.984
0.986
0.988
0.99
0.99
0.992
0.992
0.992
0.994
0.996
0.997
1
1.002
1.005
1.007
1.008
1.01
1.014
1.015
1.019
1.021
1.023
1.027
1.03
1.031
1.034
1.041
1.045
1.048
1.051
1.057
1.06
1.064
1.067
1.068
1.068
1.071
1.076
1.076
1.077
1.078
1.078
1.078
1.079
1.085
1.087
1.087
1.088
1.09
1.09
1.09
1.09
1.093
1.095
1.1
1.101
1.102
1.105
1.107
1.11
1.11
1.113
1.116
1.121
1.123
1.125
1.132
1.137
1.145
1.147
1.15
1.155
1.161
1.164
1.166
1.168
1.171
1.176
1.176
1.179
1.181
1.182
1.182
1.183
1.185
1.186
1.186
1.187
1.187
1.189
1.191
1.194
1.196
1.199
1.2
1.202
1.202
1.204
1.206
1.209
1.213
1.214
1.218
1.22
1.23
1.235
1.24
1.245
1.249
1.249
1.249
1.251
1.252
1.256
1.256
1.258
1.258
1.258
1.259
1.26
1.262
1.266
1.271
1.274
1.275
1.277
1.278
1.284
1.284
1.287
1.289
1.291
1.292
1.296
1.303
1.305
1.307
1.312
1.313
1.319
1.321
1.323
1.324
1.327
1.327
1.329
1.333
1.336
1.339
1.341
1.343
1.346
1.35
1.352
1.352
1.353
1.355
1.359
1.36
1.364
1.368
1.368
1.37
1.373
1.376
1.377
1.38
1.381
1.381
1.383
1.385
1.389
1.393
1.395
1.4
1.402
1.404
1.405
1.408
1.409
1.412
1.415
1.419
1.421
1.422
1.427
1.43
1.431
1.434
1.438
1.443
1.445
1.445
1.448
1.451
1.452
1.452
1.454
1.456
1.459
1.461
1.466
1.47
1.472
1.475
1.477
1.484
1.487
1.491
1.492
1.498
1.501
1.501
1.503
1.508
1.513
1.515
1.515
1.516
1.52
1.522
1.524
1.527
1.528
1.53
1.532
1.533
1.537
1.542
1.545
1.55
1.555
1.559
1.564
1.569
1.573
1.577
1.579
1.581
1.584
1.585
1.585
1.586
1.587
1.589
1.591
1.596
1.598
1.601
1.603
1.61
1.619
1.621
1.625
1.632
1.633
1.636
1.637
1.64
1.645
1.651
1.652
1.656
1.658
1.66
1.662
1.664
1.666
1.668
1.672
1.674
1.677
1.68
1.688
1.69
1.697
1.701
1.703
1.707
1.711
1.715
1.718
1.718
1.725
1.73
1.732
1.737
1.738
1.745
1.753
1.756
1.76
1.763
1.766
1.768
1.771
1.774
1.776
1.779
1.782
1.788
1.793
1.801
1.804
1.809
1.812
1.816
1.819
1.821
1.826
1.827
1.83
1.833
1.839
1.844
1.847
1.849
1.854
1.856
1.858
1.866
1.868
1.875
1.879
1.883
1.888
1.891
1.896
1.898
1.906
1.91
1.916
1.921
1.922
1.925
1.93
1.935
1.938
1.944
1.947
1.95
1.957
1.961
1.964
1.972
1.98
1.988
1.992
1.997
2
2.004
2.006
2.011
2.014
2.015
2.018
2.022
2.029
2.033
2.044
2.052
2.057
2.063
2.066
2.072
2.075
2.082
2.086
2.091
2.095
2.098
2.106
2.11
2.117
2.123
2.127
2.133
2.14
2.143
2.148
2.153
2.159
2.164
2.169
2.176
2.182
2.189
2.194
2.2
2.204
2.212
2.221
2.226
2.233
2.24
2.249
2.253
2.256
2.264
2.274
2.289
2.296
2.306
2.313
2.316
2.321
2.335
2.342
2.351
2.362
2.376
2.383
2.39
2.399
2.406
2.418
2.439
2.452
2.462
2.471
2.489
2.505
2.521
2.541
2.56
2.576
2.594
2.612
2.629
2.647
2.667
2.693
2.713
2.738
2.769
2.8
2.83
2.86
2.9
2.944
2.989
3.038
3.094
3.163
3.336
3.579
4.143
