0.03
0.32
0.45
0.58
0.7
0.85
0.93
0.95
0.98
0.98
0.98
0.98
0.98
0.99
1
1
1
1.02
1.03
1.05
1.09
1.14
1.19
1.26
1.32
1.4
1.5
1.57
1.64
1.71
1.77
1.82
1.84
1.88
1.89
1.92
1.93
1.95
1.95
1.96
1.96
1.96
1.96
1.96
1.96
1.96
1.96
1.96
1.96
1.97
1.98
1.98
1.98
2
2.02
2.05
2.09
2.12
2.19
2.24
2.33
2.38
2.46
2.54
2.62
2.67
2.73
2.76
2.8
2.82
2.83
2.86
2.86
2.88
2.9
2.9
2.91
2.91
2.91
2.91
2.91
2.91
2.92
2.92
2.93
2.93
2.94
2.94
2.95
2.97
3.01
3.08
3.12
3.18
3.23
3.3
3.36
3.39
3.41
3.51
3.57
3.64
3.66
3.72
3.73
3.74
3.75
3.76
3.76
3.79
3.8
3.81
3.81
3.82
3.84
3.84
3.85
3.88
3.9
3.92
3.93
3.94
3.96
4.01
4.01
4.01
4.04
4.07
4.13
4.15
4.21
4.23
4.28
4.3
4.36
4.37
4.39
4.41
4.42
4.43
4.46
4.49
4.51
4.56
4.58
4.61
4.63
4.65
4.67
4.68
4.7
4.72
4.74
4.75
4.8
4.82
4.84
4.86
4.91
4.92
4.94
4.97
5
5.04
5.08
5.12
5.12
5.13
5.15
5.18
5.22
5.25
5.29
5.31
5.31
5.31
5.31
5.33
5.33
5.36
5.38
5.41
5.48
5.5
5.52
5.54
5.56
5.57
5.58
5.6
5.63
5.64
5.69
5.72
5.72
5.77
5.78
5.83
5.87
5.92
5.94
5.95
5.96
5.97
6.05
6.06
6.11
6.12
6.14
6.16
6.19
6.21
6.22
6.22
6.23
6.25
6.28
6.29
6.29
6.3
6.31
6.31
6.33
6.35
6.36
6.37
6.39
6.42
6.44
6.46
6.51
6.52
6.55
6.57
6.63
6.67
6.69
6.7
6.72
6.75
6.76
6.8
6.82
6.86
6.87
6.89
6.91
6.92
6.96
6.99
7.03
7.03
7.05
7.05
7.08
7.11
7.13
7.14
7.15
7.18
7.2
7.21
7.21
7.22
7.24
7.27
7.3
7.31
7.32
7.35
7.39
7.39
7.44
7.47
7.48
7.52
7.56
7.56
7.61
7.63
7.67
7.69
7.72
7.78
7.79
7.79
7.8
7.82
7.87
7.88
7.89
7.9
7.93
7.93
7.94
7.96
7.97
7.98
8
8.02
8.03
8.08
8.12
8.16
8.2
8.23
8.26
8.3
8.36
8.41
8.46
8.47
8.5
8.55
8.58
8.59
8.6
8.6
8.61
8.62
8.63
8.65
8.67
8.67
8.68
8.69
8.7
8.73
8.76
8.79
8.84
8.87
8.87
8.88
8.92
8.97
9
9.04
9.09
9.13
9.19
9.19
9.23
9.24
9.25
9.26
9.3
9.33
9.36
9.36
9.37
9.39
9.41
9.43
9.44
9.45
9.49
9.51
9.54
9.55
9.57
9.6
9.64
9.72
9.76
9.82
9.84
9.87
9.9
9.92
9.94
9.98
9.99
10.04
10.06
10.07
10.08
10.11
10.12
10.12
10.15
10.18
10.19
10.2
10.23
10.25
10.3
10.33
10.36
10.39
10.41
10.43
10.48
10.53
10.59
10.61
10.62
10.64
10.66
10.71
10.77
10.79
10.79
10.84
10.84
10.84
10.9
10.92
10.95
10.98
11.01
11.04
11.07
11.09
11.1
11.12
11.13
11.15
11.16
11.2
11.25
11.31
11.33
11.34
11.39
11.45
11.46
11.47
11.49
11.55
11.57
11.62
11.66
11.69
11.72
11.73
11.76
11.77
11.77
11.81
11.87
11.9
11.92
11.96
11.98
11.99
12.05
12.07
12.11
12.12
12.13
12.15
12.21
12.23
12.27
12.29
12.34
12.38
12.4
12.4
12.42
12.44
12.46
12.47
12.47
12.5
12.55
12.6
12.63
12.69
12.73
12.77
12.8
12.83
12.89
12.9
12.93
12.95
12.97
13
13.02
13.05
13.06
13.1
13.15
13.17
13.23
13.24
13.25
13.25
13.28
13.33
13.34
13.37
13.4
13.44
13.46
13.54
13.57
13.6
13.61
13.62
13.63
13.67
13.69
13.71
13.74
13.76
13.82
13.86
13.9
13.93
13.94
14
14.04
14.06
14.1
14.14
14.16
14.19
14.22
14.23
14.25
14.29
14.32
14.37
14.4
14.44
14.46
14.49
14.51
14.52
14.57
14.61
14.64
14.66
14.69
14.72
14.76
14.79
14.84
14.88
14.9
14.93
14.97
15.02
15.05
15.05
15.09
15.11
15.12
15.12
15.15
15.2
15.23
15.32
15.36
15.41
15.46
15.51
15.53
15.57
15.6
15.61
15.65
15.66
15.68
15.71
15.76
15.78
15.85
15.88
15.91
15.94
16.01
16.05
16.11
16.17
16.21
16.23
16.27
16.34
16.36
16.39
16.4
16.44
16.46
16.48
16.49
16.54
16.58
16.62
16.66
16.71
16.77
16.81
16.83
16.89
16.93
16.99
17.03
17.08
17.16
17.22
17.27
17.29
17.34
17.36
17.38
17.4
17.45
17.51
17.54
17.58
17.65
17.69
17.74
17.81
17.88
17.92
17.94
17.98
18
18.03
18.04
18.09
18.12
18.17
18.21
18.32
18.35
18.43
18.47
18.51
18.55
18.62
18.66
18.7
18.78
18.81
18.82
18.87
18.92
18.95
19.01
19.03
19.07
19.13
19.17
19.21
19.28
19.4
19.47
19.52
19.55
19.61
19.67
19.71
19.73
19.79
19.84
19.91
19.99
20.04
20.1
20.15
20.22
20.26
20.32
20.4
20.42
20.53
20.59
20.67
20.73
20.77
20.87
20.94
21.01
21.1
21.17
21.22
21.3
21.36
21.4
21.44
21.51
21.64
21.72
21.81
21.84
21.96
22.05
22.14
22.2
22.27
22.41
22.46
22.53
22.66
22.75
22.83
22.94
23.04
23.08
23.18
23.24
23.36
23.48
23.59
23.69
23.75
23.85
24.03
24.14
24.28
24.39
24.54
24.64
24.73
24.87
25.05
25.18
25.35
25.5
25.73
25.81
25.94
26.14
26.42
26.59
26.76
26.95
27.24
27.57
27.76
28.01
28.24
28.57
28.92
29.34
29.74
30.14
30.6
31.18
31.74
32.74
33.65
35.38
37.83
