0.149209
0.149209
0.149918
0.149918
0.150055
0.150055
0.150265
0.150265
0.151683
0.151683
0.151762
0.151762
0.152733
0.152733
0.153193
0.153193
0.153201
0.153201
0.154179
0.154179
0.154214
0.154214
0.154342
0.154342
0.158136
0.158136
0.158636
0.158636
0.160099
0.160099
0.162338
0.162338
0.162612
0.162612
0.163264
0.163264
0.164914
0.164914
0.167479
0.167479
0.168886
0.168886
0.169291
0.169291
0.169584
0.169584
0.170172
0.170172
0.170889
0.170889
0.179892
0.179892
0.180162
0.180162
0.186893
0.186893
0.186956
0.186956
0.187081
0.187081
0.187598
0.187598
0.18934
0.190313
0.190566
0.190566
0.192473
0.192473
0.193693
0.193693
0.195093
0.195093
0.197219
0.197219
0.198352
0.198352
0.198611
0.198611
0.203278
0.203278
0.208742
0.208742
0.208797
0.208797
0.208808
0.208808
0.208908
0.208908
0.210104
0.211162
0.211162
0.218276
0.218276
0.218652
0.218652
0.221542
0.221542
0.225075
0.225075
0.227904
0.228441
0.228981
0.228981
0.229291
0.229673
0.23207
0.23207
0.236734
0.236734
0.237043
0.237043
0.237651
0.237651
0.238526
0.238526
0.2391
0.2391
0.239487
0.239487
0.240292
0.240292
0.240413
0.240413
0.242179
0.242179
0.243726
0.24394
0.24394
0.244817
0.244817
0.247418
0.247418
0.247755
0.248056
0.248843
0.248843
0.248906
0.25049
0.250896
0.250896
0.251464
0.251992
0.251992
0.252022
0.252321
0.252321
0.255021
0.255334
0.255334
0.256056
0.256307
0.256307
0.257544
0.257544
0.257624
0.258324
0.258324
0.258835
0.259546
0.259546
0.260239
0.260239
0.261134
0.261134
0.262254
0.262254
0.263197
0.263197
0.264824
0.264824
0.267452
0.267971
0.267971
0.268907
0.26984
0.26984
0.272956
0.272956
0.276337
0.276337
0.27652
0.27652
0.282888
0.284449
0.284897
0.286213
0.286213
0.287541
0.287541
0.288135
0.288135
0.289808
0.289808
0.29019
0.291014
0.291014
0.291352
0.291492
0.291492
0.292233
0.292233
0.293523
0.293523
0.296528
0.296944
0.29707
0.299567
0.299567
0.300044
0.300044
0.300843
0.300894
0.300894
0.301465
0.30333
0.30367
0.30367
0.304762
0.304762
0.306486
0.306486
0.306633
0.306633
0.307045
0.307754
0.307754
0.307967
0.307967
0.308384
0.308434
0.308434
0.308553
0.308553
0.309042
0.310109
0.311077
0.3111
0.311757
0.311757
0.314404
0.314404
0.317152
0.317152
0.317186
0.317221
0.317221
0.318488
0.318944
0.318944
0.319033
0.319033
0.319317
0.319317
0.319811
0.319811
0.32024
0.320547
0.320547
0.320667
0.320683
0.32254
0.32254
0.322704
0.323713
0.324714
0.326631
0.326631
0.329961
0.330425
0.330425
0.33142
0.332123
0.332869
0.332869
0.33368
0.33368
0.335726
0.337197
0.337197
0.337267
0.337267
0.33791
0.33791
0.338038
0.338038
0.338478
0.338478
0.338724
0.339524
0.339524
0.339945
0.339945
0.340168
0.341035
0.341035
0.343327
0.343327
0.343403
0.344138
0.344631
0.344631
0.345349
0.345349
0.34636
0.347475
0.347475
0.347555
0.347555
0.349518
0.350714
0.350714
0.35135
0.35135
0.351781
0.351781
0.352617
0.352617
0.353399
0.353399
0.353875
0.354599
0.355109
0.356992
0.357067
0.357067
0.358373
0.358373
0.358666
0.358666
0.35887
0.360039
0.360039
0.362029
0.362029
0.362497
0.362497
0.362696
0.363743
0.364387
0.364387
0.364719
0.365192
0.366131
0.366131
0.366243
0.366872
0.367239
0.367239
0.36789
0.36789
0.36854
0.368605
0.369064
0.36924
0.369886
0.369959
0.369959
0.370924
0.371591
0.371626
0.371626
0.373291
0.373291
0.373379
0.373379
0.373929
0.374223
0.374223
0.374677
0.374677
0.374724
0.374844
0.374844
0.375533
0.375533
0.375635
0.375635
0.379648
0.38044
0.380595
0.380595
0.38113
0.382204
0.38231
0.382343
0.382343
0.38247
0.382503
0.383601
0.384033
0.384033
0.384468
0.384752
0.384752
0.386639
0.386804
0.386804
0.387453
0.387453
0.387819
0.388093
0.39042
0.39042
0.392125
0.392125
0.392257
0.392257
0.392504
0.392543
0.392543
0.392807
0.392807
0.393138
0.393138
0.394768
0.394768
0.396741
0.398216
0.398739
0.399346
0.399346
0.401221
0.402591
0.402591
0.402843
0.402903
0.402949
0.404085
0.406436
0.406462
0.406462
0.406689
0.406785
0.408879
0.410169
0.410169
0.410372
0.411733
0.411733
0.413147
0.414565
0.414565
0.415038
0.415134
0.415404
0.415404
0.416139
0.416139
0.416536
0.418505
0.418505
0.418772
0.419404
0.419527
0.420023
0.420023
0.421439
0.423192
0.423757
0.425133
0.425337
0.425972
0.426293
0.426293
0.426429
0.426913
0.427173
0.427173
0.427184
0.427347
0.427347
0.428201
0.429035
0.430631
0.431156
0.43117
0.43117
0.431174
0.431174
0.431661
0.432205
0.432633
0.433659
0.433659
0.435762
0.435762
0.436178
0.436959
0.437649
0.437649
0.438697
0.438777
0.43942
0.439481
0.439735
0.442958
0.443449
0.443449
0.444383
0.445378
0.445847
0.446013
0.446013
0.446672
0.446993
0.447564
0.448248
0.449393
0.450506
0.450506
0.450886
0.453521
0.453963
0.454483
0.455837
0.456369
0.457988
0.458292
0.458292
0.458921
0.458921
0.462423
0.463526
0.463526
0.463762
0.464033
0.464033
0.464119
0.464119
0.464576
0.465991
0.465991
0.466037
0.467156
0.467186
0.467968
0.468094
0.468094
0.46902
0.469049
0.469049
0.469168
0.46929
0.46929
0.470138
0.471913
0.474335
0.474678
0.474678
0.475111
0.477838
0.477838
0.478704
0.481005
0.481005
0.481943
0.483528
0.484518
0.484657
0.485
0.485
0.486073
0.489366
0.491284
0.491284
0.491753
0.492498
0.493103
0.494075
0.49437
0.49437
0.494475
0.494475
0.49498
0.495315
0.497055
0.497886
0.498146
0.498146
0.498944
0.499404
0.499404
0.50046
0.500494
0.50206
0.504941
0.505706
0.505706
0.505985
0.505985
0.509248
0.515579
0.51736
0.517777
0.518478
0.519597
0.519597
0.519981
0.519981
0.521088
0.521088
0.521291
0.521291
0.521697
0.522081
0.522624
0.522877
0.526271
0.526271
0.526307
0.526307
0.528034
0.52898
0.530583
0.530583
0.532497
0.533929
0.533929
0.534779
0.544845
0.547025
0.550291
0.553054
0.553393
0.553393
0.553554
0.554109
0.554715
0.555303
0.556318
0.557019
0.557019
0.558084
0.558802
0.559992
0.562268
0.562268
0.563701
0.563701
0.570941
0.571888
0.571888
0.572481
0.572481
0.573123
0.573123
0.574127
0.575017
0.575017
0.57695
0.577622
0.577622
0.578755
0.578755
0.579631
0.583432
0.587519
0.5904
0.59759
0.599844
0.599844
0.601264
0.605371
0.605371
0.609605
0.61067
0.61067
0.614764
0.627909
0.630867
0.630867
0.630872
0.631998
0.631998
0.633523
0.634236
0.634597
0.634597
0.640377
0.642519
0.642856
0.645201
0.646016
0.646016
0.651374
0.654372
0.654533
0.657266
0.659772
0.661414
0.661689
0.662066
0.669872
0.669872
0.671425
0.676972
0.679907
0.690606
0.690606
0.693465
0.693465
0.696834
0.702938
0.704112
0.704112
0.707778
0.709457
0.713096
0.72471
0.725425
0.756269
0.756269
0.769128
0.769128
0.775431
0.775431
0.780803
0.787979
0.792974
0.794136
0.794485
0.798683
0.815614
0.828769
0.851433
0.854411
0.855415
0.855415
0.857032
0.858816
0.867655
0.87123
0.880382
0.890329
0.909988
0.915167
0.915167
0.92815
0.935349
0.943449
0.981511
0.98223
0.985895
1.01571
1.01949
1.04488
1.08695
1.17537
1.25868
1.7714
