0.08
0.3
0.46
0.59
0.72
0.86
0.91
0.96
0.97
0.99
1.01
1.02
1.02
1.04
1.08
1.15
1.23
1.28
1.38
1.44
1.52
1.57
1.64
1.74
1.76
1.8
1.85
1.9
1.94
1.95
1.96
1.99
2.05
2.11
2.15
2.2
2.26
2.29
2.36
2.4
2.47
2.49
2.53
2.59
2.67
2.74
2.81
2.83
2.88
2.95
2.99
3.03
3.11
3.15
3.2
3.23
3.27
3.31
3.35
3.4
3.43
3.51
3.52
3.54
3.59
3.64
3.7
3.79
3.83
3.9
3.93
3.99
4.06
4.09
4.18
4.19
4.25
4.29
4.3
4.34
4.4
4.43
4.44
4.47
4.53
4.59
4.66
4.73
4.77
4.85
4.92
4.97
5.02
5.05
5.07
5.09
5.14
5.17
5.2
5.27
5.29
5.3
5.32
5.36
5.42
5.48
5.53
5.55
5.57
5.63
5.73
5.75
5.79
5.86
5.92
5.98
6.01
6.03
6.05
6.1
6.13
6.14
6.16
6.18
6.22
6.26
6.32
6.35
6.41
6.49
6.53
6.58
6.64
6.67
6.74
6.79
6.81
6.85
6.9
6.93
6.94
6.95
6.97
6.98
7.05
7.07
7.14
7.22
7.28
7.35
7.42
7.45
7.49
7.53
7.57
7.57
7.59
7.62
7.66
7.67
7.7
7.72
7.72
7.73
7.78
7.82
7.85
7.91
7.92
7.97
8.01
8.06
8.11
8.19
8.23
8.28
8.28
8.31
8.32
8.37
8.41
8.43
8.46
8.48
8.5
8.52
8.56
8.57
8.6
8.61
8.65
8.69
8.77
8.8
8.85
8.87
8.91
8.94
8.95
8.99
9.02
9.04
9.07
9.11
9.16
9.19
9.2
9.21
9.21
9.22
9.22
9.25
9.27
9.31
9.34
9.38
9.41
9.43
9.45
9.5
9.53
9.57
9.59
9.62
9.65
9.67
9.72
9.75
9.78
9.83
9.85
9.9
9.93
9.94
9.96
9.97
9.97
9.98
9.99
10.01
10.02
10.03
10.04
10.06
10.1
10.12
10.14
10.16
10.19
10.21
10.23
10.25
10.28
10.3
10.32
10.38
10.41
10.46
10.51
10.55
10.58
10.61
10.61
10.64
10.67
10.68
10.68
10.73
10.74
10.78
10.8
10.82
10.83
10.83
10.85
10.87
10.88
10.91
10.93
10.95
10.98
11
11.02
11.04
11.06
11.07
11.09
11.12
11.15
11.17
11.22
11.22
11.24
11.3
11.34
11.38
11.39
11.4
11.41
11.42
11.46
11.48
11.49
11.51
11.52
11.55
11.56
11.6
11.61
11.61
11.63
11.64
11.65
11.67
11.7
11.75
11.78
11.8
11.81
11.82
11.83
11.9
11.91
11.93
11.96
11.97
11.97
12
12.01
12.03
12.06
12.09
12.12
12.14
12.16
12.2
12.23
12.25
12.28
12.3
12.3
12.31
12.32
12.34
12.35
12.4
12.42
12.43
12.43
12.43
12.47
12.48
12.49
12.51
12.53
12.55
12.59
12.62
12.64
12.67
12.7
12.72
12.72
12.74
12.76
12.78
12.81
12.83
12.85
12.86
12.87
12.87
12.9
12.94
12.97
12.97
12.99
13.01
13.07
13.07
13.07
13.09
13.14
13.19
13.21
13.21
13.22
13.22
13.22
13.24
13.25
13.29
13.29
13.32
13.35
13.35
13.36
13.39
13.39
13.42
13.44
13.47
13.54
13.59
13.6
13.64
13.66
13.67
13.69
13.71
13.72
13.74
13.76
13.8
13.81
13.81
13.82
13.82
13.82
13.86
13.89
13.92
13.93
13.93
13.94
13.95
13.97
13.98
14
14.02
14.04
14.06
14.07
14.07
14.08
14.11
14.13
14.17
14.19
14.21
14.24
14.29
14.32
14.37
14.38
14.39
14.41
14.49
14.52
14.53
14.54
14.55
14.55
14.56
14.59
14.61
14.63
14.66
14.67
14.7
14.72
14.73
14.74
14.76
14.77
14.78
14.79
14.82
14.83
14.83
14.85
14.87
14.87
14.91
14.91
14.93
14.95
14.97
15
15.03
15.03
15.05
15.07
15.11
15.18
15.2
15.23
15.25
15.27
15.28
15.31
15.33
15.34
15.35
15.37
15.4
15.42
15.45
15.46
15.48
15.5
15.52
15.52
15.54
15.55
15.57
15.59
15.61
15.62
15.63
15.65
15.65
15.67
15.68
15.71
15.73
15.75
15.78
15.78
15.81
15.84
15.88
15.89
15.91
15.95
15.98
16
16.03
16.04
16.05
16.07
16.09
16.12
16.12
16.15
16.16
16.17
16.18
16.2
16.22
16.24
16.24
16.25
16.3
16.32
16.34
16.35
16.39
16.39
16.42
16.43
16.48
16.49
16.5
16.53
16.55
16.57
16.58
16.59
16.6
16.6
16.62
16.63
16.65
16.68
16.7
16.73
16.73
16.75
16.78
16.79
16.81
16.84
16.85
16.86
16.89
16.89
16.94
16.97
17.01
17.02
17.02
17.05
17.06
17.07
17.08
17.09
17.1
17.15
17.18
17.19
17.22
17.26
17.26
17.27
17.3
17.3
17.31
17.32
17.34
17.34
17.36
17.36
17.38
17.39
17.41
17.44
17.48
17.49
17.5
17.5
17.51
17.53
17.58
17.61
17.63
17.67
17.69
17.7
17.73
17.74
17.78
17.81
17.83
17.85
17.89
17.93
17.94
17.96
17.97
17.98
17.99
17.99
18
18.01
18.01
18.04
18.06
18.11
18.11
18.11
18.12
18.12
18.14
18.14
18.17
18.21
18.24
18.25
18.3
18.32
18.34
18.37
18.39
18.4
18.44
18.45
18.46
18.5
18.53
18.53
18.55
18.57
18.58
18.62
18.65
18.68
18.69
18.72
18.73
18.74
18.77
18.77
18.79
18.81
18.81
18.87
18.9
18.92
18.94
18.96
18.99
19
19.01
19.02
19.03
19.08
19.1
19.11
19.13
19.15
19.15
19.2
19.21
19.22
19.22
19.24
19.28
19.34
19.37
19.38
19.41
19.43
19.46
19.46
19.51
19.51
19.54
19.58
19.6
19.62
19.67
19.68
19.69
19.71
19.73
19.73
19.75
19.75
19.77
19.79
19.83
19.83
19.85
19.86
19.87
19.9
19.92
19.96
19.99
20.03
20.07
20.09
20.1
20.13
20.16
20.18
20.24
20.27
20.28
20.29
20.33
20.34
20.35
20.38
20.44
20.45
20.47
20.5
20.54
20.57
20.59
20.6
20.61
20.62
20.65
20.65
20.68
20.7
20.74
20.76
20.79
20.81
20.82
20.85
20.87
20.93
20.96
20.96
20.98
21
21.03
21.04
21.06
21.09
21.11
21.13
21.14
21.16
21.22
21.26
21.28
21.31
21.35
21.39
21.39
21.46
21.46
21.49
21.52
21.55
21.57
21.57
21.59
21.6
21.6
21.64
21.67
21.74
21.77
21.81
21.82
21.83
21.85
21.86
21.93
21.94
21.97
21.98
22.02
22.02
22.05
22.08
22.12
22.16
22.2
22.23
22.26
22.29
22.32
22.37
22.38
22.4
22.42
22.47
22.52
22.55
22.56
22.58
22.61
22.62
22.68
22.71
22.76
22.83
22.84
22.89
22.93
22.98
23
23.04
23.06
23.1
23.12
23.16
23.18
23.2
23.25
23.28
23.31
23.32
23.33
23.36
23.41
23.43
23.48
23.52
23.55
23.59
23.65
23.68
23.72
23.73
23.74
23.79
23.84
23.86
23.88
23.93
23.95
24.01
24.07
24.09
24.11
24.14
24.2
24.24
24.28
24.29
24.32
24.37
24.39
24.41
24.51
24.6
24.65
24.67
24.72
24.75
24.77
24.81
24.88
24.91
24.99
25.02
25.06
25.11
25.14
25.17
25.21
25.26
25.28
25.3
25.37
25.42
25.47
25.53
25.57
25.6
25.67
25.76
25.81
25.86
25.95
25.96
25.99
26.04
26.1
26.14
26.16
26.22
26.3
26.37
26.46
26.5
26.57
26.61
26.66
26.68
26.78
26.84
26.9
26.94
26.99
27.07
27.19
27.22
27.27
27.41
27.5
27.57
27.61
27.7
27.78
27.84
27.93
28.05
28.12
28.2
28.31
28.36
28.48
28.54
28.58
28.71
28.79
28.95
29.04
29.11
29.21
29.31
29.44
29.56
29.66
29.76
29.87
29.99
30.12
30.24
30.35
30.49
30.58
30.71
30.81
30.92
31.04
31.3
31.46
31.63
31.75
31.91
32.02
32.25
32.45
32.68
33.01
33.27
33.44
33.78
34.1
34.46
34.75
35.26
35.76
36.3
36.94
37.63
38.68
39.84
42.04
