0.237254
0.237254
0.237435
0.237435
0.250379
0.250379
0.428352
0.428352
0.437544
0.437544
0.475388
0.475388
0.479048
0.500876
0.500876
0.511692
0.511692
0.52853
0.52853
0.554393
0.633196
0.633196
0.644404
0.644404
0.664695
0.669543
0.679809
0.679809
0.706576
0.706576
0.706827
0.719526
0.729084
0.729084
0.734657
0.740472
0.740472
0.750878
0.754245
0.754245
0.77674
0.781688
0.781688
0.812769
0.812769
0.813779
0.813779
0.820829
0.857343
0.877645
0.877645
0.922705
0.922705
1.03738
1.07191
1.07452
1.07584
1.14075
1.14075
1.1785
1.1785
1.18115
1.18115
1.18263
1.18263
1.20171
1.20855
1.2383
1.2383
1.2597
1.27809
1.27809
1.34451
1.34451
1.35512
1.35512
1.39752
1.44717
1.44753
1.45508
1.45508
1.46323
1.51999
1.53178
1.596
1.61243
1.61243
1.64933
1.66626
1.69828
1.69828
1.80286
1.81421
2.05189
2.09411
2.09411
2.13477
2.30919
3.22205
3.88558
