0.328
0.328
0.328
0.329
0.332
0.332
0.333
0.334
0.334
0.337
0.338
0.338
0.338
0.339
0.339
0.339
0.34
0.342
0.343
0.344
0.345
0.346
0.349
0.35
0.35
0.351
0.352
0.352
0.355
0.356
0.356
0.358
0.362
0.365
0.368
0.37
0.373
0.374
0.374
0.377
0.38
0.382
0.385
0.388
0.391
0.396
0.4
0.404
0.405
0.41
0.415
0.42
0.421
0.423
0.424
0.426
0.43
0.432
0.433
0.434
0.435
0.441
0.441
0.443
0.443
0.446
0.448
0.453
0.455
0.462
0.464
0.468
0.474
0.479
0.481
0.486
0.488
0.488
0.491
0.492
0.493
0.497
0.499
0.501
0.504
0.508
0.511
0.513
0.515
0.518
0.522
0.524
0.531
0.539
0.542
0.544
0.548
0.55
0.553
0.554
0.557
0.559
0.561
0.562
0.564
0.564
0.565
0.566
0.566
0.566
0.569
0.57
0.572
0.575
0.577
0.578
0.582
0.587
0.594
0.597
0.6
0.606
0.607
0.612
0.616
0.621
0.622
0.624
0.629
0.63
0.631
0.636
0.641
0.644
0.647
0.647
0.649
0.655
0.655
0.658
0.662
0.663
0.666
0.668
0.671
0.673
0.675
0.675
0.677
0.682
0.683
0.685
0.688
0.69
0.692
0.693
0.695
0.699
0.7
0.702
0.705
0.707
0.708
0.711
0.715
0.716
0.718
0.72
0.724
0.726
0.732
0.737
0.739
0.739
0.744
0.745
0.746
0.749
0.751
0.753
0.755
0.757
0.758
0.758
0.762
0.764
0.767
0.769
0.77
0.774
0.775
0.78
0.784
0.787
0.792
0.794
0.798
0.799
0.803
0.808
0.817
0.818
0.819
0.822
0.822
0.822
0.823
0.823
0.825
0.826
0.828
0.83
0.831
0.832
0.833
0.838
0.84
0.841
0.843
0.844
0.845
0.85
0.852
0.855
0.855
0.864
0.87
0.871
0.875
0.879
0.886
0.888
0.894
0.894
0.897
0.899
0.901
0.905
0.906
0.909
0.912
0.913
0.914
0.915
0.915
0.917
0.918
0.92
0.921
0.924
0.925
0.928
0.928
0.928
0.93
0.932
0.936
0.938
0.941
0.942
0.945
0.947
0.949
0.951
0.954
0.954
0.959
0.961
0.965
0.968
0.975
0.978
0.979
0.98
0.982
0.985
0.987
0.99
0.99
0.992
0.993
0.996
0.999
0.999
1.002
1.004
1.006
1.01
1.017
1.017
1.018
1.02
1.02
1.024
1.027
1.028
1.029
1.032
1.035
1.036
1.037
1.039
1.04
1.042
1.043
1.047
1.048
1.05
1.05
1.054
1.056
1.059
1.062
1.064
1.068
1.072
1.072
1.075
1.077
1.082
1.084
1.085
1.085
1.088
1.089
1.09
1.09
1.095
1.098
1.099
1.1
1.103
1.104
1.104
1.106
1.107
1.11
1.112
1.113
1.113
1.118
1.119
1.12
1.121
1.124
1.127
1.129
1.132
1.134
1.135
1.139
1.141
1.143
1.146
1.147
1.149
1.149
1.153
1.155
1.157
1.159
1.164
1.167
1.169
1.17
1.173
1.174
1.178
1.181
1.181
1.183
1.183
1.185
1.188
1.189
1.19
1.192
1.192
1.193
1.195
1.197
1.197
1.199
1.199
1.203
1.205
1.209
1.209
1.212
1.218
1.219
1.22
1.223
1.228
1.229
1.232
1.234
1.234
1.237
1.237
1.237
1.241
1.243
1.247
1.251
1.253
1.253
1.255
1.256
1.259
1.259
1.261
1.262
1.264
1.266
1.269
1.27
1.27
1.275
1.275
1.279
1.28
1.281
1.283
1.286
1.287
1.287
1.288
1.291
1.293
1.293
1.294
1.297
1.299
1.3
1.302
1.303
1.308
1.308
1.31
1.312
1.315
1.318
1.319
1.32
1.324
1.326
1.33
1.333
1.336
1.339
1.342
1.344
1.345
1.347
1.347
1.35
1.353
1.353
1.355
1.356
1.358
1.359
1.36
1.361
1.361
1.362
1.363
1.365
1.368
1.369
1.372
1.372
1.376
1.377
1.379
1.383
1.386
1.386
1.387
1.389
1.391
1.393
1.394
1.396
1.398
1.398
1.399
1.4
1.403
1.405
1.407
1.41
1.414
1.415
1.417
1.419
1.42
1.423
1.426
1.427
1.429
1.43
1.431
1.433
1.434
1.435
1.436
1.44
1.442
1.444
1.447
1.447
1.45
1.452
1.453
1.453
1.457
1.458
1.462
1.465
1.468
1.469
1.469
1.471
1.472
1.473
1.473
1.473
1.475
1.477
1.48
1.48
1.48
1.48
1.481
1.485
1.489
1.492
1.493
1.495
1.499
1.499
1.503
1.503
1.506
1.511
1.511
1.512
1.512
1.515
1.517
1.518
1.52
1.522
1.523
1.525
1.528
1.532
1.534
1.537
1.538
1.542
1.542
1.543
1.544
1.546
1.546
1.55
1.552
1.553
1.554
1.555
1.557
1.557
1.561
1.562
1.564
1.568
1.57
1.572
1.574
1.575
1.577
1.578
1.581
1.582
1.583
1.585
1.585
1.587
1.588
1.592
1.593
1.595
1.6
1.601
1.604
1.604
1.606
1.608
1.61
1.612
1.614
1.615
1.615
1.615
1.617
1.618
1.621
1.624
1.624
1.627
1.629
1.634
1.634
1.637
1.639
1.64
1.642
1.646
1.647
1.649
1.652
1.652
1.654
1.66
1.663
1.663
1.665
1.667
1.669
1.669
1.671
1.672
1.673
1.674
1.676
1.677
1.679
1.682
1.682
1.683
1.683
1.687
1.69
1.692
1.693
1.694
1.697
1.698
1.7
1.702
1.705
1.707
1.708
1.709
1.711
1.713
1.717
1.719
1.72
1.724
1.727
1.728
1.729
1.732
1.734
1.734
1.736
1.741
1.744
1.746
1.746
1.747
1.747
1.747
1.75
1.751
1.754
1.758
1.759
1.76
1.763
1.764
1.768
1.77
1.77
1.775
1.778
1.78
1.781
1.783
1.783
1.786
1.789
1.79
1.791
1.795
1.796
1.799
1.801
1.803
1.805
1.807
1.813
1.813
1.813
1.815
1.816
1.82
1.821
1.821
1.823
1.824
1.827
1.827
1.831
1.832
1.834
1.834
1.838
1.843
1.845
1.846
1.846
1.847
1.85
1.853
1.855
1.857
1.86
1.862
1.865
1.868
1.868
1.872
1.874
1.879
1.879
1.881
1.883
1.886
1.887
1.889
1.89
1.893
1.894
1.899
1.901
1.901
1.903
1.904
1.906
1.906
1.911
1.913
1.916
1.918
1.919
1.919
1.92
1.925
1.927
1.929
1.93
1.932
1.932
1.935
1.941
1.943
1.944
1.948
1.95
1.955
1.958
1.96
1.965
1.965
1.967
1.973
1.976
1.977
1.98
1.983
1.983
1.983
1.984
1.985
1.986
1.987
1.991
1.994
1.997
2
2.003
2.003
2.004
2.005
2.006
2.007
2.009
2.011
2.016
2.019
2.022
2.026
2.029
2.034
2.037
2.042
2.044
2.047
2.05
2.051
2.054
2.054
2.056
2.062
2.066
2.068
2.069
2.072
2.073
2.073
2.078
2.081
2.083
2.086
2.089
2.091
2.092
2.093
2.094
2.095
2.099
2.104
2.109
2.113
2.114
2.117
2.121
2.123
2.129
2.132
2.136
2.139
2.144
2.147
2.151
2.153
2.155
2.158
2.158
2.159
2.162
2.165
2.169
2.173
2.174
2.175
2.178
2.182
2.184
2.185
2.187
2.192
2.197
2.203
2.208
2.217
2.22
2.223
2.23
2.231
2.236
2.24
2.243
2.244
2.246
2.248
2.252
2.254
2.256
2.259
2.264
2.267
2.271
2.275
2.279
2.282
2.287
2.292
2.299
2.307
2.31
2.314
2.319
2.325
2.329
2.33
2.333
2.336
2.337
2.338
2.341
2.346
2.348
2.355
2.356
2.366
2.372
2.377
2.384
2.391
2.396
2.399
2.404
2.411
2.413
2.417
2.421
2.424
2.428
2.431
2.438
2.443
2.446
2.451
2.458
2.463
2.47
2.475
2.482
2.487
2.491
2.497
2.504
2.507
2.511
2.514
2.521
2.525
2.534
2.54
2.543
2.557
2.564
2.571
2.574
2.58
2.586
2.59
2.6
2.607
2.613
2.623
2.629
2.633
2.636
2.645
2.653
2.662
2.673
2.681
2.689
2.697
2.708
2.715
2.723
2.729
2.744
2.755
2.769
2.779
2.79
2.796
2.805
2.818
2.841
2.854
2.864
2.88
2.894
2.918
2.933
2.948
2.962
2.981
3.003
3.025
3.05
3.073
3.109
3.149
3.192
3.251
3.338
3.44
3.618
