0.01
0.09
0.22
0.36
0.51
0.55
0.62
0.64
0.7
0.75
0.79
0.83
0.84
0.84
0.85
0.85
0.86
0.86
0.86
0.87
0.89
0.9
0.92
0.92
0.93
0.93
0.94
0.94
0.95
0.97
0.97
1
1
1.01
1.02
1.04
1.04
1.05
1.07
1.11
1.17
1.21
1.26
1.31
1.31
1.33
1.36
1.37
1.38
1.4
1.41
1.41
1.42
1.43
1.46
1.46
1.49
1.52
1.52
1.53
1.55
1.56
1.59
1.61
1.65
1.66
1.67
1.69
1.75
1.8
1.81
1.82
1.83
1.83
1.84
1.85
1.85
1.9
1.92
2
2.02
2.06
2.08
2.12
2.14
2.15
2.19
2.24
2.26
2.27
2.28
2.28
2.28
2.28
2.29
2.31
2.31
2.32
2.32
2.34
2.34
2.35
2.36
2.36
2.37
2.37
2.39
2.39
2.4
2.4
2.41
2.43
2.47
2.49
2.52
2.59
2.64
2.72
2.73
2.8
2.82
2.84
2.87
2.91
2.95
3.01
3.04
3.08
3.11
3.15
3.17
3.17
3.17
3.21
3.22
3.22
3.27
3.3
3.32
3.35
3.38
3.41
3.42
3.46
3.5
3.51
3.51
3.54
3.54
3.6
3.64
3.68
3.7
3.72
3.74
3.79
3.86
3.89
3.97
4.04
4.1
4.19
4.23
4.26
4.29
4.32
4.35
4.38
4.41
4.45
4.48
4.53
4.55
4.6
4.62
4.64
4.65
4.72
4.8
4.87
4.92
4.98
5.07
5.12
5.19
5.27
5.3
5.36
5.39
5.44
5.5
5.5
5.59
5.61
5.65
5.7
5.76
5.85
5.89
6.02
6.1
6.17
6.28
6.36
6.39
6.43
6.48
6.51
6.57
6.66
6.75
6.88
6.98
7.06
7.19
7.29
7.39
7.47
7.5
7.53
7.64
7.78
7.9
8.02
8.16
8.28
8.38
8.56
8.69
8.9
9.05
9.2
9.41
9.58
9.82
10.1
10.47
10.92
11.4
11.85
12.55
13.19
13.81
15.2
16.21
17.51
18.57
20.7
24.89
32.94
