0.328
0.328
0.328
0.328
0.328
0.328
0.328
0.328
0.328
0.329
0.33
0.33
0.33
0.331
0.333
0.333
0.334
0.334
0.336
0.336
0.336
0.336
0.338
0.338
0.338
0.338
0.339
0.34
0.341
0.342
0.342
0.342
0.343
0.344
0.344
0.347
0.347
0.349
0.35
0.351
0.355
0.359
0.36
0.362
0.364
0.369
0.37
0.374
0.375
0.377
0.383
0.387
0.395
0.401
0.405
0.409
0.415
0.416
0.421
0.429
0.431
0.434
0.442
0.443
0.446
0.449
0.451
0.452
0.454
0.459
0.462
0.466
0.47
0.474
0.477
0.482
0.484
0.486
0.492
0.5
0.503
0.504
0.507
0.511
0.518
0.524
0.532
0.541
0.544
0.55
0.554
0.556
0.56
0.562
0.568
0.571
0.575
0.58
0.584
0.589
0.593
0.606
0.613
0.618
0.624
0.63
0.637
0.641
0.646
0.649
0.653
0.66
0.665
0.666
0.674
0.678
0.682
0.689
0.696
0.706
0.71
0.715
0.719
0.728
0.734
0.739
0.746
0.748
0.752
0.762
0.764
0.772
0.788
0.792
0.799
0.801
0.808
0.813
0.819
0.825
0.833
0.84
0.845
0.853
0.861
0.869
0.875
0.882
0.889
0.895
0.899
0.904
0.912
0.919
0.926
0.932
0.938
0.947
0.953
0.958
0.963
0.97
0.978
0.986
0.999
1.006
1.012
1.017
1.019
1.024
1.031
1.037
1.043
1.049
1.057
1.064
1.073
1.08
1.087
1.093
1.1
1.11
1.112
1.12
1.124
1.131
1.134
1.144
1.155
1.163
1.166
1.17
1.177
1.188
1.194
1.196
1.203
1.212
1.225
1.231
1.241
1.254
1.262
1.276
1.285
1.294
1.298
1.302
1.31
1.319
1.322
1.333
1.341
1.346
1.357
1.369
1.383
1.401
1.407
1.411
1.422
1.427
1.434
1.443
1.449
1.456
1.466
1.479
1.49
1.499
1.51
1.516
1.521
1.529
1.537
1.545
1.555
1.568
1.58
1.585
1.592
1.602
1.616
1.624
1.638
1.645
1.651
1.666
1.675
1.683
1.701
1.717
1.73
1.735
1.749
1.766
1.774
1.784
1.801
1.811
1.826
1.842
1.858
1.867
1.881
1.893
1.913
1.934
1.95
1.966
1.988
2.002
2.018
2.041
2.059
2.088
2.113
2.137
2.163
2.191
2.221
2.275
2.321
2.369
2.421
2.469
2.521
2.595
2.692
2.758
2.846
2.933
3.017
3.17
3.305
3.478
3.775
4.259
4.735
5.052
