0.328
0.328
0.328
0.328
0.328
0.328
0.328
0.328
0.328
0.328
0.328
0.329
0.329
0.329
0.33
0.331
0.331
0.332
0.335
0.335
0.335
0.335
0.335
0.336
0.336
0.337
0.337
0.337
0.339
0.339
0.339
0.339
0.339
0.339
0.34
0.341
0.342
0.342
0.342
0.342
0.343
0.344
0.344
0.344
0.344
0.346
0.347
0.349
0.35
0.353
0.355
0.355
0.361
0.362
0.363
0.364
0.368
0.374
0.378
0.381
0.385
0.387
0.388
0.389
0.389
0.396
0.397
0.398
0.405
0.412
0.418
0.422
0.424
0.426
0.427
0.43
0.432
0.435
0.439
0.442
0.444
0.448
0.451
0.453
0.459
0.461
0.462
0.463
0.466
0.469
0.469
0.469
0.474
0.476
0.476
0.477
0.479
0.48
0.481
0.486
0.49
0.493
0.497
0.499
0.5
0.504
0.51
0.514
0.517
0.52
0.522
0.531
0.533
0.535
0.538
0.541
0.547
0.55
0.552
0.555
0.561
0.564
0.569
0.571
0.575
0.577
0.578
0.584
0.586
0.588
0.591
0.596
0.602
0.604
0.604
0.604
0.606
0.607
0.608
0.61
0.616
0.62
0.623
0.631
0.634
0.641
0.653
0.657
0.66
0.664
0.668
0.677
0.68
0.684
0.686
0.688
0.69
0.69
0.693
0.693
0.695
0.697
0.699
0.699
0.703
0.706
0.707
0.713
0.719
0.725
0.73
0.737
0.746
0.752
0.756
0.761
0.765
0.769
0.773
0.776
0.778
0.78
0.783
0.785
0.786
0.79
0.792
0.799
0.806
0.813
0.817
0.82
0.822
0.826
0.832
0.836
0.84
0.843
0.847
0.851
0.855
0.859
0.865
0.867
0.874
0.877
0.879
0.881
0.885
0.891
0.896
0.898
0.901
0.903
0.908
0.913
0.918
0.922
0.926
0.932
0.937
0.943
0.946
0.95
0.953
0.956
0.96
0.965
0.969
0.972
0.973
0.977
0.978
0.986
0.99
0.992
0.996
0.999
1.002
1.006
1.008
1.016
1.019
1.027
1.033
1.038
1.044
1.053
1.056
1.06
1.063
1.066
1.071
1.074
1.079
1.081
1.083
1.088
1.093
1.101
1.106
1.111
1.117
1.122
1.123
1.126
1.131
1.136
1.139
1.143
1.146
1.154
1.159
1.164
1.167
1.17
1.175
1.18
1.185
1.186
1.186
1.19
1.196
1.201
1.209
1.216
1.221
1.227
1.234
1.238
1.241
1.247
1.252
1.256
1.262
1.267
1.271
1.274
1.276
1.283
1.284
1.291
1.295
1.296
1.301
1.307
1.312
1.315
1.321
1.322
1.33
1.334
1.34
1.344
1.35
1.355
1.365
1.368
1.375
1.378
1.38
1.388
1.392
1.399
1.4
1.404
1.41
1.415
1.423
1.428
1.432
1.434
1.438
1.443
1.446
1.453
1.456
1.467
1.476
1.484
1.487
1.489
1.495
1.5
1.506
1.514
1.523
1.525
1.531
1.536
1.541
1.548
1.555
1.557
1.567
1.574
1.583
1.588
1.593
1.599
1.609
1.613
1.614
1.622
1.632
1.637
1.646
1.653
1.661
1.667
1.679
1.689
1.693
1.694
1.703
1.708
1.712
1.725
1.729
1.742
1.747
1.752
1.76
1.77
1.774
1.783
1.797
1.806
1.813
1.822
1.826
1.833
1.836
1.846
1.854
1.868
1.881
1.893
1.902
1.912
1.92
1.926
1.935
1.948
1.962
1.975
1.981
1.997
2.011
2.02
2.03
2.042
2.048
2.067
2.08
2.093
2.108
2.118
2.134
2.149
2.163
2.176
2.192
2.203
2.227
2.246
2.266
2.286
2.314
2.34
2.365
2.386
2.408
2.431
2.453
2.489
2.522
2.564
2.606
2.667
2.723
2.781
2.85
2.915
3.16
3.277
3.436
3.653
4.379
5.054
