0.11
0.23
0.37
0.54
0.62
0.69
0.73
0.82
0.88
0.91
0.93
0.95
0.96
0.96
0.96
0.96
0.98
0.99
0.99
1.01
1.05
1.07
1.1
1.14
1.18
1.21
1.24
1.27
1.29
1.38
1.41
1.49
1.51
1.53
1.59
1.6
1.6
1.61
1.63
1.63
1.63
1.63
1.63
1.64
1.66
1.69
1.69
1.73
1.77
1.79
1.83
1.88
1.93
1.95
1.99
2.03
2.08
2.14
2.22
2.25
2.26
2.29
2.3
2.32
2.34
2.36
2.4
2.4
2.42
2.45
2.45
2.46
2.47
2.48
2.49
2.49
2.51
2.55
2.58
2.59
2.6
2.62
2.63
2.66
2.69
2.73
2.75
2.79
2.81
2.86
2.89
2.91
2.94
2.95
2.95
2.97
2.97
2.97
2.98
2.99
3
3.01
3.02
3.03
3.03
3.04
3.06
3.08
3.11
3.14
3.15
3.19
3.23
3.26
3.28
3.32
3.36
3.41
3.44
3.5
3.53
3.59
3.61
3.64
3.66
3.69
3.74
3.76
3.8
3.81
3.83
3.85
3.87
3.89
3.92
3.93
3.96
3.97
3.97
3.98
3.99
4
4
4
4.01
4.05
4.08
4.09
4.12
4.18
4.21
4.24
4.24
4.27
4.29
4.33
4.36
4.39
4.43
4.48
4.52
4.56
4.57
4.59
4.62
4.66
4.67
4.69
4.72
4.74
4.76
4.79
4.82
4.83
4.85
4.85
4.87
4.9
4.92
4.92
4.93
4.96
4.98
4.99
5.02
5.05
5.07
5.08
5.1
5.14
5.16
5.2
5.24
5.28
5.32
5.36
5.4
5.42
5.43
5.43
5.44
5.45
5.49
5.51
5.54
5.59
5.61
5.62
5.66
5.7
5.74
5.78
5.81
5.81
5.84
5.88
5.88
5.88
5.89
5.95
5.97
5.99
6.02
6.04
6.05
6.05
6.07
6.12
6.14
6.17
6.18
6.21
6.22
6.25
6.26
6.28
6.34
6.35
6.37
6.38
6.42
6.44
6.47
6.51
6.53
6.6
6.66
6.68
6.71
6.79
6.8
6.81
6.83
6.89
6.9
6.91
6.91
6.92
6.98
7.01
7.01
7.03
7.06
7.09
7.1
7.14
7.15
7.17
7.2
7.24
7.28
7.32
7.37
7.39
7.41
7.43
7.52
7.54
7.61
7.67
7.7
7.71
7.73
7.76
7.79
7.8
7.81
7.81
7.81
7.87
7.89
7.92
7.97
7.98
8
8.05
8.11
8.12
8.17
8.21
8.24
8.27
8.29
8.35
8.39
8.46
8.54
8.57
8.6
8.65
8.67
8.69
8.73
8.75
8.8
8.81
8.83
8.84
8.85
8.87
8.91
8.96
8.99
9.04
9.12
9.17
9.22
9.27
9.3
9.36
9.39
9.42
9.43
9.45
9.51
9.53
9.62
9.65
9.67
9.69
9.74
9.78
9.8
9.84
9.89
9.91
9.94
9.98
10.06
10.12
10.19
10.26
10.34
10.39
10.44
10.46
10.54
10.56
10.6
10.65
10.67
10.71
10.77
10.8
10.89
10.96
11.04
11.07
11.13
11.27
11.3
11.35
11.4
11.47
11.51
11.57
11.61
11.66
11.72
11.75
11.81
11.92
11.99
12.09
12.2
12.22
12.32
12.37
12.43
12.5
12.55
12.64
12.75
12.8
12.89
12.96
13.06
13.25
13.3
13.37
13.44
13.52
13.59
13.66
13.74
13.81
13.93
14.07
14.17
14.27
14.35
14.43
14.49
14.57
14.65
14.79
14.9
15.05
15.19
15.26
15.43
15.53
15.71
15.81
15.94
16.16
16.29
16.52
16.64
16.79
16.98
17.23
17.42
17.66
17.9
18.15
18.37
18.66
18.92
19.29
19.68
20.14
20.56
21.08
21.84
22.83
24.44
26.31
29.53
37.59
