0.150364
0.150364
0.152803
0.152803
0.15444
0.15444
0.155775
0.155775
0.157918
0.157951
0.159974
0.160178
0.162677
0.162823
0.165915
0.166049
0.168655
0.168736
0.171711
0.172056
0.174836
0.175765
0.178034
0.179084
0.181348
0.182446
0.184157
0.185268
0.187344
0.188223
0.190347
0.191261
0.193217
0.19453
0.196422
0.197715
0.199473
0.200566
0.202349
0.203898
0.205508
0.207022
0.208357
0.209753
0.211129
0.212268
0.213454
0.215099
0.216558
0.217891
0.219034
0.220685
0.221997
0.223734
0.224949
0.226397
0.228312
0.229554
0.231326
0.232658
0.234295
0.235477
0.236748
0.237685
0.239311
0.240508
0.241504
0.243284
0.244547
0.245846
0.247378
0.248674
0.249827
0.25121
0.252765
0.254162
0.255781
0.257373
0.258934
0.260143
0.261415
0.26291
0.264319
0.265857
0.267227
0.268614
0.269894
0.271337
0.272662
0.273989
0.275515
0.276972
0.278696
0.279815
0.281018
0.282425
0.283562
0.284961
0.286195
0.287319
0.288655
0.289695
0.291023
0.292191
0.29353
0.295101
0.296279
0.297634
0.298615
0.299882
0.30097
0.302095
0.302845
0.303932
0.305185
0.306605
0.307642
0.308476
0.30983
0.310759
0.312002
0.313137
0.313938
0.315147
0.316423
0.317742
0.319096
0.32
0.321144
0.322467
0.323865
0.325086
0.326323
0.32755
0.328676
0.329769
0.33116
0.332442
0.333715
0.334745
0.335682
0.336962
0.338273
0.339738
0.340967
0.342214
0.343543
0.34454
0.346235
0.347349
0.348446
0.349532
0.350689
0.352037
0.353162
0.354186
0.355271
0.356485
0.357692
0.358917
0.360241
0.361398
0.362814
0.363802
0.36506
0.366127
0.367168
0.368449
0.369762
0.370928
0.371827
0.373032
0.374275
0.375674
0.376881
0.377855
0.379031
0.380519
0.381562
0.382903
0.383769
0.384989
0.386428
0.387784
0.388893
0.389887
0.391143
0.392526
0.393597
0.394429
0.395618
0.396814
0.397916
0.399015
0.400494
0.401751
0.403036
0.404128
0.405428
0.406857
0.407953
0.409186
0.410437
0.411762
0.412996
0.414255
0.415423
0.416671
0.417759
0.419157
0.420219
0.421437
0.422612
0.424019
0.425293
0.426637
0.42778
0.428867
0.430163
0.431144
0.432448
0.433563
0.434935
0.436328
0.437141
0.438477
0.439508
0.440587
0.441679
0.443211
0.444333
0.445294
0.446483
0.447504
0.448772
0.449902
0.451098
0.452213
0.453535
0.454695
0.455506
0.456621
0.45831
0.459618
0.460875
0.462154
0.463471
0.464574
0.465714
0.467052
0.468501
0.469502
0.47089
0.471896
0.473128
0.474296
0.475453
0.476647
0.478111
0.479263
0.48051
0.481854
0.48301
0.484186
0.485538
0.486889
0.488124
0.489461
0.491146
0.492318
0.493558
0.495112
0.496548
0.498068
0.499538
0.501178
0.502875
0.504223
0.505645
0.507427
0.508919
0.510437
0.512424
0.513702
0.51534
0.517271
0.518767
0.520159
0.522105
0.523541
0.525445
0.527103
0.528931
0.531029
0.532638
0.534362
0.536161
0.537753
0.539484
0.54094
0.542958
0.544644
0.54666
0.548451
0.549897
0.551917
0.553833
0.55553
0.557349
0.559494
0.5615
0.56361
0.565732
0.567317
0.569368
0.571703
0.573634
0.575793
0.57764
0.579386
0.581056
0.583395
0.58525
0.587296
0.589581
0.59143
0.593004
0.594934
0.597061
0.599251
0.601007
0.603094
0.604948
0.607129
0.608928
0.611355
0.613561
0.61556
0.617959
0.620233
0.62248
0.624428
0.627153
0.629486
0.631394
0.633808
0.636133
0.638227
0.640911
0.643457
0.645545
0.649021
0.652277
0.654555
0.657048
0.659202
0.661958
0.66461
0.667027
0.670988
0.673341
0.676504
0.679224
0.681952
0.684887
0.687878
0.690543
0.693883
0.696584
0.700126
0.703277
0.70609
0.709274
0.712246
0.71556
0.718598
0.722629
0.725862
0.729357
0.732468
0.735656
0.739408
0.742578
0.745799
0.749684
0.752781
0.756186
0.758923
0.762607
0.766231
0.769801
0.773751
0.777527
0.782029
0.785731
0.789116
0.793062
0.797661
0.80255
0.807565
0.811597
0.816023
0.820961
0.825187
0.83015
0.834997
0.839928
0.846459
0.853303
0.858769
0.864593
0.870951
0.876169
0.880738
0.886709
0.891751
0.898743
0.903771
0.909867
0.915325
0.921702
0.928683
0.935845
0.943389
0.950653
0.959502
0.96722
0.9735
0.982292
0.989647
0.998171
1.00627
1.01366
1.02291
1.03277
1.04429
1.05843
1.0796
1.09961
1.11874
1.13517
1.15852
1.17865
1.2018
1.23581
1.30864
1.37079
1.46496
1.67123
1.99591
