0.149156
0.149156
0.152582
0.152582
0.152812
0.152812
0.154335
0.154335
0.169619
0.169619
0.17177
0.175415
0.175415
0.180548
0.180548
0.181957
0.181957
0.184539
0.185145
0.185145
0.189874
0.189874
0.193869
0.193869
0.198043
0.198043
0.199108
0.199108
0.203513
0.203513
0.205749
0.205749
0.211703
0.211703
0.221257
0.221257
0.231343
0.231343
0.231672
0.231672
0.232279
0.234073
0.234073
0.234229
0.234229
0.238701
0.238701
0.2407
0.2407
0.246518
0.246518
0.251201
0.251201
0.252998
0.253186
0.253186
0.260743
0.260743
0.261097
0.266044
0.266352
0.266352
0.266628
0.266628
0.268186
0.268186
0.271915
0.271915
0.272858
0.272858
0.274507
0.276165
0.276165
0.278619
0.284839
0.284839
0.284886
0.284886
0.28792
0.28792
0.29255
0.29255
0.293446
0.293446
0.294843
0.294843
0.295455
0.295455
0.300133
0.300133
0.30053
0.30053
0.303277
0.303277
0.303312
0.303312
0.304668
0.304668
0.306562
0.306834
0.306834
0.307487
0.307487
0.307875
0.307875
0.316543
0.316543
0.317973
0.319842
0.323049
0.32454
0.32454
0.32551
0.32551
0.327405
0.329878
0.330798
0.330798
0.334003
0.334003
0.334013
0.334013
0.335397
0.335397
0.335426
0.338214
0.338214
0.340154
0.343413
0.343413
0.345511
0.347229
0.347229
0.349724
0.349724
0.35023
0.35023
0.350647
0.350677
0.350677
0.351488
0.351488
0.35301
0.35301
0.355278
0.355278
0.357563
0.357563
0.364895
0.36526
0.365641
0.365641
0.366853
0.366853
0.367723
0.367723
0.367781
0.369616
0.370953
0.370953
0.373288
0.373312
0.373312
0.376951
0.376951
0.379584
0.379584
0.380234
0.383725
0.383725
0.384435
0.384435
0.385812
0.386957
0.386957
0.389978
0.389978
0.392061
0.392061
0.393588
0.393588
0.394608
0.397736
0.399934
0.399934
0.400357
0.400357
0.400453
0.400996
0.400996
0.40187
0.403282
0.404112
0.404112
0.404272
0.404272
0.407282
0.407282
0.407619
0.407619
0.409604
0.409604
0.409621
0.410974
0.410974
0.411384
0.411384
0.412508
0.413794
0.413794
0.415224
0.415224
0.415494
0.415712
0.416267
0.420398
0.420445
0.420445
0.421802
0.421802
0.422829
0.422829
0.424106
0.424106
0.42577
0.425997
0.425997
0.426252
0.426598
0.426598
0.426813
0.426813
0.42834
0.42834
0.428481
0.428982
0.429669
0.435836
0.445995
0.446964
0.446964
0.447447
0.454737
0.455044
0.455044
0.456885
0.456885
0.461589
0.462184
0.462184
0.463195
0.467328
0.467328
0.469199
0.469611
0.469611
0.469993
0.470035
0.471357
0.471886
0.479004
0.48072
0.48072
0.482272
0.482272
0.486156
0.486156
0.48658
0.48658
0.487196
0.490013
0.492074
0.492852
0.492852
0.494915
0.494915
0.496875
0.496875
0.497342
0.497391
0.497391
0.499875
0.499875
0.500193
0.500193
0.501798
0.501798
0.503545
0.508485
0.509488
0.512199
0.512199
0.521519
0.521519
0.524213
0.524933
0.52783
0.52783
0.533561
0.533561
0.536356
0.537956
0.537956
0.542284
0.548777
0.548777
0.550213
0.551617
0.551617
0.55198
0.553776
0.558366
0.558366
0.562197
0.562197
0.570399
0.57159
0.571831
0.575224
0.575224
0.581937
0.581937
0.583635
0.586083
0.586083
0.58694
0.58694
0.589739
0.594
0.594424
0.596797
0.596797
0.597191
0.597191
0.5982
0.600262
0.601911
0.601911
0.607251
0.607682
0.614002
0.614002
0.615099
0.617397
0.622503
0.62497
0.625299
0.626421
0.626599
0.628373
0.628373
0.630137
0.641684
0.641684
0.642684
0.647276
0.649326
0.651298
0.652596
0.655608
0.660264
0.665871
0.666018
0.670371
0.670371
0.67141
0.685032
0.686826
0.686826
0.68864
0.691982
0.691982
0.697474
0.697474
0.697774
0.702563
0.703745
0.704205
0.706161
0.708527
0.711557
0.711557
0.714936
0.720823
0.722733
0.731992
0.732743
0.73596
0.73801
0.753471
0.773217
0.780401
0.780716
0.78345
0.789948
0.789948
0.794788
0.794788
0.800232
0.80037
0.80313
0.804903
0.814234
0.823591
0.823692
0.830434
0.840035
0.843345
0.843345
0.848296
0.848296
0.863123
0.882618
0.887421
0.887421
0.888728
0.904127
0.949831
0.955744
0.970747
0.974621
0.977051
0.97797
0.981054
0.981925
1.00178
1.00248
1.01992
1.02036
1.02377
1.05242
1.05848
1.06369
1.07728
1.0949
1.09694
1.10007
1.1039
1.1159
1.12192
1.13124
1.13499
1.17319
1.22265
1.22477
1.37306
1.49535
1.5843
1.90058
1.93199
