0.151153
0.151153
0.15376
0.15376
0.15599
0.15599
0.158
0.158027
0.160214
0.160222
0.163073
0.163241
0.166732
0.167003
0.169964
0.170552
0.173993
0.174823
0.177094
0.177805
0.180656
0.18167
0.184448
0.185867
0.188596
0.189443
0.192118
0.193623
0.195451
0.196824
0.199021
0.200122
0.202199
0.203743
0.205356
0.207589
0.209507
0.211588
0.21302
0.215414
0.216959
0.219094
0.220909
0.222754
0.224569
0.226502
0.227898
0.230175
0.231647
0.233691
0.235189
0.237341
0.238799
0.24093
0.242982
0.244781
0.24694
0.248678
0.250695
0.252446
0.253724
0.255769
0.257984
0.259468
0.261804
0.263079
0.26541
0.267019
0.268906
0.270543
0.272485
0.274223
0.276184
0.277563
0.279286
0.280652
0.281961
0.283776
0.285269
0.28663
0.287802
0.289116
0.290517
0.291943
0.29322
0.294899
0.296681
0.298403
0.299954
0.301428
0.302878
0.304109
0.305715
0.307056
0.308755
0.310012
0.311591
0.313035
0.314509
0.316106
0.317736
0.318914
0.320378
0.321539
0.322599
0.324497
0.325927
0.327436
0.329076
0.330391
0.332074
0.333546
0.334808
0.336431
0.337814
0.339069
0.340569
0.341895
0.343256
0.344511
0.345798
0.347398
0.348634
0.349812
0.351112
0.352747
0.354039
0.355405
0.356894
0.358117
0.359153
0.360408
0.361872
0.363212
0.364949
0.366239
0.367775
0.368879
0.370364
0.371718
0.372911
0.374017
0.375711
0.376686
0.377803
0.379149
0.38027
0.381327
0.382238
0.383482
0.384986
0.385994
0.387191
0.388348
0.389624
0.390679
0.391661
0.392847
0.394111
0.3959
0.397361
0.398865
0.400235
0.401273
0.402702
0.404217
0.405688
0.40668
0.408184
0.409538
0.410967
0.411896
0.412847
0.413977
0.415166
0.416465
0.418086
0.419135
0.420214
0.421346
0.422675
0.423908
0.42512
0.426334
0.42762
0.428825
0.430203
0.431663
0.43302
0.434125
0.435363
0.436994
0.43839
0.439822
0.441069
0.442241
0.443815
0.445151
0.446937
0.448249
0.449804
0.451421
0.452932
0.454743
0.456096
0.458014
0.459496
0.460953
0.462159
0.463847
0.465196
0.466586
0.468364
0.469519
0.470886
0.472092
0.47357
0.475404
0.477257
0.479066
0.480408
0.482084
0.48408
0.485861
0.487707
0.489529
0.491235
0.492819
0.49456
0.496568
0.498454
0.49993
0.501752
0.503276
0.505121
0.507194
0.508804
0.510401
0.511845
0.51393
0.515485
0.517265
0.518849
0.520204
0.521892
0.524187
0.525952
0.527586
0.529862
0.53175
0.533807
0.535844
0.538081
0.54035
0.542389
0.544373
0.546568
0.548376
0.550369
0.552268
0.553711
0.555759
0.557786
0.560258
0.561922
0.564107
0.566116
0.568312
0.570232
0.572463
0.574217
0.576103
0.577898
0.580072
0.581956
0.584
0.586078
0.588579
0.590632
0.593074
0.595251
0.59762
0.599738
0.601849
0.60433
0.606585
0.609951
0.612462
0.615203
0.618112
0.620392
0.623245
0.625276
0.627569
0.630182
0.632507
0.634872
0.637219
0.639936
0.642684
0.645292
0.648121
0.651153
0.653978
0.656434
0.659237
0.662253
0.665401
0.668359
0.670889
0.674459
0.677562
0.681043
0.68409
0.687252
0.691048
0.694637
0.697534
0.701084
0.704706
0.707439
0.710684
0.713829
0.716612
0.719209
0.722263
0.725659
0.729403
0.73407
0.73785
0.742463
0.746867
0.750775
0.754637
0.758788
0.762737
0.767342
0.772754
0.77747
0.781872
0.786483
0.791713
0.796782
0.801853
0.808198
0.813189
0.81955
0.825769
0.831161
0.83758
0.844634
0.851291
0.857632
0.863731
0.870342
0.876091
0.882946
0.889655
0.896068
0.902597
0.909193
0.915124
0.921775
0.927996
0.933021
0.939191
0.947046
0.953179
0.958379
0.964765
0.971714
0.979486
0.986629
0.995621
1.00346
1.01318
1.02654
1.03929
1.05523
1.0722
1.08968
1.10998
1.13067
1.14545
1.16098
1.17382
1.18499
1.19721
1.21475
1.23133
1.2526
1.27525
1.29513
1.32332
1.36982
1.41647
1.47044
1.58258
1.75645
2.10686
