0.03
0.22
0.44
0.59
0.65
0.68
0.74
0.76
0.81
0.83
0.87
0.88
0.9
0.94
0.96
1.01
1.05
1.1
1.2
1.22
1.28
1.32
1.39
1.42
1.44
1.48
1.48
1.52
1.53
1.56
1.56
1.57
1.57
1.58
1.58
1.58
1.59
1.61
1.62
1.64
1.66
1.7
1.71
1.74
1.77
1.77
1.79
1.8
1.82
1.82
1.84
1.86
1.92
1.96
2.07
2.13
2.18
2.22
2.29
2.36
2.39
2.43
2.5
2.5
2.53
2.56
2.58
2.59
2.59
2.59
2.65
2.66
2.66
2.66
2.67
2.67
2.68
2.69
2.69
2.69
2.72
2.73
2.74
2.78
2.8
2.82
2.83
2.88
2.9
2.92
2.94
2.97
2.98
2.99
3
3.05
3.09
3.14
3.16
3.25
3.27
3.3
3.37
3.4
3.44
3.49
3.49
3.55
3.55
3.56
3.58
3.62
3.63
3.64
3.66
3.67
3.71
3.76
3.76
3.77
3.78
3.79
3.81
3.84
3.94
3.98
4.03
4.08
4.14
4.16
4.18
4.21
4.25
4.31
4.33
4.34
4.37
4.38
4.39
4.43
4.46
4.49
4.49
4.5
4.51
4.54
4.55
4.57
4.58
4.65
4.65
4.68
4.74
4.77
4.79
4.8
4.85
4.89
4.95
4.98
5.03
5.04
5.05
5.08
5.09
5.1
5.13
5.15
5.18
5.22
5.24
5.27
5.33
5.37
5.39
5.43
5.45
5.51
5.52
5.55
5.6
5.63
5.63
5.68
5.73
5.73
5.75
5.79
5.82
5.86
5.87
5.89
5.9
5.93
5.96
5.97
5.99
6.01
6.05
6.11
6.13
6.13
6.17
6.23
6.25
6.28
6.32
6.35
6.42
6.46
6.47
6.52
6.52
6.54
6.59
6.62
6.64
6.68
6.7
6.73
6.76
6.81
6.86
6.89
6.93
6.95
6.98
7.03
7.08
7.09
7.13
7.16
7.17
7.2
7.22
7.23
7.24
7.25
7.31
7.35
7.37
7.42
7.5
7.54
7.57
7.61
7.64
7.65
7.69
7.75
7.79
7.8
7.83
7.88
7.9
7.92
7.92
7.95
8
8.01
8.05
8.09
8.11
8.15
8.19
8.24
8.31
8.4
8.45
8.47
8.49
8.54
8.57
8.59
8.61
8.63
8.7
8.72
8.73
8.77
8.79
8.81
8.85
8.9
8.96
8.97
9.02
9.03
9.08
9.14
9.18
9.19
9.23
9.28
9.29
9.34
9.37
9.4
9.48
9.51
9.55
9.61
9.66
9.71
9.74
9.78
9.84
9.89
9.93
9.95
9.97
10.01
10.02
10.05
10.11
10.13
10.19
10.24
10.3
10.34
10.36
10.39
10.47
10.51
10.53
10.58
10.64
10.69
10.74
10.77
10.79
10.85
10.91
10.93
11
11.02
11.03
11.06
11.1
11.16
11.19
11.25
11.3
11.36
11.38
11.4
11.46
11.53
11.59
11.61
11.67
11.72
11.75
11.81
11.84
11.89
11.96
12
12.06
12.07
12.11
12.14
12.17
12.26
12.32
12.38
12.48
12.52
12.58
12.65
12.73
12.74
12.78
12.85
12.9
12.95
13.01
13.06
13.09
13.17
13.21
13.28
13.32
13.35
13.4
13.43
13.49
13.57
13.61
13.69
13.76
13.82
13.86
13.92
14
14.1
14.14
14.16
14.19
14.25
14.31
14.34
14.41
14.5
14.51
14.57
14.68
14.73
14.83
14.89
14.95
15.02
15.08
15.13
15.22
15.3
15.35
15.43
15.53
15.59
15.63
15.66
15.7
15.81
15.9
15.95
16.03
16.08
16.13
16.2
16.26
16.33
16.41
16.48
16.53
16.65
16.7
16.79
16.84
16.91
17
17.09
17.19
17.28
17.4
17.46
17.5
17.57
17.62
17.72
17.79
17.86
17.95
18.08
18.23
18.32
18.44
18.5
18.6
18.73
18.82
18.87
18.94
19.07
19.21
19.33
19.5
19.58
19.66
19.8
19.93
20.07
20.21
20.34
20.47
20.63
20.8
20.93
21.13
21.34
21.55
21.69
21.96
22.34
22.63
22.92
23.2
23.53
23.9
24.26
24.55
24.99
25.52
26.13
26.63
27.31
28.1
29.26
31.05
35.46
