0.141684
0.141684
0.150717
0.150717
0.150759
0.150759
0.151222
0.151222
0.152001
0.152001
0.152477
0.152477
0.153144
0.153144
0.153749
0.153749
0.153995
0.153995
0.154414
0.154414
0.155908
0.155908
0.157533
0.157533
0.162621
0.162621
0.16306
0.16306
0.166283
0.166283
0.166293
0.16773
0.168579
0.168579
0.168711
0.168711
0.173376
0.174608
0.174608
0.174798
0.179292
0.179292
0.180949
0.180949
0.181369
0.183714
0.183714
0.187327
0.187327
0.190604
0.190604
0.192256
0.192256
0.192639
0.192639
0.193165
0.193165
0.193414
0.193414
0.194448
0.195076
0.195076
0.195567
0.195567
0.198506
0.198506
0.19865
0.19865
0.201362
0.201362
0.202109
0.202109
0.203809
0.203809
0.205018
0.205018
0.206801
0.206815
0.206815
0.207577
0.207577
0.208043
0.208043
0.208213
0.208213
0.208304
0.208304
0.208452
0.208452
0.209292
0.209292
0.209365
0.209365
0.21123
0.21123
0.212137
0.212137
0.214461
0.214461
0.214996
0.215021
0.215021
0.215504
0.215504
0.216561
0.216561
0.217126
0.217126
0.217149
0.217149
0.218317
0.218317
0.218583
0.218583
0.219896
0.219896
0.220435
0.220435
0.22124
0.22124
0.222063
0.222063
0.223947
0.22403
0.22403
0.225141
0.225141
0.225208
0.225208
0.225641
0.225641
0.229317
0.229317
0.230136
0.230136
0.231341
0.231341
0.232067
0.232067
0.232268
0.232268
0.232991
0.233696
0.233696
0.234135
0.234135
0.234714
0.234738
0.234738
0.234797
0.234797
0.235995
0.235995
0.236549
0.236549
0.237238
0.237238
0.237994
0.237994
0.241528
0.241528
0.241892
0.241892
0.243116
0.247082
0.247082
0.247524
0.247524
0.247708
0.247708
0.248194
0.248194
0.248686
0.250095
0.250095
0.250696
0.250696
0.250973
0.250973
0.252188
0.252188
0.252323
0.252323
0.252386
0.252386
0.252674
0.252674
0.256538
0.256538
0.256722
0.256722
0.256886
0.256931
0.256931
0.257004
0.257004
0.25736
0.25736
0.258585
0.258585
0.258926
0.258926
0.259014
0.259014
0.259528
0.259528
0.260221
0.260221
0.260791
0.260901
0.260901
0.261358
0.261358
0.261705
0.261993
0.262863
0.264173
0.264173
0.264644
0.265112
0.265112
0.265131
0.265131
0.265246
0.265246
0.265784
0.266543
0.266556
0.26662
0.26662
0.266684
0.266684
0.268172
0.268172
0.269906
0.269906
0.270173
0.270173
0.270384
0.270384
0.270425
0.270543
0.270543
0.2716
0.2716
0.272028
0.272203
0.272543
0.274577
0.274577
0.274578
0.274578
0.274589
0.274589
0.27512
0.27512
0.275515
0.275853
0.275853
0.277094
0.27913
0.27913
0.279827
0.279827
0.280415
0.280687
0.280687
0.281242
0.281282
0.281282
0.281508
0.281616
0.282367
0.282737
0.283546
0.283697
0.283712
0.284139
0.284139
0.284417
0.284417
0.285247
0.285247
0.28627
0.28627
0.286421
0.286613
0.286613
0.28688
0.28688
0.287203
0.287368
0.28766
0.288086
0.288496
0.28893
0.28893
0.289005
0.289005
0.28932
0.290047
0.290047
0.290327
0.290327
0.290419
0.291397
0.291397
0.292436
0.292436
0.292797
0.292797
0.292989
0.292989
0.293125
0.293321
0.293321
0.295384
0.295384
0.296152
0.296886
0.296886
0.297381
0.297381
0.297612
0.298727
0.298727
0.298906
0.299447
0.299447
0.299475
0.299475
0.299628
0.299628
0.299857
0.299857
0.29993
0.29993
0.300425
0.300425
0.302411
0.302594
0.302594
0.30276
0.30276
0.302833
0.30352
0.303704
0.304274
0.304274
0.304646
0.304646
0.304825
0.304825
0.305353
0.305353
0.305977
0.306216
0.306369
0.306369
0.307173
0.30737
0.30737
0.30741
0.30741
0.310452
0.311407
0.311407
0.311455
0.311455
0.311997
0.312689
0.313702
0.31382
0.31388
0.31388
0.314251
0.314251
0.314801
0.314998
0.315016
0.315016
0.315347
0.315401
0.315401
0.315708
0.315852
0.315942
0.315942
0.316097
0.316097
0.316198
0.316198
0.31686
0.317424
0.3177
0.318705
0.318711
0.318889
0.319733
0.319733
0.321224
0.321224
0.321442
0.321442
0.32195
0.32195
0.321951
0.322303
0.322369
0.322369
0.322499
0.322499
0.32279
0.32279
0.322992
0.323067
0.323067
0.323346
0.323346
0.323527
0.323752
0.323752
0.324024
0.324509
0.325078
0.325746
0.325746
0.326162
0.326162
0.326784
0.327229
0.327229
0.327362
0.327362
0.327702
0.327704
0.327704
0.327901
0.327901
0.327949
0.327949
0.328468
0.328726
0.328726
0.32895
0.32895
0.329355
0.329355
0.330255
0.330255
0.330447
0.330447
0.3305
0.3305
0.33056
0.330695
0.331181
0.331331
0.331903
0.332
0.332
0.333686
0.333686
0.333982
0.333982
0.333989
0.333989
0.333996
0.334173
0.334173
0.33424
0.335043
0.336099
0.336099
0.336513
0.337324
0.337324
0.337485
0.337485
0.337706
0.337706
0.338238
0.338655
0.338929
0.338929
0.339049
0.339165
0.34036
0.340908
0.340908
0.342069
0.342117
0.342117
0.342323
0.34283
0.34283
0.342846
0.342934
0.342934
0.343241
0.343241
0.343408
0.343703
0.344279
0.344279
0.344663
0.345791
0.345859
0.346825
0.347115
0.347952
0.348125
0.348125
0.348642
0.349276
0.349276
0.349756
0.349944
0.349944
0.350992
0.350992
0.352308
0.35235
0.35319
0.35319
0.353248
0.353643
0.353643
0.353782
0.353804
0.353804
0.353848
0.353848
0.353983
0.354359
0.354359
0.355159
0.355306
0.355378
0.355378
0.356447
0.356447
0.356664
0.356664
0.35684
0.35684
0.357606
0.357606
0.358001
0.358023
0.358729
0.358836
0.358836
0.35884
0.35884
0.35916
0.35916
0.359983
0.360162
0.360162
0.360471
0.360588
0.360588
0.360843
0.360843
0.36093
0.36093
0.361709
0.361934
0.361934
0.362168
0.362905
0.363367
0.363367
0.364296
0.364622
0.364622
0.365554
0.366139
0.366383
0.366503
0.367752
0.367805
0.36781
0.36781
0.367888
0.367906
0.367987
0.367987
0.368448
0.368805
0.368805
0.368831
0.368831
0.368864
0.368864
0.368887
0.368887
0.369003
0.369003
0.369541
0.369541
0.369574
0.369574
0.369652
0.369915
0.370547
0.370547
0.370822
0.370822
0.37094
0.3714
0.3714
0.372106
0.372106
0.372587
0.373378
0.374049
0.37493
0.37493
0.375229
0.375336
0.375336
0.375518
0.375518
0.375656
0.375656
0.378142
0.378142
0.37923
0.379669
0.379669
0.380272
0.380464
0.380662
0.380662
0.38473
0.384817
0.384872
0.384872
0.386534
0.387079
0.387565
0.388236
0.388236
0.38949
0.391825
0.392156
0.392323
0.392773
0.393254
0.394372
0.394372
0.394683
0.394811
0.394811
0.395129
0.395726
0.395726
0.395923
0.396134
0.396134
0.396857
0.397588
0.397588
0.398527
0.398595
0.399051
0.399609
0.399609
0.399807
0.399807
0.400169
0.401428
0.40152
0.4018
0.40256
0.402619
0.403295
0.403606
0.403742
0.403852
0.403852
0.40396
0.404412
0.404481
0.404534
0.404534
0.404705
0.405515
0.405515
0.405518
0.405541
0.40665
0.40665
0.407295
0.407295
0.40916
0.409393
0.409393
0.410741
0.410741
0.41156
0.412059
0.412059
0.412238
0.41226
0.41226
0.412961
0.413453
0.413811
0.413811
0.41452
0.41452
0.417102
0.417102
0.417172
0.417172
0.417205
0.418575
0.419924
0.419924
0.422183
0.422401
0.422627
0.422854
0.422854
0.423268
0.423864
0.42452
0.424719
0.425411
0.425957
0.426007
0.426868
0.428452
0.428452
0.428496
0.428598
0.428598
0.428762
0.428762
0.429949
0.429949
0.431056
0.434752
0.435476
0.435476
0.435708
0.435708
0.436373
0.436705
0.436707
0.436907
0.436907
0.437394
0.437493
0.437493
0.439494
0.43953
0.439937
0.439937
0.44033
0.440471
0.440471
0.441254
0.441404
0.442202
0.442268
0.442268
0.443094
0.443412
0.445858
0.445858
0.445917
0.4462
0.447176
0.447859
0.449591
0.449958
0.449958
0.451056
0.452203
0.452414
0.452414
0.452522
0.452631
0.455234
0.455234
0.455684
0.457804
0.458142
0.458744
0.459145
0.459145
0.459339
0.460749
0.461226
0.462316
0.462501
0.463961
0.464292
0.464796
0.464955
0.464974
0.465692
0.466166
0.466427
0.466427
0.468026
0.468232
0.468312
0.468312
0.468493
0.469352
0.469904
0.469956
0.470377
0.470673
0.470681
0.470743
0.470743
0.471549
0.471549
0.471831
0.472759
0.473893
0.475549
0.475785
0.475785
0.475871
0.475871
0.476466
0.476913
0.477662
0.478115
0.478448
0.479717
0.481679
0.482045
0.482252
0.482252
0.483643
0.484489
0.48578
0.48578
0.48773
0.488092
0.489722
0.489722
0.49062
0.490773
0.491365
0.494223
0.494246
0.494315
0.494674
0.494674
0.495191
0.495191
0.495412
0.495755
0.495911
0.497652
0.498965
0.499664
0.499947
0.500494
0.500668
0.501576
0.502852
0.503491
0.503491
0.503753
0.50461
0.507258
0.50796
0.511241
0.511241
0.513809
0.515636
0.516896
0.516896
0.517948
0.519604
0.519604
0.521051
0.521051
0.522101
0.522239
0.523917
0.523955
0.52482
0.525067
0.525537
0.526049
0.526865
0.527396
0.528189
0.529093
0.529093
0.529594
0.530144
0.532155
0.535601
0.537428
0.537428
0.538636
0.539732
0.540614
0.541145
0.542249
0.542495
0.545507
0.545507
0.551035
0.552952
0.556628
0.55807
0.559897
0.564171
0.56441
0.568747
0.570651
0.570651
0.571604
0.572244
0.572284
0.572314
0.57328
0.578607
0.579993
0.579993
0.58014
0.58385
0.588787
0.592977
0.593503
0.594063
0.596697
0.597094
0.59989
0.600234
0.602424
0.606316
0.610363
0.615673
0.620063
0.620454
0.625336
0.626018
0.62722
0.628104
0.630028
0.630048
0.636933
0.641796
0.648488
0.649045
0.651417
0.651865
0.653999
0.656317
0.663427
0.665253
0.666863
0.669799
0.673751
0.679505
0.680073
0.687454
0.695218
0.698524
0.701983
0.706856
0.709986
0.732967
0.733211
0.741304
0.741878
0.742652
0.752936
0.761824
0.763338
0.763432
0.765956
0.77
0.77431
0.784719
0.802209
0.813062
0.825763
0.826613
0.833222
0.874233
0.902792
0.909859
0.917495
1.01022
1.08461
