0.147752
0.147752
0.150467
0.150467
0.151544
0.151544
0.15216
0.15216
0.152673
0.152673
0.153275
0.153275
0.153685
0.153685
0.15441
0.15441
0.154929
0.154929
0.155499
0.155499
0.156109
0.15611
0.156818
0.156838
0.157595
0.157692
0.158412
0.158491
0.159258
0.159396
0.160251
0.160548
0.161348
0.161577
0.162073
0.162372
0.163135
0.163465
0.164225
0.164736
0.165728
0.166138
0.166847
0.167156
0.168053
0.168463
0.169065
0.169594
0.170415
0.170828
0.171479
0.171867
0.172636
0.173074
0.173756
0.174103
0.174814
0.175299
0.175912
0.176401
0.177029
0.177424
0.178075
0.17849
0.17914
0.179571
0.180258
0.180776
0.181277
0.181843
0.182332
0.18286
0.183216
0.183702
0.184095
0.184632
0.185104
0.185662
0.186073
0.186598
0.187055
0.187582
0.18802
0.18851
0.188874
0.189431
0.189853
0.19043
0.190846
0.191349
0.191928
0.192446
0.192935
0.193439
0.193824
0.194264
0.194687
0.195196
0.195702
0.196186
0.196612
0.197009
0.197579
0.19797
0.198581
0.199071
0.199486
0.200076
0.200612
0.201048
0.201503
0.201981
0.202497
0.203016
0.203507
0.203888
0.204577
0.205078
0.205512
0.205965
0.206507
0.206871
0.207358
0.207626
0.208063
0.20844
0.208939
0.209298
0.209874
0.21034
0.210728
0.211345
0.211771
0.212345
0.21268
0.213275
0.213675
0.214018
0.214488
0.214869
0.215122
0.215645
0.21616
0.216634
0.21703
0.217297
0.2177
0.218118
0.218617
0.219032
0.219396
0.219826
0.220217
0.220594
0.220972
0.221327
0.221733
0.222194
0.222499
0.223013
0.223496
0.22393
0.224385
0.224802
0.225151
0.225562
0.22602
0.226384
0.226833
0.22716
0.227639
0.228138
0.228425
0.228891
0.229219
0.229612
0.230137
0.230438
0.230875
0.231161
0.23159
0.23184
0.232211
0.232567
0.232992
0.233296
0.233614
0.233986
0.234438
0.234707
0.235159
0.235622
0.236017
0.236279
0.236705
0.237023
0.237425
0.237877
0.238283
0.238674
0.239104
0.239369
0.239797
0.240236
0.240533
0.240749
0.241118
0.24145
0.241834
0.24213
0.242478
0.242754
0.243222
0.243553
0.243887
0.244284
0.244747
0.244992
0.245405
0.245711
0.246066
0.246454
0.246748
0.247169
0.247457
0.247812
0.248143
0.248594
0.24886
0.249296
0.249641
0.250044
0.250417
0.250855
0.251071
0.25139
0.251654
0.252063
0.25231
0.252752
0.252992
0.253454
0.253644
0.254078
0.254408
0.254774
0.25516
0.255528
0.255869
0.256165
0.25654
0.256805
0.257138
0.257456
0.257825
0.258191
0.258527
0.258917
0.259236
0.259603
0.259983
0.26033
0.26064
0.261006
0.261353
0.261752
0.2621
0.262435
0.262757
0.263051
0.263387
0.263716
0.264034
0.264379
0.264728
0.265024
0.265388
0.26572
0.266031
0.266336
0.266625
0.266957
0.267257
0.267666
0.268
0.268279
0.268585
0.268847
0.269195
0.269495
0.269833
0.270069
0.270404
0.270693
0.270992
0.271336
0.271686
0.272132
0.272371
0.272685
0.273002
0.273417
0.273718
0.274069
0.274408
0.274766
0.275165
0.27551
0.275891
0.276211
0.276586
0.276977
0.277281
0.277611
0.277965
0.278254
0.278655
0.2789
0.279238
0.27948
0.279799
0.280176
0.280488
0.280765
0.281044
0.281271
0.281554
0.281865
0.282171
0.282481
0.282825
0.28317
0.283418
0.283747
0.284014
0.284277
0.284595
0.284918
0.285208
0.285555
0.285938
0.286221
0.286542
0.28683
0.287168
0.287507
0.287774
0.288035
0.288419
0.288723
0.289063
0.289447
0.289788
0.290139
0.290462
0.290811
0.291122
0.291427
0.29172
0.292052
0.292326
0.292688
0.292943
0.293305
0.293613
0.293922
0.294279
0.294534
0.294783
0.295182
0.295466
0.295793
0.296164
0.296468
0.29677
0.297096
0.29749
0.297821
0.298125
0.298401
0.298776
0.299077
0.299348
0.299644
0.299905
0.300211
0.300492
0.300818
0.301096
0.301442
0.301835
0.302166
0.302513
0.302877
0.303145
0.303426
0.30373
0.304013
0.304366
0.304614
0.304899
0.305267
0.305552
0.305832
0.306139
0.30642
0.306756
0.307129
0.307453
0.307771
0.30817
0.308486
0.308802
0.309122
0.309406
0.309675
0.310009
0.31032
0.310631
0.31094
0.311265
0.311533
0.311935
0.312222
0.312559
0.312834
0.313086
0.313459
0.313765
0.314102
0.314423
0.31465
0.314941
0.315261
0.315654
0.315897
0.316199
0.316606
0.316911
0.317192
0.317515
0.317868
0.318179
0.318483
0.318821
0.319177
0.319548
0.319961
0.320313
0.320674
0.321084
0.321412
0.321786
0.322139
0.322474
0.322791
0.323134
0.323459
0.323793
0.324078
0.324414
0.324727
0.325036
0.325358
0.325698
0.326095
0.326477
0.326851
0.327177
0.327495
0.327778
0.328183
0.328477
0.328736
0.328946
0.329281
0.329616
0.329992
0.330259
0.330579
0.330934
0.331288
0.331599
0.331884
0.332188
0.332505
0.332815
0.333088
0.333466
0.33375
0.334131
0.334418
0.334765
0.335041
0.335359
0.335726
0.336045
0.336375
0.336696
0.33704
0.337315
0.337654
0.338007
0.338367
0.338667
0.338971
0.339333
0.339694
0.340053
0.340328
0.34062
0.340954
0.341287
0.341696
0.342074
0.342351
0.342676
0.343018
0.343389
0.343742
0.344084
0.344383
0.344659
0.344914
0.345188
0.345587
0.345964
0.346248
0.346495
0.346845
0.3472
0.347615
0.347969
0.348295
0.348606
0.349034
0.349372
0.34967
0.350106
0.350351
0.350663
0.350977
0.351283
0.351696
0.352033
0.352415
0.352682
0.353084
0.353426
0.353878
0.354215
0.354577
0.355018
0.355408
0.355731
0.355972
0.35631
0.356735
0.357164
0.357487
0.357796
0.358123
0.358508
0.358792
0.359121
0.359482
0.359834
0.360162
0.360534
0.360831
0.361176
0.361476
0.361906
0.362293
0.362679
0.363041
0.363369
0.36367
0.364053
0.36432
0.364666
0.36499
0.365329
0.365587
0.365987
0.366351
0.3668
0.367151
0.367489
0.36781
0.368159
0.368514
0.368881
0.36927
0.369605
0.369944
0.370229
0.37057
0.370873
0.371207
0.371472
0.371922
0.372356
0.37275
0.373073
0.373343
0.373667
0.374019
0.374372
0.374736
0.375129
0.375521
0.375947
0.376362
0.376766
0.377052
0.377383
0.377769
0.378201
0.378587
0.378949
0.379235
0.379525
0.37993
0.38025
0.380749
0.381169
0.381565
0.381905
0.382284
0.382603
0.382989
0.383292
0.383726
0.384116
0.3844
0.384816
0.38524
0.385645
0.385952
0.38637
0.386776
0.387168
0.387528
0.387894
0.388279
0.388676
0.389066
0.389381
0.389775
0.390208
0.390584
0.391031
0.391407
0.391887
0.392235
0.392608
0.393026
0.393442
0.393898
0.394382
0.394803
0.395254
0.395697
0.396034
0.39644
0.396838
0.397226
0.397627
0.398018
0.398409
0.398789
0.399213
0.399646
0.400041
0.400455
0.400829
0.40132
0.40173
0.402084
0.40247
0.402971
0.40344
0.40374
0.404114
0.40447
0.405006
0.405428
0.405847
0.40625
0.406631
0.40712
0.40746
0.407942
0.408371
0.408857
0.409314
0.409736
0.410179
0.410615
0.411146
0.411583
0.411969
0.412411
0.412884
0.413277
0.413704
0.414202
0.414702
0.415234
0.415685
0.416132
0.416612
0.417076
0.41765
0.418105
0.418625
0.419085
0.419582
0.420115
0.420476
0.421012
0.421492
0.421928
0.422351
0.422889
0.423421
0.423871
0.424444
0.42502
0.425496
0.425964
0.426478
0.426887
0.427436
0.42792
0.428341
0.429024
0.429564
0.429977
0.430481
0.430966
0.43152
0.431956
0.432424
0.433042
0.433537
0.434049
0.434516
0.435078
0.435576
0.436187
0.43679
0.437307
0.437837
0.438312
0.438736
0.43931
0.439963
0.440446
0.44095
0.441513
0.442092
0.442772
0.443252
0.443767
0.444418
0.444988
0.445403
0.445893
0.44651
0.447119
0.447816
0.448324
0.448844
0.4494
0.449908
0.450462
0.45111
0.451637
0.452212
0.45267
0.453423
0.454095
0.454671
0.45528
0.455872
0.456482
0.457019
0.457634
0.458237
0.458795
0.459441
0.460058
0.460629
0.46134
0.462024
0.462667
0.463162
0.463821
0.46449
0.465184
0.465786
0.466541
0.467213
0.467861
0.468443
0.469126
0.469828
0.470419
0.471194
0.471831
0.472464
0.473235
0.474019
0.474721
0.475522
0.476154
0.476956
0.477831
0.478521
0.479435
0.480128
0.480723
0.481502
0.482163
0.482979
0.483913
0.484641
0.485259
0.485913
0.48672
0.487577
0.488373
0.489138
0.48978
0.490622
0.491522
0.492342
0.493161
0.493978
0.49471
0.495498
0.496182
0.497006
0.497799
0.498633
0.499275
0.500289
0.501064
0.501879
0.502931
0.503864
0.504796
0.505717
0.506546
0.507212
0.507967
0.509073
0.510043
0.510963
0.511804
0.512743
0.513655
0.514469
0.515472
0.516336
0.517346
0.518385
0.519494
0.520326
0.52114
0.522001
0.522854
0.524047
0.525172
0.526076
0.527151
0.528264
0.529412
0.53013
0.531392
0.532282
0.533523
0.534631
0.535754
0.536839
0.537862
0.539013
0.540368
0.541343
0.542521
0.543598
0.544773
0.545782
0.547263
0.548236
0.549284
0.550697
0.55189
0.553195
0.554497
0.555701
0.557053
0.558473
0.559781
0.560963
0.562391
0.563778
0.565122
0.566712
0.568054
0.569146
0.570793
0.572134
0.573737
0.575
0.576352
0.578109
0.579565
0.581278
0.582464
0.584106
0.585955
0.587625
0.589029
0.590418
0.5921
0.593602
0.595342
0.597115
0.598858
0.600487
0.602406
0.604062
0.605822
0.607608
0.609517
0.611175
0.612762
0.614542
0.616786
0.61906
0.621171
0.623322
0.625283
0.62702
0.629103
0.63112
0.633475
0.635345
0.637323
0.639412
0.641701
0.643848
0.645686
0.647687
0.649871
0.652743
0.654844
0.657436
0.660084
0.662809
0.665834
0.669159
0.671616
0.675323
0.678079
0.681485
0.685395
0.689086
0.693422
0.697328
0.70096
0.705314
0.709937
0.715122
0.72041
0.726726
0.732009
0.7376
0.743286
0.751067
0.757885
0.765061
0.771992
0.780358
0.790246
0.801354
0.814251
0.831094
0.849267
0.866947
0.883945
0.906069
0.935848
0.959404
0.987293
1.01924
1.07468
