0.165325
0.165325
0.1896
0.1896
0.208937
0.211972
0.227493
0.230482
0.24402
0.249065
0.25897
0.265062
0.272466
0.277384
0.281559
0.286825
0.29214
0.297502
0.3022
0.306912
0.312482
0.317518
0.323664
0.328205
0.334734
0.339239
0.34402
0.348787
0.35366
0.359031
0.363642
0.367876
0.373813
0.377253
0.383933
0.390322
0.395512
0.399261
0.403938
0.408711
0.415803
0.418397
0.423825
0.42702
0.433025
0.435962
0.440866
0.445192
0.450336
0.455198
0.458218
0.463494
0.467862
0.472116
0.476657
0.483104
0.486615
0.491286
0.495169
0.498895
0.502276
0.50625
0.509938
0.514362
0.517901
0.522104
0.526342
0.531326
0.535656
0.540148
0.543463
0.546733
0.550088
0.554444
0.559587
0.564266
0.566854
0.570949
0.57472
0.578824
0.582177
0.585993
0.589119
0.592306
0.596853
0.600188
0.604029
0.607848
0.612609
0.616915
0.621065
0.625392
0.629384
0.633998
0.637627
0.641681
0.64688
0.65092
0.655056
0.66092
0.66624
0.671159
0.67546
0.681926
0.687718
0.692277
0.69825
0.702456
0.708467
0.712798
0.718472
0.722731
0.727783
0.731972
0.73562
0.74029
0.744037
0.747658
0.750985
0.755909
0.760297
0.763029
0.767016
0.770707
0.77495
0.777899
0.782326
0.785366
0.789863
0.793775
0.797562
0.802307
0.806796
0.8107
0.814468
0.819024
0.825414
0.83165
0.837144
0.843064
0.848476
0.854687
0.86003
0.865565
0.872185
0.877626
0.88512
0.892578
0.899717
0.907385
0.915337
0.924059
0.930644
0.937723
0.944001
0.950356
0.961553
0.972184
0.983008
0.994605
1.00433
1.01255
1.02245
1.03385
1.04461
1.05527
1.06378
1.07512
1.08669
1.0966
1.1084
1.11727
1.1255
1.1324
1.14106
1.14829
1.15798
1.16952
1.17964
1.18928
1.20081
1.21488
1.22726
1.23959
1.25279
1.27309
1.29916
1.32717
1.35856
1.38173
1.41767
1.45062
1.48593
1.50556
1.54816
1.61639
1.68926
1.7733
1.83899
2.01494
