0.05
0.14
0.21
0.38
0.5
0.64
0.71
0.77
0.84
0.85
0.85
0.89
0.89
0.9
0.91
0.92
0.92
0.92
0.93
0.93
0.93
0.95
0.95
0.95
0.95
0.95
0.95
0.96
0.96
0.98
0.98
0.98
0.98
0.98
0.98
0.98
0.98
0.99
0.99
1.01
1.01
1.01
1.01
1.02
1.02
1.02
1.03
1.04
1.06
1.1
1.1
1.11
1.12
1.16
1.19
1.22
1.27
1.33
1.38
1.44
1.5
1.52
1.55
1.59
1.64
1.68
1.72
1.75
1.77
1.78
1.78
1.81
1.84
1.86
1.87
1.88
1.88
1.89
1.89
1.9
1.9
1.91
1.91
1.92
1.92
1.93
1.93
1.93
1.93
1.93
1.93
1.93
1.93
1.94
1.95
1.97
1.98
1.98
1.98
2
2.02
2.04
2.07
2.1
2.13
2.16
2.16
2.2
2.24
2.28
2.35
2.37
2.39
2.49
2.51
2.52
2.53
2.54
2.56
2.57
2.58
2.61
2.62
2.66
2.68
2.72
2.74
2.77
2.78
2.83
2.84
2.86
2.88
2.89
2.9
2.91
2.91
2.91
2.96
2.98
3.01
3.04
3.08
3.1
3.16
3.23
3.26
3.27
3.33
3.4
3.47
3.54
3.57
3.58
3.58
3.59
3.6
3.63
3.65
3.66
3.67
3.69
3.73
3.76
3.79
3.84
3.89
3.96
4.04
4.1
4.15
4.22
4.28
4.32
4.4
4.43
4.46
4.49
4.52
4.55
4.59
4.65
4.77
4.83
4.89
4.94
5.02
5.07
5.11
5.16
5.22
5.32
5.43
5.52
5.54
5.62
5.69
5.75
5.88
5.99
6.08
6.21
6.29
6.38
6.48
6.53
6.59
6.65
6.71
6.82
6.96
7.09
7.2
7.36
7.59
7.68
7.77
7.89
8.05
8.22
8.43
8.62
8.71
8.86
9.03
9.15
9.38
9.66
9.87
10.08
10.29
10.49
10.58
10.85
11.17
11.48
11.89
12.26
12.82
13.31
14.04
14.62
15.44
16.28
17.13
18.59
21.07
35.31
