0.150943
0.150943
0.152929
0.152929
0.168071
0.168071
0.185872
0.185872
0.205952
0.205952
0.212391
0.212391
0.224996
0.224996
0.23354
0.23354
0.23397
0.23397
0.255658
0.255658
0.270068
0.270068
0.276017
0.276017
0.280335
0.280335
0.291219
0.291219
0.294234
0.294234
0.298523
0.298523
0.304515
0.305267
0.305267
0.305447
0.305447
0.307972
0.312755
0.312755
0.319021
0.319021
0.319407
0.321246
0.321246
0.328389
0.328389
0.341843
0.341843
0.349456
0.353074
0.353074
0.35524
0.35524
0.356279
0.356279
0.358468
0.359797
0.361106
0.361106
0.361436
0.361436
0.365165
0.365165
0.36577
0.36577
0.366618
0.366618
0.370678
0.370678
0.373242
0.373242
0.37822
0.380532
0.380532
0.381212
0.381212
0.382116
0.382116
0.382818
0.3842
0.3842
0.390919
0.392232
0.392232
0.39524
0.399389
0.399389
0.399438
0.399438
0.403958
0.405772
0.405772
0.406129
0.406129
0.409404
0.41069
0.41069
0.412804
0.419753
0.42407
0.426842
0.426842
0.42768
0.435119
0.435119
0.436194
0.436194
0.4406
0.4406
0.443181
0.443181
0.444488
0.444488
0.445206
0.446284
0.455408
0.459124
0.459124
0.460519
0.465817
0.465817
0.465912
0.466786
0.475257
0.475373
0.475373
0.475763
0.475763
0.484573
0.484573
0.48535
0.491452
0.491452
0.495092
0.495092
0.495306
0.495306
0.499536
0.500123
0.500123
0.501455
0.506241
0.511278
0.519344
0.519344
0.520109
0.520109
0.525235
0.529812
0.53026
0.530819
0.530819
0.53092
0.532072
0.533156
0.533156
0.539373
0.541534
0.541534
0.542279
0.544376
0.544615
0.544615
0.557057
0.560748
0.560748
0.562299
0.562299
0.56904
0.575112
0.575905
0.581907
0.582921
0.585681
0.588296
0.591893
0.60305
0.619577
0.619577
0.624139
0.624139
0.63054
0.633055
0.647395
0.653408
0.653907
0.661332
0.672674
0.676
0.67615
0.687067
0.68812
0.696571
0.698367
0.698367
0.699723
0.699723
0.704399
0.705756
0.705919
0.707902
0.707902
0.70962
0.71103
0.71103
0.718592
0.719383
0.722479
0.722479
0.723828
0.729279
0.740107
0.740107
0.762233
0.762233
0.765754
0.766136
0.769828
0.771424
0.771424
0.78647
0.789894
0.792889
0.792889
0.799316
0.820124
0.835053
0.835053
0.84197
0.845038
0.845038
0.849881
0.849881
0.856604
0.858944
0.858944
0.861105
0.861105
0.873858
0.873858
0.875035
0.885516
0.887701
0.892277
0.893993
0.894053
0.894053
0.895127
0.898387
0.898918
0.901521
0.909171
0.909171
0.911569
0.912036
0.934178
0.940139
0.947275
0.949024
0.952083
0.952083
0.956163
0.957754
0.963589
0.963589
0.964708
0.964708
0.969474
0.977227
0.99183
0.993738
1.02657
1.03133
1.03133
1.03866
1.03866
1.03994
1.04488
1.04881
1.08521
1.08915
1.12814
1.15875
1.17388
1.17792
1.20515
1.20657
1.21192
1.23248
1.23718
1.28503
1.31551
1.33814
1.36038
1.42596
1.43027
1.50793
1.52033
1.92716
