0.328
0.328
0.328
0.328
0.328
0.328
0.328
0.328
0.328
0.329
0.329
0.329
0.33
0.33
0.33
0.33
0.33
0.331
0.331
0.332
0.332
0.332
0.333
0.333
0.333
0.335
0.336
0.336
0.336
0.336
0.336
0.337
0.338
0.341
0.341
0.342
0.342
0.342
0.342
0.342
0.342
0.342
0.342
0.345
0.346
0.347
0.349
0.35
0.35
0.35
0.35
0.35
0.35
0.351
0.352
0.352
0.354
0.356
0.359
0.36
0.361
0.365
0.366
0.37
0.372
0.374
0.378
0.382
0.387
0.393
0.399
0.402
0.409
0.41
0.414
0.416
0.42
0.42
0.427
0.431
0.432
0.435
0.437
0.439
0.439
0.44
0.445
0.446
0.449
0.45
0.452
0.452
0.453
0.454
0.455
0.457
0.462
0.466
0.467
0.469
0.474
0.475
0.477
0.486
0.489
0.495
0.501
0.505
0.509
0.51
0.512
0.514
0.519
0.523
0.524
0.53
0.534
0.534
0.537
0.541
0.547
0.55
0.552
0.557
0.559
0.561
0.568
0.57
0.574
0.58
0.582
0.586
0.592
0.595
0.597
0.602
0.605
0.607
0.609
0.613
0.62
0.627
0.63
0.63
0.635
0.639
0.644
0.65
0.656
0.661
0.667
0.675
0.676
0.678
0.681
0.688
0.69
0.69
0.693
0.694
0.698
0.703
0.707
0.713
0.717
0.723
0.725
0.73
0.736
0.739
0.744
0.751
0.757
0.764
0.769
0.776
0.779
0.785
0.789
0.795
0.796
0.8
0.803
0.806
0.809
0.811
0.818
0.825
0.83
0.833
0.835
0.837
0.844
0.853
0.854
0.858
0.865
0.872
0.877
0.879
0.888
0.89
0.895
0.898
0.904
0.908
0.912
0.915
0.921
0.929
0.936
0.94
0.948
0.954
0.957
0.959
0.965
0.969
0.974
0.982
0.984
0.99
0.997
1.008
1.011
1.021
1.025
1.03
1.032
1.038
1.046
1.051
1.058
1.059
1.063
1.07
1.077
1.082
1.088
1.094
1.098
1.106
1.118
1.124
1.126
1.132
1.14
1.147
1.153
1.156
1.158
1.161
1.169
1.185
1.194
1.198
1.207
1.212
1.223
1.23
1.238
1.245
1.249
1.254
1.261
1.267
1.279
1.284
1.289
1.298
1.311
1.317
1.321
1.326
1.337
1.345
1.356
1.366
1.369
1.377
1.382
1.389
1.395
1.406
1.413
1.426
1.435
1.447
1.458
1.467
1.476
1.482
1.493
1.504
1.51
1.526
1.539
1.548
1.56
1.573
1.582
1.592
1.6
1.611
1.62
1.628
1.638
1.649
1.656
1.676
1.688
1.705
1.713
1.725
1.74
1.757
1.769
1.788
1.806
1.828
1.849
1.872
1.886
1.916
1.936
1.959
1.985
2.016
2.045
2.083
2.129
2.183
2.233
2.294
2.348
2.409
2.502
2.567
2.641
2.735
2.855
3.112
3.356
3.501
3.644
3.778
4.019
4.231
4.517
4.916
