0.03
0.12
0.28
0.37
0.49
0.6
0.66
0.73
0.77
0.79
0.82
0.84
0.87
0.89
0.9
0.91
0.92
0.92
0.93
0.94
0.95
0.96
0.96
0.96
0.96
0.96
0.97
0.97
0.98
0.99
0.99
0.99
1
1.01
1.02
1.03
1.05
1.06
1.09
1.11
1.11
1.13
1.15
1.15
1.17
1.2
1.29
1.31
1.34
1.38
1.42
1.5
1.55
1.59
1.65
1.66
1.68
1.69
1.71
1.72
1.75
1.76
1.76
1.8
1.8
1.82
1.82
1.84
1.84
1.86
1.9
1.91
1.91
1.92
1.95
1.97
1.98
1.99
2.02
2.02
2.03
2.04
2.04
2.05
2.08
2.08
2.1
2.1
2.1
2.11
2.11
2.12
2.17
2.17
2.19
2.21
2.23
2.23
2.25
2.3
2.31
2.34
2.35
2.37
2.4
2.46
2.5
2.51
2.55
2.57
2.57
2.58
2.6
2.63
2.64
2.65
2.69
2.7
2.72
2.72
2.75
2.76
2.79
2.8
2.81
2.82
2.86
2.88
2.91
2.92
2.97
2.98
2.98
2.98
3
3
3.02
3.07
3.08
3.11
3.11
3.11
3.16
3.17
3.2
3.21
3.22
3.25
3.29
3.3
3.32
3.34
3.36
3.38
3.41
3.42
3.43
3.47
3.5
3.55
3.57
3.6
3.61
3.64
3.7
3.7
3.73
3.78
3.78
3.78
3.81
3.84
3.86
3.89
3.9
3.92
3.93
3.96
3.99
4.02
4.05
4.05
4.07
4.11
4.13
4.16
4.17
4.18
4.2
4.21
4.26
4.29
4.3
4.34
4.35
4.35
4.37
4.39
4.44
4.49
4.55
4.6
4.64
4.7
4.73
4.74
4.75
4.77
4.78
4.79
4.79
4.8
4.82
4.84
4.85
4.87
4.88
4.9
4.94
4.96
4.99
5.01
5.07
5.13
5.14
5.16
5.23
5.27
5.33
5.36
5.39
5.41
5.46
5.49
5.53
5.57
5.63
5.66
5.73
5.76
5.81
5.81
5.86
5.89
5.91
5.93
5.96
5.97
5.99
6.01
6.06
6.09
6.14
6.21
6.25
6.29
6.31
6.33
6.39
6.43
6.45
6.55
6.6
6.66
6.71
6.77
6.83
6.87
6.9
6.94
6.98
7.03
7.09
7.17
7.2
7.25
7.26
7.31
7.33
7.38
7.47
7.53
7.6
7.65
7.73
7.79
7.92
7.95
8
8.06
8.1
8.18
8.27
8.35
8.42
8.5
8.59
8.65
8.74
8.87
8.96
9.06
9.16
9.24
9.27
9.36
9.49
9.59
9.75
9.8
9.9
10.04
10.14
10.25
10.36
10.49
10.63
10.76
10.91
11.06
11.23
11.44
11.57
11.7
11.96
12.18
12.31
12.56
12.79
13.02
13.26
13.58
13.97
14.23
14.5
14.85
15.16
15.57
16.04
16.56
17.18
17.83
18.73
19.76
20.66
21.36
23.24
24.74
27.33
31.83
