0.01
0.06
0.12
0.28
0.39
0.55
0.57
0.59
0.64
0.7
0.73
0.77
0.81
0.84
0.86
0.88
0.89
0.9
0.92
0.95
0.96
0.97
0.97
0.98
0.98
0.99
0.99
0.99
1.01
1.02
1.05
1.08
1.09
1.1
1.12
1.17
1.19
1.24
1.29
1.3
1.41
1.43
1.44
1.49
1.52
1.54
1.55
1.55
1.57
1.57
1.57
1.57
1.57
1.59
1.61
1.61
1.62
1.62
1.63
1.63
1.63
1.66
1.69
1.71
1.72
1.76
1.77
1.79
1.81
1.84
1.86
1.87
1.89
1.91
1.93
1.96
2.01
2.01
2.03
2.06
2.08
2.12
2.14
2.17
2.2
2.22
2.23
2.27
2.32
2.35
2.37
2.4
2.41
2.45
2.46
2.46
2.47
2.49
2.52
2.53
2.53
2.56
2.59
2.61
2.63
2.63
2.63
2.64
2.66
2.67
2.68
2.68
2.69
2.7
2.7
2.73
2.76
2.8
2.82
2.87
2.91
2.95
3.01
3.05
3.07
3.11
3.13
3.15
3.18
3.25
3.27
3.28
3.31
3.33
3.35
3.36
3.39
3.42
3.42
3.46
3.48
3.53
3.59
3.62
3.65
3.66
3.68
3.7
3.72
3.74
3.78
3.84
3.86
3.91
3.96
3.98
4.03
4.05
4.08
4.09
4.09
4.11
4.15
4.15
4.19
4.25
4.26
4.27
4.29
4.3
4.32
4.39
4.43
4.46
4.53
4.59
4.63
4.7
4.74
4.76
4.77
4.8
4.81
4.82
4.86
4.87
4.87
4.89
4.93
4.96
4.97
5.02
5.04
5.05
5.14
5.21
5.26
5.31
5.38
5.43
5.48
5.5
5.53
5.55
5.59
5.62
5.66
5.69
5.69
5.71
5.75
5.78
5.84
5.87
5.95
5.97
6.04
6.08
6.11
6.13
6.17
6.18
6.19
6.22
6.26
6.32
6.35
6.38
6.42
6.45
6.49
6.55
6.6
6.68
6.74
6.81
6.83
6.88
6.94
6.97
7.05
7.07
7.12
7.15
7.17
7.21
7.25
7.31
7.36
7.41
7.44
7.51
7.55
7.61
7.72
7.75
7.8
7.83
7.86
7.89
7.91
7.93
7.98
8.06
8.08
8.13
8.16
8.21
8.28
8.33
8.38
8.41
8.46
8.5
8.53
8.55
8.59
8.63
8.68
8.73
8.79
8.83
8.87
8.9
8.95
8.99
9.05
9.09
9.19
9.23
9.27
9.31
9.35
9.39
9.43
9.45
9.49
9.53
9.56
9.64
9.68
9.73
9.76
9.81
9.86
9.91
9.94
9.98
10.03
10.11
10.16
10.23
10.27
10.29
10.31
10.34
10.37
10.41
10.48
10.53
10.59
10.62
10.67
10.69
10.76
10.84
10.91
11
11.01
11.07
11.12
11.14
11.19
11.25
11.27
11.32
11.38
11.42
11.48
11.52
11.59
11.64
11.71
11.76
11.81
11.83
11.9
11.95
12
12.07
12.09
12.16
12.21
12.26
12.34
12.4
12.46
12.55
12.66
12.72
12.77
12.8
12.87
12.95
12.99
13.03
13.08
13.14
13.18
13.22
13.32
13.38
13.51
13.57
13.63
13.65
13.71
13.8
13.87
13.93
14.01
14.06
14.14
14.26
14.31
14.42
14.49
14.54
14.65
14.75
14.82
14.86
14.96
15.04
15.12
15.17
15.24
15.31
15.46
15.55
15.66
15.72
15.79
15.86
15.92
16.01
16.13
16.26
16.34
16.4
16.54
16.65
16.72
16.8
16.89
16.96
17.05
17.15
17.25
17.34
17.53
17.71
17.83
17.86
17.96
18.13
18.26
18.45
18.61
18.68
18.81
19.03
19.22
19.43
19.61
19.8
20.03
20.2
20.54
20.79
21.07
21.39
21.81
22.18
22.77
23.47
24.57
25.56
27.41
31.8
