0.328
0.328
0.328
0.328
0.329
0.329
0.329
0.329
0.331
0.332
0.332
0.332
0.333
0.333
0.333
0.333
0.334
0.334
0.334
0.334
0.334
0.336
0.337
0.337
0.338
0.338
0.338
0.339
0.339
0.339
0.34
0.34
0.34
0.34
0.34
0.341
0.341
0.344
0.344
0.344
0.345
0.346
0.346
0.347
0.347
0.347
0.348
0.348
0.349
0.349
0.349
0.35
0.35
0.351
0.351
0.353
0.355
0.356
0.359
0.362
0.366
0.367
0.368
0.372
0.375
0.382
0.384
0.391
0.393
0.397
0.398
0.402
0.405
0.413
0.415
0.418
0.425
0.428
0.429
0.431
0.431
0.433
0.438
0.443
0.444
0.447
0.448
0.45
0.45
0.451
0.451
0.452
0.453
0.455
0.456
0.458
0.459
0.461
0.466
0.474
0.478
0.48
0.484
0.485
0.487
0.489
0.492
0.495
0.5
0.504
0.51
0.515
0.518
0.52
0.52
0.524
0.529
0.533
0.535
0.537
0.54
0.543
0.544
0.546
0.55
0.555
0.561
0.566
0.573
0.576
0.579
0.586
0.587
0.592
0.594
0.597
0.599
0.602
0.607
0.613
0.619
0.622
0.625
0.625
0.626
0.629
0.629
0.633
0.636
0.643
0.654
0.66
0.666
0.669
0.673
0.679
0.683
0.687
0.694
0.699
0.701
0.704
0.709
0.715
0.715
0.718
0.719
0.722
0.723
0.728
0.732
0.736
0.741
0.748
0.755
0.759
0.771
0.772
0.777
0.783
0.788
0.793
0.796
0.799
0.8
0.802
0.803
0.807
0.81
0.814
0.821
0.827
0.832
0.842
0.845
0.851
0.862
0.867
0.871
0.874
0.878
0.879
0.883
0.887
0.89
0.892
0.897
0.898
0.901
0.91
0.914
0.923
0.931
0.938
0.944
0.951
0.956
0.963
0.967
0.97
0.974
0.977
0.979
0.98
0.984
0.988
0.991
0.998
0.998
1.006
1.015
1.024
1.029
1.036
1.043
1.052
1.056
1.06
1.064
1.067
1.069
1.073
1.074
1.077
1.077
1.084
1.087
1.092
1.098
1.105
1.113
1.119
1.124
1.127
1.133
1.144
1.148
1.152
1.157
1.161
1.165
1.168
1.175
1.179
1.19
1.195
1.201
1.205
1.207
1.211
1.213
1.214
1.215
1.218
1.224
1.231
1.235
1.243
1.25
1.26
1.267
1.274
1.283
1.285
1.288
1.291
1.292
1.292
1.295
1.296
1.3
1.301
1.306
1.311
1.319
1.328
1.335
1.341
1.35
1.358
1.362
1.366
1.37
1.373
1.377
1.38
1.382
1.385
1.389
1.398
1.404
1.41
1.415
1.421
1.426
1.432
1.435
1.438
1.443
1.449
1.458
1.46
1.466
1.472
1.475
1.487
1.49
1.495
1.499
1.507
1.515
1.518
1.522
1.526
1.529
1.535
1.538
1.543
1.545
1.554
1.561
1.569
1.58
1.587
1.593
1.596
1.602
1.609
1.614
1.618
1.62
1.627
1.631
1.638
1.642
1.647
1.659
1.666
1.67
1.676
1.683
1.69
1.697
1.701
1.71
1.714
1.723
1.733
1.737
1.74
1.742
1.746
1.755
1.759
1.768
1.78
1.786
1.794
1.802
1.807
1.815
1.823
1.824
1.83
1.838
1.846
1.858
1.867
1.872
1.884
1.898
1.903
1.91
1.914
1.923
1.934
1.945
1.956
1.967
1.974
1.986
1.99
1.998
2.015
2.025
2.043
2.051
2.063
2.072
2.078
2.092
2.107
2.122
2.134
2.146
2.154
2.164
2.183
2.193
2.199
2.212
2.224
2.237
2.253
2.269
2.282
2.293
2.307
2.327
2.348
2.369
2.391
2.414
2.444
2.47
2.495
2.535
2.583
2.638
2.728
2.882
2.999
3.154
3.286
3.416
3.51
3.701
3.905
4.13
4.829
