0.06
0.16
0.42
0.58
0.69
0.75
0.8
0.88
0.9
0.93
0.95
0.97
0.99
1
1.01
1.02
1.04
1.1
1.15
1.24
1.34
1.45
1.48
1.55
1.6
1.66
1.72
1.76
1.78
1.81
1.83
1.86
1.89
1.91
1.96
2
2.09
2.13
2.21
2.28
2.33
2.33
2.37
2.42
2.46
2.51
2.55
2.59
2.6
2.63
2.65
2.69
2.75
2.78
2.82
2.89
2.94
2.98
3
3.06
3.11
3.14
3.17
3.21
3.25
3.32
3.36
3.37
3.43
3.48
3.56
3.63
3.67
3.72
3.76
3.79
3.83
3.86
3.9
3.94
4
4.01
4.04
4.08
4.08
4.1
4.15
4.17
4.21
4.24
4.25
4.3
4.37
4.42
4.44
4.46
4.49
4.55
4.6
4.65
4.71
4.74
4.76
4.82
4.86
4.87
4.9
4.91
4.93
4.95
5
5.03
5.08
5.13
5.16
5.19
5.23
5.23
5.26
5.29
5.3
5.38
5.41
5.43
5.49
5.56
5.58
5.64
5.68
5.73
5.76
5.79
5.82
5.85
5.9
5.92
5.98
6
6.04
6.06
6.07
6.12
6.16
6.21
6.21
6.24
6.25
6.3
6.34
6.37
6.4
6.43
6.45
6.48
6.55
6.56
6.6
6.61
6.65
6.67
6.73
6.76
6.85
6.89
6.93
6.95
7
7.07
7.12
7.15
7.19
7.19
7.25
7.26
7.29
7.31
7.32
7.33
7.38
7.41
7.42
7.46
7.51
7.56
7.6
7.64
7.66
7.69
7.72
7.76
7.78
7.81
7.9
7.99
8.01
8.04
8.05
8.07
8.09
8.11
8.13
8.17
8.18
8.22
8.31
8.34
8.35
8.35
8.39
8.47
8.51
8.53
8.56
8.58
8.59
8.62
8.62
8.68
8.72
8.74
8.77
8.8
8.83
8.88
8.91
8.93
9
9.05
9.07
9.14
9.16
9.18
9.21
9.24
9.25
9.26
9.29
9.32
9.33
9.37
9.39
9.42
9.44
9.49
9.51
9.54
9.56
9.6
9.66
9.67
9.72
9.74
9.76
9.78
9.84
9.89
9.92
9.95
10.01
10.06
10.08
10.08
10.1
10.13
10.19
10.25
10.29
10.32
10.35
10.36
10.4
10.43
10.49
10.53
10.55
10.59
10.61
10.64
10.65
10.67
10.71
10.72
10.77
10.84
10.88
10.91
10.94
10.99
11.01
11.08
11.14
11.17
11.21
11.26
11.27
11.33
11.35
11.38
11.4
11.43
11.46
11.48
11.52
11.56
11.61
11.65
11.71
11.75
11.82
11.86
11.9
11.9
11.94
11.98
12.01
12.04
12.08
12.1
12.11
12.15
12.18
12.2
12.24
12.25
12.3
12.34
12.37
12.41
12.45
12.54
12.61
12.63
12.66
12.69
12.75
12.76
12.78
12.81
12.84
12.86
12.87
12.9
12.94
12.98
13.04
13.13
13.18
13.21
13.25
13.29
13.31
13.35
13.38
13.4
13.41
13.44
13.5
13.53
13.56
13.59
13.64
13.67
13.72
13.75
13.79
13.83
13.9
13.98
14.01
14.02
14.05
14.08
14.14
14.16
14.18
14.2
14.25
14.29
14.29
14.32
14.34
14.37
14.41
14.44
14.47
14.52
14.57
14.63
14.66
14.72
14.77
14.79
14.85
14.87
14.89
14.93
14.95
14.98
14.99
15.02
15.08
15.14
15.18
15.23
15.26
15.33
15.36
15.38
15.47
15.52
15.55
15.57
15.6
15.62
15.67
15.7
15.71
15.74
15.77
15.84
15.84
15.85
15.89
15.92
15.97
16
16.05
16.07
16.1
16.14
16.18
16.21
16.26
16.31
16.37
16.4
16.44
16.46
16.48
16.5
16.52
16.55
16.59
16.63
16.66
16.7
16.73
16.82
16.82
16.83
16.87
16.91
16.95
17
17.04
17.08
17.12
17.14
17.18
17.24
17.24
17.26
17.28
17.32
17.38
17.4
17.47
17.51
17.54
17.57
17.65
17.67
17.7
17.72
17.74
17.77
17.81
17.87
17.92
17.94
17.98
18.01
18.04
18.06
18.07
18.13
18.17
18.19
18.25
18.28
18.31
18.35
18.37
18.43
18.47
18.54
18.55
18.6
18.64
18.7
18.73
18.78
18.78
18.79
18.86
18.86
18.92
18.99
19.04
19.08
19.12
19.17
19.2
19.24
19.27
19.3
19.32
19.36
19.37
19.4
19.41
19.43
19.46
19.52
19.54
19.62
19.68
19.69
19.71
19.75
19.81
19.84
19.92
19.93
19.98
20.01
20.02
20.06
20.09
20.12
20.16
20.19
20.27
20.27
20.28
20.31
20.37
20.41
20.44
20.46
20.48
20.51
20.57
20.63
20.68
20.74
20.79
20.82
20.83
20.9
20.9
20.95
20.99
21.02
21.05
21.08
21.11
21.18
21.22
21.24
21.3
21.32
21.37
21.44
21.45
21.51
21.54
21.55
21.58
21.61
21.67
21.7
21.74
21.79
21.83
21.89
21.92
21.98
22.02
22.04
22.09
22.14
22.19
22.21
22.23
22.29
22.35
22.39
22.42
22.47
22.49
22.59
22.6
22.65
22.71
22.76
22.83
22.88
22.94
22.97
23.03
23.06
23.1
23.15
23.18
23.21
23.28
23.3
23.32
23.39
23.46
23.49
23.52
23.57
23.62
23.69
23.75
23.81
23.85
23.9
23.91
23.97
24.03
24.11
24.16
24.17
24.21
24.23
24.29
24.33
24.44
24.48
24.55
24.6
24.66
24.66
24.73
24.81
24.87
24.9
24.97
25.04
25.11
25.18
25.26
25.31
25.35
25.41
25.46
25.51
25.58
25.64
25.74
25.77
25.8
25.9
25.96
26.03
26.12
26.18
26.19
26.25
26.3
26.42
26.5
26.6
26.67
26.77
26.82
26.91
26.98
27.04
27.1
27.18
27.24
27.3
27.39
27.48
27.6
27.69
27.83
27.95
28.01
28.07
28.12
28.24
28.36
28.45
28.5
28.64
28.77
28.86
28.95
29.03
29.14
29.22
29.36
29.4
29.5
29.64
29.76
29.91
30.02
30.12
30.26
30.4
30.55
30.67
30.83
30.97
31.03
31.16
31.37
31.54
31.75
31.87
32.06
32.2
32.35
32.55
32.76
32.99
33.2
33.43
33.68
33.96
34.29
34.52
34.91
35.17
35.59
36.09
36.6
37.14
37.77
38.56
39.52
40.49
41.81
45
