0.328
0.328
0.328
0.331
0.331
0.332
0.332
0.332
0.332
0.332
0.333
0.333
0.333
0.335
0.335
0.336
0.336
0.337
0.338
0.339
0.34
0.34
0.342
0.343
0.344
0.345
0.345
0.345
0.345
0.346
0.346
0.348
0.348
0.349
0.349
0.35
0.351
0.353
0.354
0.356
0.358
0.365
0.371
0.376
0.379
0.385
0.39
0.393
0.398
0.404
0.408
0.417
0.422
0.426
0.428
0.432
0.434
0.435
0.437
0.439
0.44
0.444
0.445
0.447
0.448
0.45
0.455
0.457
0.462
0.466
0.47
0.472
0.475
0.477
0.48
0.483
0.49
0.492
0.496
0.501
0.505
0.51
0.518
0.522
0.526
0.529
0.531
0.532
0.536
0.538
0.544
0.547
0.551
0.553
0.553
0.556
0.556
0.562
0.564
0.566
0.57
0.574
0.579
0.584
0.586
0.592
0.597
0.601
0.605
0.614
0.621
0.624
0.624
0.628
0.631
0.633
0.635
0.636
0.638
0.639
0.644
0.645
0.653
0.655
0.658
0.662
0.668
0.671
0.677
0.68
0.684
0.688
0.69
0.694
0.698
0.701
0.706
0.709
0.712
0.715
0.716
0.722
0.727
0.731
0.732
0.734
0.741
0.744
0.746
0.751
0.753
0.757
0.761
0.763
0.766
0.769
0.776
0.78
0.783
0.786
0.791
0.792
0.795
0.8
0.803
0.805
0.81
0.814
0.816
0.818
0.821
0.824
0.825
0.83
0.835
0.837
0.84
0.841
0.841
0.846
0.848
0.851
0.855
0.859
0.863
0.869
0.873
0.88
0.883
0.889
0.891
0.893
0.896
0.898
0.901
0.905
0.909
0.914
0.915
0.917
0.92
0.92
0.922
0.923
0.924
0.924
0.928
0.931
0.934
0.935
0.937
0.941
0.947
0.949
0.954
0.954
0.959
0.962
0.967
0.975
0.977
0.985
0.988
0.991
0.996
0.999
1.003
1.005
1.009
1.014
1.015
1.016
1.02
1.026
1.032
1.036
1.038
1.04
1.04
1.042
1.047
1.049
1.051
1.056
1.058
1.06
1.064
1.068
1.068
1.071
1.077
1.08
1.083
1.084
1.086
1.089
1.09
1.094
1.096
1.098
1.1
1.105
1.109
1.113
1.117
1.119
1.121
1.125
1.13
1.132
1.136
1.137
1.141
1.143
1.147
1.148
1.158
1.16
1.165
1.17
1.173
1.173
1.174
1.176
1.179
1.18
1.185
1.188
1.19
1.194
1.196
1.197
1.2
1.203
1.204
1.204
1.205
1.208
1.213
1.216
1.22
1.222
1.226
1.229
1.232
1.237
1.239
1.243
1.247
1.257
1.262
1.264
1.266
1.27
1.271
1.274
1.279
1.281
1.281
1.282
1.285
1.286
1.289
1.29
1.291
1.295
1.296
1.299
1.304
1.304
1.31
1.312
1.316
1.319
1.323
1.327
1.331
1.333
1.335
1.339
1.343
1.345
1.349
1.355
1.359
1.361
1.363
1.364
1.366
1.368
1.372
1.374
1.375
1.376
1.378
1.382
1.386
1.387
1.388
1.39
1.392
1.396
1.399
1.405
1.41
1.412
1.415
1.416
1.421
1.425
1.427
1.429
1.432
1.437
1.44
1.446
1.447
1.449
1.452
1.453
1.457
1.458
1.46
1.461
1.465
1.469
1.474
1.479
1.48
1.482
1.487
1.489
1.491
1.495
1.497
1.498
1.501
1.505
1.507
1.507
1.507
1.51
1.514
1.516
1.521
1.53
1.532
1.537
1.543
1.547
1.55
1.55
1.553
1.557
1.56
1.562
1.563
1.566
1.568
1.571
1.573
1.581
1.584
1.587
1.588
1.589
1.592
1.592
1.596
1.602
1.604
1.607
1.61
1.619
1.62
1.624
1.625
1.627
1.628
1.632
1.636
1.639
1.642
1.644
1.645
1.647
1.65
1.654
1.657
1.663
1.664
1.668
1.671
1.673
1.675
1.676
1.682
1.69
1.694
1.696
1.7
1.701
1.704
1.706
1.707
1.712
1.715
1.718
1.719
1.72
1.722
1.726
1.732
1.735
1.737
1.743
1.748
1.75
1.756
1.762
1.766
1.77
1.773
1.776
1.778
1.778
1.779
1.781
1.783
1.784
1.786
1.789
1.79
1.793
1.794
1.802
1.809
1.814
1.817
1.826
1.829
1.83
1.833
1.835
1.835
1.838
1.841
1.844
1.848
1.849
1.853
1.857
1.86
1.865
1.869
1.871
1.874
1.886
1.889
1.895
1.9
1.902
1.902
1.906
1.911
1.912
1.915
1.917
1.92
1.923
1.927
1.93
1.933
1.934
1.943
1.948
1.953
1.958
1.962
1.965
1.968
1.972
1.974
1.979
1.981
1.984
1.984
1.987
1.993
1.996
2.001
2.003
2.005
2.012
2.016
2.019
2.022
2.027
2.031
2.033
2.035
2.037
2.042
2.046
2.051
2.056
2.059
2.061
2.067
2.071
2.074
2.082
2.085
2.089
2.093
2.097
2.102
2.103
2.104
2.108
2.113
2.12
2.123
2.132
2.135
2.143
2.145
2.149
2.153
2.157
2.163
2.165
2.169
2.172
2.175
2.179
2.181
2.186
2.196
2.2
2.202
2.21
2.213
2.215
2.22
2.226
2.23
2.238
2.244
2.248
2.252
2.254
2.259
2.267
2.271
2.276
2.28
2.289
2.294
2.295
2.299
2.306
2.31
2.315
2.319
2.322
2.329
2.334
2.338
2.342
2.348
2.352
2.356
2.362
2.368
2.373
2.378
2.386
2.394
2.404
2.405
2.408
2.411
2.416
2.421
2.426
2.431
2.439
2.446
2.452
2.455
2.46
2.465
2.469
2.476
2.484
2.49
2.496
2.504
2.508
2.516
2.525
2.53
2.535
2.543
2.547
2.554
2.559
2.567
2.57
2.582
2.586
2.59
2.597
2.6
2.609
2.614
2.623
2.626
2.636
2.646
2.653
2.66
2.664
2.667
2.673
2.688
2.697
2.701
2.707
2.713
2.723
2.727
2.734
2.738
2.75
2.759
2.765
2.775
2.783
2.791
2.802
2.811
2.818
2.825
2.841
2.847
2.857
2.865
2.876
2.887
2.898
2.91
2.92
2.936
2.947
2.961
2.973
2.986
2.997
3.009
3.026
3.039
3.051
3.067
3.08
3.094
3.109
3.125
3.143
3.163
3.193
3.21
3.234
3.248
3.271
3.288
3.31
3.33
3.36
3.38
3.395
3.42
3.451
3.497
3.542
3.614
3.761
3.954
4.426
