0.203322
0.203322
0.240593
0.240593
0.276598
0.276598
0.301335
0.301371
0.322175
0.323172
0.339334
0.342296
0.360979
0.364254
0.378162
0.382816
0.393315
0.39853
0.40779
0.412568
0.420853
0.426268
0.435523
0.440105
0.44582
0.451589
0.45832
0.462604
0.468784
0.474077
0.480108
0.484258
0.48993
0.494452
0.500859
0.506809
0.512732
0.516529
0.522492
0.527467
0.532767
0.538785
0.544327
0.549069
0.55465
0.559276
0.566225
0.571674
0.577327
0.583681
0.590277
0.595321
0.601361
0.6072
0.610614
0.616216
0.62029
0.626036
0.632928
0.63931
0.643573
0.652662
0.65707
0.662047
0.668644
0.674151
0.679968
0.686354
0.691791
0.698317
0.703311
0.709429
0.715001
0.720576
0.726011
0.730514
0.735686
0.739847
0.746492
0.75435
0.75938
0.765007
0.771041
0.77752
0.783909
0.79071
0.797257
0.804446
0.812037
0.817894
0.82489
0.834287
0.842508
0.85171
0.861587
0.872341
0.880885
0.891027
0.898614
0.909368
0.917947
0.925833
0.936063
0.946568
0.957329
0.966057
0.975587
0.983983
0.992732
1.00359
1.0142
1.02153
1.0323
1.04398
1.0558
1.06815
1.0794
1.08882
1.09916
1.10945
1.11882
1.13478
1.15053
1.16655
1.18676
1.20881
1.24455
1.25635
1.27318
1.28785
1.31694
1.33654
1.35272
1.39393
1.40913
1.43537
1.45353
1.51364
1.5398
1.56788
1.6333
1.68607
1.74546
1.78879
1.88323
2.00941
2.10916
2.17621
2.65953
2.92598
