0.150994
0.150994
0.151669
0.151669
0.151792
0.151792
0.151826
0.151826
0.152297
0.152297
0.152387
0.152387
0.152452
0.152452
0.152677
0.152677
0.152937
0.152937
0.152966
0.152966
0.152982
0.152982
0.153185
0.153185
0.153369
0.153369
0.15345
0.15345
0.153984
0.153984
0.154539
0.154539
0.154674
0.154674
0.154965
0.154965
0.15502
0.15502
0.155028
0.155028
0.155526
0.155526
0.155556
0.155556
0.155581
0.155581
0.156143
0.156143
0.156594
0.156594
0.158084
0.158084
0.158257
0.15927
0.15927
0.160613
0.160613
0.161707
0.161707
0.162124
0.162124
0.16262
0.16262
0.162752
0.162752
0.163049
0.163049
0.163418
0.163418
0.163756
0.163756
0.163791
0.163791
0.165544
0.165544
0.166303
0.166303
0.166537
0.168427
0.168427
0.168581
0.169372
0.169372
0.17136
0.171568
0.171568
0.172245
0.172245
0.173974
0.173974
0.174012
0.174012
0.174194
0.174194
0.17444
0.175113
0.175113
0.176048
0.176048
0.177872
0.177896
0.177896
0.180052
0.180369
0.180369
0.180781
0.181722
0.181722
0.181755
0.181755
0.181815
0.181815
0.181879
0.181879
0.183727
0.183727
0.18441
0.18441
0.184473
0.184473
0.184483
0.184993
0.185328
0.186262
0.186262
0.187226
0.187226
0.187469
0.187469
0.187596
0.187596
0.187703
0.188701
0.188701
0.189498
0.189498
0.190795
0.190795
0.191442
0.191442
0.193414
0.193414
0.19487
0.19487
0.195765
0.195765
0.196001
0.196001
0.196094
0.196094
0.196208
0.196966
0.196966
0.19832
0.19832
0.198857
0.198857
0.199323
0.199565
0.199567
0.199567
0.200032
0.200032
0.200595
0.200595
0.200685
0.201422
0.201534
0.201534
0.201548
0.202111
0.202111
0.202267
0.202917
0.202917
0.20441
0.205983
0.206138
0.20648
0.20648
0.206815
0.206815
0.207173
0.207173
0.207377
0.207377
0.210619
0.211126
0.211231
0.211431
0.211443
0.211443
0.21243
0.213443
0.213443
0.21364
0.216244
0.216244
0.217035
0.217035
0.217956
0.217956
0.218022
0.219614
0.219614
0.219838
0.219838
0.220504
0.221298
0.221298
0.221304
0.221304
0.221605
0.221605
0.224179
0.224929
0.224929
0.225716
0.225716
0.226177
0.226177
0.226278
0.227586
0.227809
0.228521
0.228521
0.228943
0.228943
0.229483
0.229483
0.230706
0.230706
0.232379
0.232379
0.233356
0.235469
0.235469
0.235631
0.235631
0.235962
0.235962
0.23664
0.237532
0.238334
0.239168
0.239168
0.239347
0.239347
0.239434
0.239434
0.240213
0.240213
0.241586
0.241586
0.243106
0.243106
0.243168
0.244456
0.244456
0.245189
0.246276
0.246276
0.246548
0.246548
0.247566
0.247566
0.248324
0.248389
0.248389
0.249585
0.249585
0.250005
0.250005
0.250366
0.250366
0.250943
0.250943
0.251405
0.251405
0.254216
0.254216
0.254826
0.254826
0.255735
0.255735
0.255856
0.258274
0.258274
0.260295
0.260884
0.260884
0.261503
0.261503
0.262255
0.262255
0.26326
0.26326
0.263386
0.263386
0.26367
0.265717
0.265717
0.265751
0.265751
0.266418
0.266484
0.266484
0.268472
0.268472
0.26912
0.270127
0.270127
0.270346
0.270778
0.270778
0.27102
0.27102
0.271138
0.273258
0.273258
0.273364
0.273364
0.274005
0.274759
0.274759
0.27492
0.275321
0.275321
0.275723
0.275969
0.275969
0.276429
0.276429
0.279109
0.279109
0.279408
0.280127
0.280127
0.280383
0.280788
0.280788
0.281343
0.28284
0.28284
0.28306
0.28308
0.28308
0.283486
0.283486
0.283516
0.283516
0.285039
0.285039
0.286537
0.286537
0.286832
0.286832
0.287052
0.28713
0.28723
0.287358
0.287358
0.28796
0.28796
0.288619
0.289832
0.289832
0.291432
0.291728
0.291728
0.291997
0.291997
0.292791
0.292791
0.292819
0.292819
0.293314
0.294247
0.294247
0.294714
0.29531
0.296327
0.296327
0.296892
0.297119
0.297195
0.297195
0.29777
0.297898
0.297898
0.297955
0.298027
0.298249
0.298249
0.298323
0.298442
0.298442
0.298742
0.298742
0.299172
0.299172
0.29948
0.30018
0.30018
0.300334
0.300412
0.300412
0.301451
0.301451
0.302508
0.30333
0.30333
0.303507
0.303905
0.304061
0.304061
0.304646
0.304646
0.304775
0.304775
0.304815
0.304815
0.30493
0.30493
0.30562
0.30562
0.305744
0.305744
0.30582
0.30582
0.306489
0.30723
0.307638
0.307638
0.307965
0.307965
0.3081
0.3081
0.309034
0.309481
0.309749
0.31068
0.311245
0.311644
0.311644
0.311779
0.311897
0.311897
0.312729
0.31289
0.31289
0.313975
0.313975
0.314076
0.314076
0.314541
0.31522
0.31522
0.315282
0.315282
0.315348
0.315348
0.315702
0.315841
0.316172
0.316172
0.316177
0.31655
0.31655
0.316877
0.316877
0.317375
0.317375
0.31751
0.31751
0.317847
0.318894
0.319542
0.320246
0.320246
0.32051
0.32051
0.321329
0.321367
0.321579
0.321579
0.321834
0.321834
0.322898
0.323574
0.323939
0.324609
0.324609
0.324894
0.325008
0.326042
0.326042
0.326078
0.326491
0.326733
0.326733
0.327247
0.327297
0.327297
0.327956
0.327956
0.328861
0.328872
0.330529
0.330985
0.330985
0.331185
0.331528
0.331778
0.331778
0.33235
0.333461
0.333497
0.334999
0.334999
0.335823
0.338073
0.338073
0.338249
0.338249
0.339491
0.339491
0.339562
0.339562
0.340673
0.340742
0.340751
0.340751
0.340862
0.340969
0.342167
0.3424
0.3424
0.342828
0.342978
0.342978
0.343714
0.343714
0.343787
0.343787
0.345442
0.346267
0.34661
0.346917
0.348449
0.348638
0.348638
0.348673
0.348724
0.349109
0.349908
0.350167
0.35074
0.350764
0.350811
0.350811
0.351206
0.351475
0.352156
0.352212
0.352212
0.352292
0.352414
0.352414
0.352959
0.352959
0.353017
0.353045
0.353976
0.353976
0.355105
0.356809
0.357697
0.358043
0.358043
0.35829
0.35829
0.359277
0.359277
0.359845
0.360128
0.360128
0.36035
0.36035
0.360572
0.361765
0.361765
0.362229
0.362486
0.362486
0.363834
0.363834
0.364097
0.364097
0.364179
0.364365
0.364619
0.364638
0.364638
0.365201
0.365423
0.365423
0.365855
0.366226
0.367036
0.36717
0.36717
0.369182
0.3699
0.3699
0.370884
0.372265
0.372387
0.372542
0.372718
0.372718
0.37406
0.374794
0.374794
0.375628
0.376525
0.376537
0.376537
0.376555
0.376605
0.377323
0.377684
0.378389
0.379944
0.379944
0.38007
0.380598
0.380598
0.381008
0.381125
0.38151
0.382895
0.382976
0.382976
0.383249
0.383569
0.383569
0.385055
0.385055
0.386289
0.386506
0.386506
0.386903
0.386903
0.387059
0.387145
0.387533
0.387533
0.38921
0.38921
0.389569
0.389569
0.389632
0.389906
0.389906
0.389925
0.389925
0.390243
0.39072
0.391045
0.393692
0.394338
0.394487
0.394677
0.394677
0.394732
0.394732
0.396661
0.397492
0.397782
0.397782
0.39803
0.398046
0.399355
0.399472
0.399805
0.400198
0.402343
0.402343
0.403319
0.404547
0.406278
0.406278
0.406697
0.407802
0.409318
0.409824
0.410421
0.41051
0.41051
0.411385
0.411599
0.411599
0.414069
0.414069
0.41431
0.414316
0.415741
0.416798
0.416798
0.418046
0.418046
0.418253
0.418508
0.418508
0.419428
0.419534
0.419792
0.419792
0.420389
0.420389
0.42071
0.42071
0.420993
0.421831
0.422529
0.422947
0.423289
0.423539
0.424233
0.425101
0.425101
0.426054
0.426054
0.426196
0.426265
0.426265
0.426352
0.427678
0.427678
0.427792
0.428426
0.4292
0.429324
0.429324
0.43021
0.430345
0.430515
0.431402
0.431402
0.433857
0.433892
0.434107
0.435719
0.435882
0.436033
0.43629
0.436916
0.436916
0.437016
0.437685
0.437931
0.4394
0.43973
0.440201
0.440561
0.440845
0.441216
0.441713
0.444245
0.445348
0.445348
0.448402
0.449041
0.44933
0.44933
0.449951
0.450846
0.450846
0.451101
0.45177
0.452797
0.455858
0.455921
0.456238
0.458414
0.458517
0.458825
0.459078
0.464135
0.464216
0.465948
0.465948
0.46684
0.468266
0.468266
0.468297
0.46918
0.470522
0.471165
0.471698
0.472149
0.472149
0.472495
0.473137
0.473137
0.474063
0.474063
0.474241
0.47432
0.476208
0.476208
0.477682
0.478278
0.478902
0.480604
0.480782
0.480837
0.481285
0.481956
0.482058
0.482058
0.483501
0.484834
0.487791
0.487791
0.488783
0.489734
0.489734
0.492313
0.492531
0.49379
0.494755
0.495329
0.495611
0.495735
0.496913
0.497875
0.498211
0.499317
0.499317
0.501452
0.504815
0.505788
0.506404
0.507791
0.510034
0.51043
0.510697
0.510911
0.512087
0.512722
0.51469
0.514942
0.516499
0.516618
0.516618
0.517411
0.519466
0.520266
0.520266
0.52086
0.52086
0.521727
0.522678
0.523817
0.523817
0.524312
0.524739
0.524907
0.52558
0.52762
0.52934
0.531803
0.531803
0.536761
0.538361
0.538361
0.538704
0.540958
0.540958
0.540987
0.544199
0.545849
0.546342
0.546802
0.547173
0.547235
0.549054
0.549322
0.550184
0.550184
0.553
0.555823
0.55618
0.556257
0.556836
0.558363
0.559753
0.55986
0.560087
0.561909
0.561998
0.562652
0.562812
0.563128
0.566044
0.566109
0.569804
0.569804
0.570847
0.577828
0.581428
0.58335
0.585149
0.586179
0.58626
0.587139
0.589022
0.591909
0.596489
0.596489
0.601431
0.604779
0.604779
0.606671
0.609481
0.609481
0.612274
0.61485
0.618593
0.618813
0.618994
0.622496
0.624444
0.625168
0.626057
0.626057
0.628087
0.631485
0.635653
0.636066
0.643833
0.646979
0.648222
0.649722
0.653069
0.654074
0.656776
0.658506
0.664203
0.664764
0.664764
0.672733
0.677328
0.678224
0.679243
0.67988
0.692581
0.701562
0.712396
0.715852
0.720822
0.723776
0.727415
0.728604
0.735009
0.739735
0.749195
0.749942
0.750435
0.750611
0.772412
0.782476
0.792668
0.792735
0.793936
0.800028
0.816571
0.834221
0.835271
0.835486
0.84268
0.84268
0.866498
0.870896
0.900306
0.912644
0.915653
0.917527
0.922708
0.922708
0.926419
0.931313
0.954751
0.966471
0.998005
1.041
1.11007
1.15765
