0.17
0.48
0.76
0.87
0.94
1.11
1.22
1.35
1.5
1.6
1.7
1.82
1.87
1.96
1.99
2.01
2.08
2.11
2.18
2.23
2.32
2.38
2.46
2.55
2.67
2.78
2.86
2.94
2.98
3.01
3.04
3.06
3.14
3.17
3.19
3.22
3.28
3.35
3.42
3.52
3.58
3.63
3.69
3.73
3.77
3.78
3.79
3.83
3.9
3.96
4
4.07
4.12
4.18
4.23
4.33
4.38
4.42
4.49
4.55
4.61
4.64
4.67
4.68
4.69
4.72
4.8
4.84
4.96
5
5.07
5.08
5.14
5.2
5.28
5.32
5.34
5.41
5.48
5.55
5.56
5.62
5.66
5.7
5.76
5.79
5.81
5.89
5.95
6.01
6.05
6.08
6.13
6.19
6.24
6.25
6.33
6.38
6.4
6.44
6.48
6.61
6.68
6.69
6.78
6.83
6.88
6.91
6.93
6.97
7.01
7.09
7.14
7.21
7.23
7.27
7.3
7.33
7.35
7.36
7.4
7.46
7.52
7.55
7.63
7.69
7.74
7.77
7.8
7.83
7.88
7.91
7.96
8
8.03
8.05
8.1
8.15
8.21
8.23
8.28
8.35
8.36
8.38
8.42
8.46
8.48
8.51
8.55
8.61
8.63
8.63
8.67
8.69
8.75
8.78
8.81
8.84
8.88
8.92
8.98
9.02
9.08
9.12
9.14
9.19
9.21
9.26
9.27
9.31
9.35
9.38
9.4
9.44
9.48
9.49
9.5
9.55
9.55
9.59
9.62
9.66
9.68
9.75
9.77
9.8
9.82
9.87
9.9
9.93
9.95
10
10.02
10.07
10.12
10.16
10.23
10.25
10.26
10.28
10.29
10.32
10.33
10.35
10.36
10.38
10.4
10.43
10.48
10.49
10.52
10.56
10.58
10.6
10.64
10.7
10.72
10.75
10.79
10.83
10.85
10.87
10.89
10.92
10.97
10.99
11.06
11.07
11.11
11.14
11.15
11.18
11.2
11.21
11.25
11.27
11.3
11.32
11.35
11.41
11.42
11.43
11.47
11.51
11.53
11.55
11.57
11.6
11.63
11.66
11.71
11.71
11.75
11.78
11.81
11.86
11.87
11.92
11.92
11.96
11.99
12.02
12.05
12.09
12.12
12.16
12.17
12.18
12.21
12.29
12.32
12.35
12.36
12.37
12.37
12.39
12.41
12.43
12.44
12.47
12.5
12.52
12.53
12.56
12.57
12.58
12.61
12.65
12.7
12.75
12.77
12.77
12.77
12.8
12.85
12.89
12.92
12.96
12.99
13.01
13.06
13.09
13.1
13.11
13.12
13.16
13.18
13.19
13.25
13.27
13.29
13.3
13.31
13.33
13.33
13.36
13.37
13.4
13.44
13.45
13.46
13.47
13.49
13.53
13.56
13.57
13.63
13.68
13.75
13.78
13.8
13.83
13.85
13.88
13.9
13.91
13.93
13.95
13.97
13.99
14.01
14.04
14.07
14.07
14.07
14.09
14.09
14.1
14.12
14.14
14.16
14.19
14.23
14.26
14.27
14.32
14.33
14.37
14.41
14.44
14.47
14.5
14.5
14.53
14.59
14.59
14.6
14.61
14.62
14.66
14.7
14.73
14.75
14.77
14.79
14.8
14.83
14.86
14.87
14.88
14.89
14.91
14.94
14.96
14.97
14.98
15.03
15.06
15.08
15.1
15.12
15.14
15.19
15.2
15.21
15.23
15.26
15.27
15.3
15.32
15.36
15.4
15.41
15.44
15.44
15.45
15.48
15.48
15.51
15.53
15.54
15.54
15.59
15.6
15.64
15.67
15.7
15.72
15.74
15.76
15.77
15.78
15.8
15.83
15.87
15.88
15.89
15.9
15.9
15.92
15.93
15.97
16
16.02
16.07
16.08
16.1
16.12
16.14
16.18
16.2
16.23
16.25
16.25
16.28
16.29
16.34
16.36
16.4
16.42
16.44
16.45
16.48
16.51
16.54
16.56
16.56
16.57
16.58
16.62
16.64
16.66
16.69
16.69
16.7
16.71
16.73
16.75
16.78
16.8
16.82
16.83
16.85
16.86
16.88
16.9
16.92
16.96
16.99
17.02
17.06
17.07
17.1
17.11
17.11
17.13
17.13
17.15
17.16
17.2
17.23
17.24
17.28
17.31
17.33
17.37
17.39
17.43
17.45
17.47
17.51
17.52
17.54
17.57
17.58
17.59
17.6
17.61
17.62
17.63
17.63
17.63
17.65
17.69
17.71
17.74
17.75
17.8
17.8
17.8
17.82
17.86
17.86
17.89
17.89
17.91
17.97
18.01
18.04
18.05
18.05
18.08
18.12
18.13
18.18
18.21
18.21
18.22
18.23
18.27
18.28
18.3
18.31
18.34
18.35
18.37
18.38
18.39
18.43
18.43
18.45
18.48
18.49
18.52
18.53
18.57
18.58
18.61
18.63
18.65
18.66
18.67
18.69
18.72
18.75
18.78
18.78
18.78
18.8
18.82
18.85
18.87
18.88
18.91
18.99
19.02
19.03
19.05
19.06
19.08
19.1
19.11
19.11
19.16
19.17
19.18
19.21
19.22
19.24
19.28
19.3
19.32
19.32
19.34
19.35
19.38
19.39
19.41
19.44
19.47
19.49
19.49
19.51
19.53
19.53
19.56
19.56
19.6
19.61
19.66
19.72
19.72
19.73
19.75
19.8
19.85
19.88
19.91
19.92
19.96
19.99
20.02
20.04
20.04
20.05
20.07
20.08
20.08
20.09
20.12
20.13
20.16
20.18
20.19
20.21
20.24
20.25
20.27
20.29
20.3
20.32
20.36
20.37
20.4
20.44
20.45
20.5
20.5
20.5
20.53
20.56
20.57
20.58
20.59
20.63
20.65
20.65
20.66
20.71
20.71
20.72
20.76
20.8
20.83
20.84
20.86
20.93
20.96
20.98
20.99
21.02
21.04
21.06
21.08
21.12
21.14
21.18
21.2
21.21
21.22
21.23
21.25
21.26
21.3
21.32
21.35
21.38
21.39
21.44
21.46
21.46
21.48
21.5
21.5
21.52
21.53
21.55
21.57
21.57
21.58
21.59
21.61
21.64
21.67
21.7
21.76
21.83
21.85
21.87
21.92
21.94
21.97
21.99
22.02
22.03
22.06
22.11
22.12
22.15
22.16
22.16
22.17
22.18
22.21
22.23
22.24
22.26
22.28
22.31
22.33
22.35
22.41
22.43
22.46
22.52
22.52
22.56
22.59
22.62
22.66
22.7
22.75
22.8
22.82
22.84
22.85
22.88
22.89
22.92
22.93
22.96
22.98
23
23
23.01
23.05
23.06
23.09
23.13
23.13
23.16
23.21
23.24
23.28
23.3
23.37
23.42
23.43
23.47
23.49
23.51
23.54
23.55
23.62
23.62
23.64
23.66
23.66
23.7
23.75
23.78
23.79
23.82
23.85
23.89
23.94
23.96
23.98
24.04
24.07
24.1
24.14
24.17
24.2
24.24
24.25
24.28
24.31
24.33
24.34
24.37
24.39
24.39
24.4
24.42
24.47
24.49
24.53
24.55
24.58
24.62
24.69
24.73
24.77
24.81
24.84
24.88
24.9
24.92
24.95
24.97
25.02
25.05
25.08
25.11
25.15
25.2
25.22
25.27
25.3
25.35
25.37
25.41
25.45
25.48
25.51
25.55
25.6
25.63
25.67
25.7
25.71
25.76
25.79
25.8
25.81
25.85
25.89
25.89
25.96
25.97
26
26.06
26.11
26.19
26.22
26.25
26.34
26.42
26.44
26.49
26.52
26.56
26.58
26.59
26.6
26.64
26.64
26.67
26.71
26.77
26.83
26.86
26.91
26.97
27.01
27.05
27.14
27.23
27.29
27.34
27.36
27.38
27.4
27.43
27.44
27.46
27.51
27.55
27.58
27.66
27.68
27.76
27.84
27.87
27.92
27.95
28.05
28.08
28.12
28.14
28.17
28.23
28.27
28.35
28.41
28.47
28.55
28.62
28.64
28.7
28.73
28.77
28.84
28.87
28.92
28.96
29.01
29.08
29.15
29.18
29.26
29.31
29.41
29.45
29.46
29.51
29.59
29.63
29.74
29.81
29.87
29.92
29.96
30.06
30.15
30.21
30.29
30.32
30.39
30.49
30.56
30.67
30.75
30.79
30.81
30.9
30.96
31.05
31.08
31.15
31.22
31.34
31.45
31.59
31.72
31.8
31.86
31.94
32.04
32.19
32.27
32.33
32.47
32.57
32.71
32.79
32.92
33.02
33.2
33.32
33.49
33.61
33.75
33.92
34.08
34.26
34.35
34.51
34.67
34.86
35.06
35.28
35.42
35.66
35.97
36.17
36.44
36.83
37.17
37.44
37.76
38.28
38.71
39.13
39.65
40.2
41.2
42.51
44.33
