0.328
0.328
0.328
0.328
0.328
0.328
0.328
0.328
0.328
0.328
0.328
0.328
0.33
0.33
0.33
0.332
0.332
0.332
0.332
0.333
0.335
0.335
0.337
0.337
0.339
0.339
0.341
0.343
0.345
0.346
0.349
0.351
0.352
0.355
0.358
0.36
0.364
0.365
0.372
0.377
0.379
0.384
0.389
0.391
0.395
0.404
0.409
0.416
0.423
0.427
0.434
0.439
0.443
0.448
0.449
0.453
0.456
0.462
0.466
0.468
0.469
0.477
0.481
0.488
0.494
0.499
0.507
0.512
0.517
0.525
0.532
0.533
0.537
0.541
0.545
0.548
0.551
0.555
0.562
0.566
0.57
0.579
0.588
0.593
0.602
0.607
0.612
0.619
0.625
0.631
0.637
0.64
0.644
0.649
0.654
0.657
0.663
0.67
0.675
0.679
0.684
0.689
0.697
0.71
0.717
0.72
0.729
0.737
0.741
0.743
0.746
0.752
0.759
0.765
0.772
0.779
0.786
0.792
0.801
0.81
0.815
0.824
0.827
0.835
0.844
0.852
0.857
0.863
0.871
0.876
0.886
0.894
0.897
0.908
0.915
0.924
0.93
0.939
0.947
0.952
0.96
0.968
0.981
0.989
0.995
1.005
1.011
1.02
1.026
1.037
1.049
1.059
1.067
1.077
1.083
1.09
1.096
1.104
1.11
1.12
1.133
1.139
1.149
1.158
1.165
1.176
1.184
1.194
1.205
1.214
1.226
1.236
1.245
1.259
1.268
1.275
1.282
1.295
1.306
1.32
1.33
1.347
1.364
1.375
1.383
1.394
1.403
1.421
1.437
1.445
1.453
1.469
1.486
1.497
1.511
1.524
1.535
1.552
1.571
1.581
1.6
1.614
1.63
1.647
1.657
1.678
1.697
1.714
1.724
1.754
1.776
1.798
1.817
1.836
1.864
1.883
1.9
1.918
1.938
1.957
1.975
1.991
2.015
2.043
2.064
2.083
2.108
2.14
2.17
2.196
2.234
2.268
2.303
2.338
2.39
2.461
2.528
2.604
2.675
2.752
2.867
2.949
3.027
3.381
3.591
4.057
4.287
4.534
4.792
5.017
