0.32
0.47
0.53
0.63
0.69
0.73
0.73
0.75
0.78
0.83
0.88
0.91
1.01
1.05
1.12
1.17
1.23
1.26
1.29
1.33
1.38
1.39
1.44
1.44
1.45
1.48
1.52
1.52
1.54
1.56
1.61
1.63
1.65
1.68
1.74
1.8
1.84
1.85
1.88
1.9
1.92
1.94
1.96
1.97
2.07
2.07
2.08
2.11
2.16
2.19
2.2
2.23
2.26
2.29
2.31
2.33
2.33
2.36
2.38
2.4
2.41
2.44
2.5
2.53
2.54
2.57
2.62
2.65
2.68
2.7
2.76
2.8
2.84
2.88
2.93
2.94
3.01
3.05
3.05
3.07
3.07
3.13
3.18
3.22
3.24
3.29
3.31
3.32
3.35
3.41
3.44
3.45
3.48
3.54
3.58
3.6
3.65
3.7
3.71
3.75
3.79
3.85
3.87
3.9
3.94
3.99
4.02
4.03
4.06
4.09
4.1
4.12
4.14
4.19
4.2
4.24
4.25
4.28
4.35
4.39
4.42
4.47
4.53
4.55
4.57
4.6
4.63
4.73
4.75
4.81
4.84
4.93
5.0
5.06
5.11
5.13
5.15
5.19
5.24
5.27
5.31
5.35
5.41
5.45
5.48
5.54
5.59
5.63
5.7
5.78
5.83
5.89
5.91
5.95
6.05
6.11
6.15
6.25
6.27
6.35
6.41
6.49
6.57
6.65
6.74
6.8
6.9
7.01
7.13
7.25
7.42
7.5
7.59
7.72
7.89
8.06
8.19
8.32
8.51
8.69
8.89
9.07
9.2
9.47
9.67
10.0
10.26
10.59
11.02
11.44
11.88
12.24
12.84
13.3
14.05
14.94
17.0
18.8
22.02
29.76
