0.157829
0.157829
0.169513
0.169513
0.177033
0.177263
0.187366
0.187775
0.197067
0.197833
0.205412
0.208989
0.217906
0.219739
0.229008
0.230641
0.240241
0.241132
0.248994
0.249829
0.255779
0.25773
0.263561
0.265553
0.271752
0.274549
0.28104
0.284524
0.288199
0.292569
0.296501
0.301046
0.305274
0.308665
0.313176
0.315341
0.318742
0.321726
0.325449
0.328498
0.331401
0.334285
0.337292
0.341517
0.344706
0.346957
0.349565
0.35311
0.356419
0.35918
0.362662
0.366355
0.369085
0.372192
0.374963
0.377949
0.380694
0.383384
0.386448
0.389328
0.391676
0.39454
0.397086
0.399256
0.40154
0.404093
0.40691
0.409654
0.411411
0.413878
0.415498
0.41753
0.420241
0.423206
0.424813
0.427053
0.429275
0.431777
0.433951
0.436547
0.438582
0.441123
0.443696
0.446468
0.448621
0.451034
0.453435
0.455755
0.459483
0.462181
0.465087
0.468196
0.470917
0.47427
0.477554
0.480809
0.484148
0.487817
0.491793
0.494603
0.498121
0.50202
0.505693
0.509344
0.513239
0.516835
0.520249
0.525717
0.530014
0.534456
0.538375
0.543025
0.546025
0.550341
0.553895
0.559705
0.563416
0.566824
0.570809
0.576317
0.580181
0.583958
0.588035
0.591669
0.595073
0.599308
0.603562
0.607168
0.611256
0.614993
0.618866
0.623162
0.62672
0.630254
0.633838
0.637008
0.640894
0.644428
0.648679
0.651434
0.655897
0.660192
0.663401
0.666989
0.671118
0.675401
0.679253
0.682589
0.686985
0.691249
0.694725
0.69924
0.701592
0.703947
0.707098
0.711167
0.71448
0.717955
0.721004
0.724064
0.727429
0.730904
0.735067
0.738251
0.740739
0.744157
0.747384
0.751106
0.754307
0.758942
0.762205
0.766071
0.770015
0.773354
0.77781
0.78182
0.785918
0.790444
0.795272
0.800761
0.806386
0.81129
0.816967
0.822665
0.829166
0.836338
0.841371
0.848916
0.856148
0.862806
0.868624
0.874613
0.881751
0.889121
0.894802
0.900962
0.906225
0.913932
0.921342
0.928966
0.935991
0.943006
0.948626
0.955138
0.961771
0.968391
0.97479
0.981186
0.988206
0.995368
1.00231
1.0115
1.02013
1.02991
1.04144
1.05056
1.0628
1.07685
1.08994
1.10492
1.11791
1.13234
1.14773
1.16465
1.17845
1.1934
1.20395
1.21891
1.23225
1.24583
1.26182
1.27642
1.29516
1.31198
1.32942
1.34785
1.36699
1.38845
1.41124
1.43
1.45337
1.48789
1.54489
1.59994
1.66958
1.70973
1.74182
1.78265
1.85289
2.14447
