0.153714
0.153714
0.195145
0.209438
0.209438
0.219518
0.219518
0.224123
0.224123
0.231669
0.231669
0.232156
0.232156
0.234398
0.234398
0.26477
0.26477
0.265108
0.265108
0.266213
0.27346
0.27346
0.275449
0.275449
0.285155
0.285155
0.285877
0.285877
0.289418
0.289418
0.289775
0.292543
0.292543
0.300167
0.300167
0.30653
0.30653
0.308356
0.308356
0.308542
0.308542
0.309959
0.309959
0.312133
0.312133
0.312304
0.312304
0.321128
0.321128
0.325271
0.331368
0.331368
0.331433
0.331433
0.331755
0.331755
0.33439
0.339464
0.339475
0.339475
0.344409
0.344409
0.344568
0.344568
0.344958
0.344958
0.347372
0.347372
0.353709
0.353709
0.355696
0.355696
0.365402
0.365402
0.371614
0.371614
0.375016
0.375016
0.376327
0.37801
0.37801
0.37925
0.37925
0.382179
0.382179
0.383852
0.383852
0.385138
0.387739
0.395491
0.397386
0.397386
0.406085
0.406085
0.417984
0.420161
0.420161
0.421176
0.421176
0.421793
0.424313
0.424313
0.431159
0.431159
0.435091
0.435091
0.436315
0.436315
0.437211
0.437211
0.437646
0.437646
0.445402
0.445402
0.447889
0.450451
0.455914
0.458968
0.458968
0.47197
0.47197
0.475384
0.475384
0.485338
0.485338
0.48918
0.48947
0.48947
0.491494
0.491494
0.494682
0.494682
0.4956
0.4956
0.49789
0.49789
0.498356
0.513965
0.517373
0.520335
0.520335
0.523716
0.524892
0.524892
0.529191
0.529191
0.530018
0.530018
0.532731
0.532731
0.535361
0.535361
0.555033
0.555641
0.555641
0.557252
0.563907
0.563907
0.564466
0.564466
0.568214
0.568627
0.569336
0.569336
0.578367
0.578367
0.582004
0.583244
0.593975
0.593975
0.596405
0.596405
0.596626
0.596626
0.598175
0.600314
0.60386
0.604407
0.604407
0.609686
0.61013
0.623918
0.623918
0.634912
0.634912
0.640626
0.640626
0.647621
0.650376
0.650376
0.65326
0.65326
0.658044
0.660247
0.660698
0.660698
0.660807
0.660807
0.66683
0.66683
0.668901
0.673251
0.675412
0.675412
0.683901
0.684445
0.685165
0.687209
0.689473
0.689473
0.693203
0.693203
0.693779
0.693779
0.695293
0.696899
0.702386
0.703293
0.703988
0.704045
0.707553
0.708784
0.708784
0.7101
0.721367
0.723632
0.723632
0.728854
0.731437
0.736272
0.736272
0.744654
0.757019
0.761911
0.768691
0.76884
0.76884
0.773599
0.783828
0.785506
0.786501
0.805126
0.805126
0.806034
0.80636
0.839844
0.839844
0.849433
0.860023
0.881355
0.889308
0.889308
0.892836
0.907623
0.908705
0.913866
0.942708
0.942708
0.946598
0.964242
0.964242
0.964805
0.97069
0.970787
0.976714
0.982252
0.982252
0.983213
0.983213
0.989458
0.989473
1.01069
1.02348
1.03653
1.04073
1.04811
1.06763
1.06903
1.0735
1.0735
1.08008
1.098
1.13369
1.13672
1.17145
1.19304
1.24143
1.24754
1.24754
1.26065
1.33542
1.34329
1.35198
1.37014
1.37222
1.37667
1.37667
1.40246
1.57262
1.73821
