0.15514
0.15514
0.15609
0.15609
0.164852
0.164852
0.189488
0.189488
0.201284
0.201284
0.202499
0.202499
0.2097
0.2097
0.210662
0.210662
0.222398
0.222398
0.226886
0.226886
0.229055
0.229055
0.229844
0.230153
0.230153
0.236708
0.236708
0.238736
0.238736
0.245633
0.245633
0.245663
0.245663
0.247555
0.247555
0.249562
0.249562
0.252913
0.252913
0.260223
0.260223
0.263525
0.263525
0.269005
0.269005
0.276122
0.279941
0.279941
0.28069
0.28069
0.281575
0.283405
0.283405
0.28373
0.28373
0.289067
0.289067
0.292335
0.292335
0.294621
0.294621
0.296066
0.297053
0.297053
0.302093
0.302093
0.305575
0.315729
0.315729
0.316666
0.316666
0.317002
0.317002
0.317818
0.317818
0.318357
0.318927
0.318927
0.32694
0.33482
0.336278
0.336278
0.339985
0.339985
0.340074
0.340074
0.344199
0.344199
0.345551
0.345551
0.348854
0.348854
0.350162
0.350162
0.353801
0.353801
0.355443
0.355443
0.358032
0.358032
0.360903
0.360903
0.361353
0.361353
0.363956
0.363956
0.364084
0.364084
0.366113
0.366113
0.369364
0.369364
0.370461
0.371631
0.374519
0.377645
0.377645
0.379119
0.379119
0.382851
0.38764
0.397328
0.397328
0.402819
0.402819
0.402887
0.402887
0.40726
0.409217
0.409234
0.409234
0.409343
0.409343
0.410874
0.414966
0.417696
0.418091
0.420269
0.420291
0.420291
0.422011
0.424031
0.428032
0.432531
0.436721
0.436721
0.440854
0.440854
0.444576
0.446067
0.453032
0.453032
0.461871
0.465942
0.465942
0.465945
0.466021
0.466021
0.472897
0.472897
0.474175
0.477624
0.47794
0.479654
0.479654
0.48096
0.48096
0.481624
0.485068
0.487496
0.488785
0.490512
0.490512
0.491549
0.496309
0.496309
0.498824
0.498824
0.50128
0.501744
0.505125
0.505125
0.518479
0.520956
0.525676
0.525676
0.525895
0.526479
0.526479
0.527092
0.527649
0.527649
0.528487
0.528487
0.532163
0.534266
0.540226
0.540226
0.542647
0.544813
0.550795
0.564041
0.570607
0.572321
0.572321
0.574295
0.574295
0.575148
0.579813
0.579813
0.581341
0.585257
0.585257
0.58588
0.586797
0.586797
0.587051
0.595237
0.595952
0.597984
0.598095
0.602621
0.610094
0.612882
0.612882
0.614233
0.614899
0.61848
0.621639
0.621639
0.621846
0.624266
0.624266
0.6253
0.627006
0.627006
0.62708
0.62708
0.628733
0.629873
0.632968
0.633872
0.636164
0.63674
0.649527
0.649527
0.650178
0.657151
0.657292
0.659246
0.661608
0.661608
0.66743
0.675664
0.675664
0.676947
0.68216
0.68216
0.689461
0.689461
0.696133
0.705028
0.705114
0.705385
0.707587
0.711921
0.712925
0.71988
0.71988
0.720567
0.732351
0.733799
0.733799
0.734264
0.734264
0.734414
0.73533
0.739814
0.7431
0.7431
0.749569
0.749569
0.778997
0.778997
0.78303
0.783443
0.783896
0.792462
0.796996
0.801724
0.803935
0.803935
0.823964
0.836481
0.845952
0.845952
0.848469
0.848469
0.851527
0.851527
0.851658
0.851812
0.853714
0.862412
0.862412
0.864198
0.867185
0.86884
0.888872
0.889768
0.906002
0.909403
0.909497
0.91351
0.919069
0.92422
0.929307
0.934679
0.937842
0.953934
0.97036
0.970422
0.976581
0.981183
0.981183
0.986828
1.00621
1.02583
1.02583
1.03017
1.04056
1.04056
1.05026
1.05026
1.05245
1.08482
1.11843
1.15836
1.15836
1.15931
1.18136
1.21936
1.22357
1.2726
1.27682
1.33028
1.46174
1.54292
1.62007
1.68894
