0.328
0.328
0.328
0.328
0.328
0.328
0.328
0.328
0.328
0.328
0.328
0.328
0.328
0.329
0.329
0.33
0.331
0.331
0.332
0.332
0.332
0.332
0.332
0.333
0.334
0.334
0.334
0.334
0.334
0.335
0.336
0.336
0.336
0.337
0.337
0.337
0.337
0.337
0.34
0.341
0.342
0.343
0.343
0.344
0.345
0.345
0.346
0.349
0.352
0.354
0.356
0.356
0.357
0.358
0.359
0.362
0.362
0.363
0.365
0.369
0.371
0.375
0.376
0.38
0.383
0.387
0.389
0.391
0.398
0.403
0.407
0.41
0.417
0.421
0.423
0.427
0.434
0.438
0.441
0.444
0.446
0.451
0.454
0.455
0.456
0.458
0.459
0.46
0.462
0.462
0.463
0.465
0.466
0.468
0.47
0.473
0.475
0.482
0.487
0.492
0.499
0.502
0.51
0.511
0.518
0.521
0.524
0.529
0.53
0.536
0.539
0.54
0.545
0.548
0.552
0.556
0.557
0.564
0.569
0.574
0.581
0.585
0.591
0.594
0.597
0.598
0.599
0.603
0.607
0.61
0.617
0.625
0.63
0.634
0.639
0.642
0.649
0.656
0.66
0.664
0.666
0.668
0.673
0.678
0.682
0.685
0.688
0.697
0.702
0.705
0.711
0.715
0.72
0.725
0.727
0.734
0.738
0.742
0.746
0.751
0.756
0.76
0.768
0.775
0.783
0.787
0.796
0.799
0.802
0.803
0.807
0.811
0.816
0.827
0.835
0.839
0.846
0.849
0.852
0.857
0.866
0.873
0.878
0.884
0.889
0.897
0.905
0.908
0.91
0.916
0.921
0.929
0.936
0.939
0.949
0.952
0.957
0.965
0.971
0.979
0.986
0.99
1.003
1.009
1.011
1.014
1.025
1.031
1.035
1.039
1.045
1.05
1.055
1.062
1.072
1.078
1.092
1.103
1.112
1.116
1.126
1.132
1.135
1.136
1.141
1.152
1.159
1.165
1.172
1.182
1.187
1.193
1.199
1.205
1.21
1.217
1.223
1.229
1.24
1.249
1.258
1.266
1.277
1.287
1.291
1.299
1.307
1.31
1.321
1.329
1.339
1.348
1.359
1.362
1.38
1.383
1.386
1.392
1.404
1.412
1.423
1.433
1.438
1.443
1.456
1.469
1.484
1.488
1.498
1.506
1.513
1.522
1.534
1.549
1.559
1.57
1.575
1.585
1.592
1.604
1.61
1.624
1.633
1.639
1.649
1.661
1.672
1.684
1.697
1.702
1.717
1.724
1.734
1.744
1.755
1.774
1.784
1.793
1.806
1.822
1.831
1.849
1.868
1.877
1.886
1.906
1.92
1.934
1.946
1.958
1.979
1.998
2.013
2.024
2.038
2.052
2.065
2.081
2.101
2.113
2.13
2.144
2.163
2.181
2.207
2.226
2.247
2.267
2.292
2.32
2.343
2.369
2.405
2.454
2.497
2.537
2.581
2.643
2.698
2.755
2.824
2.914
3.006
3.171
3.361
3.599
3.736
4.028
4.35
4.613
