0.328
0.328
0.328
0.328
0.328
0.328
0.328
0.328
0.328
0.328
0.328
0.328
0.328
0.328
0.328
0.328
0.328
0.329
0.329
0.329
0.33
0.331
0.332
0.332
0.332
0.333
0.336
0.338
0.345
0.347
0.351
0.351
0.353
0.358
0.359
0.361
0.364
0.365
0.37
0.372
0.377
0.38
0.384
0.387
0.39
0.392
0.393
0.395
0.398
0.406
0.411
0.412
0.415
0.42
0.426
0.431
0.438
0.44
0.446
0.452
0.454
0.458
0.465
0.477
0.484
0.487
0.489
0.492
0.497
0.503
0.508
0.511
0.515
0.52
0.524
0.526
0.533
0.535
0.539
0.546
0.549
0.553
0.558
0.567
0.574
0.578
0.582
0.586
0.588
0.593
0.599
0.606
0.61
0.618
0.623
0.627
0.634
0.639
0.646
0.649
0.654
0.664
0.671
0.679
0.691
0.696
0.705
0.707
0.712
0.715
0.72
0.722
0.726
0.729
0.736
0.739
0.743
0.755
0.761
0.769
0.775
0.782
0.791
0.798
0.8
0.806
0.811
0.814
0.822
0.829
0.836
0.844
0.848
0.854
0.86
0.865
0.871
0.876
0.879
0.885
0.89
0.895
0.9
0.906
0.917
0.924
0.932
0.939
0.943
0.95
0.957
0.961
0.965
0.968
0.975
0.98
0.987
0.994
1.002
1.008
1.021
1.031
1.037
1.044
1.045
1.047
1.05
1.058
1.062
1.074
1.08
1.091
1.099
1.104
1.112
1.119
1.124
1.127
1.136
1.145
1.152
1.157
1.166
1.178
1.181
1.187
1.19
1.197
1.203
1.211
1.215
1.219
1.227
1.238
1.249
1.257
1.263
1.268
1.279
1.287
1.294
1.302
1.306
1.317
1.324
1.335
1.339
1.346
1.351
1.355
1.362
1.371
1.375
1.389
1.401
1.411
1.418
1.423
1.432
1.44
1.449
1.454
1.463
1.476
1.483
1.491
1.499
1.507
1.517
1.524
1.537
1.551
1.556
1.56
1.566
1.581
1.59
1.6
1.617
1.621
1.628
1.637
1.647
1.658
1.667
1.677
1.691
1.699
1.708
1.721
1.734
1.745
1.751
1.759
1.776
1.785
1.798
1.814
1.823
1.834
1.85
1.866
1.884
1.896
1.908
1.924
1.943
1.965
1.98
1.995
2.017
2.036
2.063
2.086
2.115
2.138
2.169
2.193
2.234
2.267
2.302
2.355
2.405
2.454
2.495
2.543
2.611
2.686
2.741
2.835
2.907
3.027
3.116
3.216
3.347
3.444
3.683
3.967
4.235
4.636
