0.153255
0.153255
0.167375
0.167375
0.169191
0.169191
0.169262
0.169262
0.171069
0.171069
0.182405
0.182405
0.184046
0.184046
0.192963
0.192963
0.20144
0.20144
0.204401
0.204442
0.204442
0.219851
0.219851
0.220939
0.220939
0.221012
0.222316
0.222316
0.225003
0.225003
0.230789
0.230789
0.237495
0.237495
0.237629
0.237629
0.241696
0.248139
0.248139
0.254003
0.254003
0.260893
0.260893
0.261827
0.261827
0.272142
0.272142
0.272227
0.272227
0.280033
0.280033
0.284511
0.284511
0.28656
0.28656
0.288964
0.288964
0.290661
0.290661
0.29231
0.29231
0.297978
0.297978
0.304416
0.306594
0.306594
0.312488
0.312488
0.312534
0.312534
0.31377
0.31377
0.314879
0.314879
0.317647
0.317781
0.317963
0.317963
0.324097
0.324097
0.324115
0.324115
0.32782
0.32782
0.332454
0.332454
0.335952
0.335952
0.336468
0.336468
0.337811
0.337811
0.339336
0.339336
0.340422
0.340422
0.341783
0.341783
0.341881
0.341881
0.350233
0.350233
0.350857
0.350857
0.35187
0.35187
0.352456
0.352456
0.352864
0.352864
0.352998
0.353141
0.353141
0.359008
0.359008
0.359721
0.359721
0.362894
0.368076
0.368076
0.369128
0.369128
0.369734
0.369734
0.369806
0.369806
0.370317
0.372555
0.372555
0.374335
0.377175
0.379463
0.379463
0.38379
0.386841
0.386841
0.387523
0.38881
0.390553
0.392347
0.394313
0.394378
0.400552
0.400552
0.400955
0.400955
0.404793
0.407112
0.407112
0.410575
0.410575
0.413434
0.415231
0.415669
0.415669
0.417168
0.417168
0.418028
0.418304
0.418304
0.418561
0.418561
0.419158
0.419648
0.424518
0.424518
0.425002
0.425002
0.426779
0.426779
0.427344
0.427344
0.427686
0.427686
0.428232
0.428232
0.428416
0.428416
0.429772
0.43101
0.432512
0.432512
0.443602
0.444227
0.444227
0.445744
0.44619
0.44657
0.44657
0.45095
0.45095
0.454395
0.454395
0.458147
0.4592
0.4592
0.460447
0.463719
0.465966
0.465966
0.466503
0.466655
0.469467
0.469467
0.471182
0.471182
0.474358
0.47625
0.478344
0.478344
0.478658
0.478658
0.482143
0.482143
0.486563
0.487659
0.487659
0.489311
0.496322
0.500128
0.500593
0.501179
0.501548
0.504077
0.507237
0.511705
0.511705
0.513166
0.513359
0.513828
0.513828
0.517405
0.517405
0.519124
0.521603
0.521603
0.523857
0.524074
0.525061
0.526408
0.526408
0.527117
0.527117
0.531999
0.5332
0.534972
0.539164
0.539297
0.547496
0.551552
0.552256
0.552256
0.552319
0.552319
0.552719
0.553958
0.555033
0.555794
0.555794
0.556559
0.556559
0.559029
0.559029
0.56052
0.567586
0.567586
0.569796
0.570116
0.571243
0.57314
0.57333
0.57333
0.576612
0.57729
0.577378
0.578847
0.579746
0.580348
0.585822
0.585822
0.586314
0.591329
0.595675
0.59799
0.602934
0.602934
0.606045
0.613814
0.614073
0.615344
0.615344
0.616619
0.61725
0.61725
0.620104
0.620464
0.620464
0.621041
0.622108
0.62275
0.624151
0.6245
0.627536
0.636625
0.636625
0.639999
0.646823
0.651479
0.651479
0.655072
0.661707
0.663266
0.663266
0.664292
0.664292
0.667345
0.670824
0.671228
0.675684
0.675684
0.677522
0.681435
0.687482
0.695439
0.696507
0.696507
0.699133
0.706847
0.714816
0.714816
0.715224
0.715224
0.720283
0.724218
0.728769
0.728769
0.732833
0.73563
0.747178
0.749794
0.751253
0.762321
0.762641
0.769386
0.779536
0.782988
0.783425
0.795927
0.795927
0.803645
0.822241
0.823956
0.823956
0.824446
0.826993
0.829751
0.842153
0.84401
0.845278
0.845278
0.846464
0.860978
0.862371
0.862371
0.864884
0.872211
0.87709
0.881848
0.88975
0.896185
0.896783
0.896783
0.899711
0.901166
0.912052
0.912052
0.933199
0.944311
0.944542
0.947948
0.967719
0.977649
0.980072
0.980072
0.997127
1.009
1.0275
1.03414
1.04077
1.0492
1.07263
1.11119
1.1669
1.17054
1.17194
1.21645
1.30734
1.4265
1.75584
1.85004
