0.153058
0.153058
0.155737
0.155737
0.159674
0.159674
0.163831
0.163831
0.16749
0.16749
0.172309
0.172324
0.176658
0.176784
0.180708
0.181242
0.185334
0.185589
0.189491
0.189841
0.193852
0.194307
0.197948
0.198579
0.201954
0.2027
0.205974
0.206917
0.209434
0.210868
0.213984
0.215216
0.218384
0.21969
0.221779
0.222737
0.225414
0.226321
0.228962
0.230143
0.232071
0.233315
0.235744
0.237264
0.239126
0.240626
0.242314
0.243412
0.245314
0.246814
0.248436
0.250075
0.251881
0.253264
0.254498
0.255793
0.256953
0.258304
0.259542
0.261086
0.262604
0.263657
0.265459
0.266991
0.267878
0.269116
0.270498
0.271779
0.273328
0.274552
0.27576
0.277595
0.278812
0.280367
0.281146
0.282851
0.284255
0.285465
0.286462
0.287478
0.288661
0.289862
0.291396
0.292751
0.29366
0.294841
0.295922
0.297222
0.2985
0.299923
0.301032
0.302077
0.302979
0.304261
0.305524
0.306796
0.307791
0.309173
0.310222
0.311249
0.312365
0.313609
0.314496
0.315548
0.316794
0.317788
0.318901
0.320026
0.321051
0.322269
0.323305
0.32457
0.325791
0.326689
0.327737
0.328901
0.330043
0.331281
0.332295
0.333284
0.333994
0.335145
0.336218
0.337415
0.338282
0.33931
0.340266
0.34115
0.341867
0.342972
0.343775
0.344728
0.345617
0.346422
0.347199
0.347929
0.348944
0.349847
0.350786
0.351608
0.352785
0.353474
0.354454
0.355339
0.356309
0.357115
0.357967
0.358901
0.359704
0.360611
0.36138
0.362232
0.363168
0.364236
0.365244
0.366145
0.367216
0.368251
0.368979
0.369818
0.370506
0.371395
0.372135
0.373046
0.373999
0.374808
0.37561
0.376402
0.377294
0.378192
0.379163
0.380038
0.380893
0.381732
0.382573
0.383406
0.384615
0.385639
0.386794
0.388121
0.38912
0.390035
0.390996
0.392219
0.393142
0.39431
0.395331
0.396446
0.397319
0.398372
0.399261
0.400147
0.40131
0.402507
0.403447
0.40467
0.405707
0.406804
0.407872
0.408848
0.409913
0.410882
0.412125
0.413056
0.414065
0.415044
0.416192
0.417378
0.418667
0.419573
0.420539
0.421533
0.422574
0.423915
0.424944
0.426222
0.427483
0.428306
0.429355
0.430345
0.431888
0.432856
0.434006
0.435493
0.436744
0.437514
0.438998
0.440074
0.441392
0.442849
0.444126
0.445135
0.446256
0.447403
0.448513
0.449717
0.450934
0.452127
0.453253
0.454363
0.455284
0.456402
0.457478
0.458712
0.459751
0.460976
0.462287
0.463751
0.464881
0.466118
0.467189
0.468305
0.469788
0.470843
0.472415
0.473548
0.474746
0.476567
0.477797
0.47926
0.480636
0.482048
0.48358
0.485044
0.486739
0.488505
0.490156
0.491437
0.49322
0.494791
0.496221
0.497664
0.499482
0.501413
0.502855
0.504402
0.506248
0.507453
0.509342
0.511361
0.512596
0.514475
0.516178
0.517788
0.51937
0.521303
0.522925
0.525106
0.526828
0.528849
0.530486
0.532313
0.534119
0.536246
0.537737
0.53991
0.54142
0.543555
0.545805
0.54754
0.549611
0.551444
0.553414
0.554989
0.556699
0.558829
0.560626
0.562486
0.564266
0.566609
0.568298
0.570119
0.572105
0.573943
0.576178
0.578298
0.580477
0.582537
0.585026
0.586813
0.588945
0.591015
0.593336
0.595092
0.596837
0.598692
0.600874
0.603224
0.605381
0.607478
0.609654
0.611924
0.613657
0.616445
0.618751
0.620541
0.622797
0.624943
0.627273
0.629256
0.631361
0.633728
0.635846
0.637994
0.64066
0.643303
0.645705
0.648186
0.650835
0.653247
0.65565
0.65775
0.660208
0.66226
0.664586
0.666961
0.669149
0.670938
0.673273
0.675854
0.678887
0.680623
0.682465
0.684362
0.685891
0.687913
0.69048
0.692541
0.694972
0.697651
0.699577
0.702117
0.705175
0.708161
0.71113
0.714287
0.717354
0.719839
0.7229
0.726407
0.729328
0.732537
0.736236
0.740117
0.743333
0.746477
0.750108
0.753611
0.757135
0.760336
0.764653
0.769126
0.77377
0.778557
0.782752
0.787489
0.790982
0.795461
0.800367
0.805273
0.809108
0.81392
0.818675
0.822555
0.826925
0.832026
0.836954
0.841888
0.845451
0.851207
0.856504
0.860713
0.866703
0.873489
0.879805
0.886833
0.892456
0.899014
0.906594
0.912931
0.919979
0.927769
0.933811
0.943461
0.950837
0.958919
0.968089
0.97507
0.983068
0.993304
1.00377
1.01213
1.02236
1.03265
1.04286
1.05642
1.06868
1.08258
1.10138
1.12132
1.1416
1.16984
1.19326
1.22747
1.26608
1.33519
1.39874
1.52233
1.69382
1.77304
