0.03
0.09
0.17
0.32
0.42
0.51
0.53
0.58
0.63
0.71
0.77
0.81
0.85
0.86
0.88
0.9
0.91
0.93
0.96
0.97
1.01
1.04
1.04
1.04
1.04
1.04
1.04
1.04
1.06
1.07
1.09
1.09
1.09
1.1
1.13
1.13
1.14
1.17
1.19
1.21
1.23
1.24
1.26
1.29
1.32
1.34
1.35
1.37
1.41
1.43
1.47
1.51
1.55
1.58
1.6
1.6
1.64
1.66
1.67
1.73
1.76
1.79
1.83
1.86
1.87
1.88
1.91
1.92
1.93
1.96
1.98
1.99
2.0
2.02
2.03
2.05
2.06
2.09
2.1
2.11
2.12
2.12
2.13
2.15
2.17
2.18
2.19
2.2
2.26
2.27
2.29
2.3
2.31
2.33
2.36
2.38
2.38
2.39
2.41
2.45
2.46
2.49
2.49
2.5
2.51
2.51
2.53
2.55
2.56
2.58
2.59
2.6
2.63
2.65
2.68
2.69
2.69
2.72
2.73
2.76
2.78
2.84
2.86
2.89
2.9
2.91
2.96
2.98
3.05
3.08
3.11
3.16
3.22
3.29
3.31
3.33
3.37
3.38
3.41
3.43
3.45
3.46
3.49
3.51
3.52
3.54
3.54
3.54
3.55
3.56
3.58
3.59
3.59
3.6
3.61
3.62
3.63
3.65
3.66
3.67
3.69
3.69
3.69
3.69
3.7
3.73
3.76
3.77
3.78
3.83
3.84
3.88
3.94
3.97
4.01
4.05
4.12
4.16
4.17
4.22
4.24
4.26
4.29
4.29
4.34
4.35
4.4
4.42
4.47
4.52
4.54
4.54
4.56
4.58
4.61
4.61
4.64
4.65
4.68
4.68
4.69
4.7
4.71
4.72
4.75
4.8
4.83
4.85
4.87
4.91
4.94
4.96
4.99
5.02
5.04
5.05
5.1
5.13
5.17
5.2
5.24
5.28
5.29
5.32
5.32
5.33
5.37
5.38
5.4
5.4
5.42
5.42
5.45
5.47
5.48
5.54
5.59
5.59
5.61
5.63
5.73
5.76
5.77
5.78
5.86
5.88
5.89
5.91
5.93
5.98
6.03
6.05
6.07
6.13
6.17
6.2
6.21
6.24
6.27
6.28
6.31
6.32
6.34
6.36
6.4
6.41
6.42
6.43
6.5
6.54
6.54
6.58
6.61
6.64
6.66
6.68
6.73
6.75
6.78
6.87
6.92
6.95
6.97
7.01
7.07
7.11
7.16
7.19
7.2
7.23
7.27
7.32
7.34
7.39
7.4
7.48
7.5
7.52
7.53
7.55
7.58
7.62
7.65
7.67
7.7
7.77
7.9
7.95
7.99
8.02
8.07
8.14
8.18
8.25
8.28
8.29
8.31
8.34
8.37
8.47
8.52
8.55
8.61
8.67
8.72
8.8
8.89
8.91
8.99
9.03
9.06
9.11
9.19
9.24
9.3
9.39
9.43
9.49
9.54
9.57
9.6
9.7
9.8
9.9
10.0
10.04
10.09
10.17
10.28
10.39
10.45
10.49
10.58
10.63
10.7
10.82
10.98
11.04
11.09
11.21
11.29
11.37
11.49
11.6
11.74
11.85
11.93
12.06
12.21
12.29
12.38
12.59
12.78
12.94
13.14
13.3
13.53
13.72
13.93
14.09
14.37
14.6
14.95
15.3
15.64
16.06
16.38
16.83
17.25
17.7
18.3
19.03
19.85
20.71
21.62
22.38
23.24
24.48
26.51
33.36
