0.01
0.16
0.37
0.49
0.54
0.58
0.62
0.66
0.75
0.78
0.82
0.82
0.83
0.86
0.88
0.91
0.93
0.94
0.98
1.02
1.04
1.09
1.1
1.11
1.15
1.2
1.24
1.26
1.32
1.35
1.36
1.4
1.41
1.42
1.43
1.46
1.47
1.47
1.49
1.5
1.51
1.51
1.52
1.52
1.53
1.53
1.56
1.6
1.63
1.63
1.64
1.65
1.66
1.7
1.74
1.77
1.85
1.9
1.95
2
2.01
2.05
2.08
2.1
2.12
2.14
2.18
2.21
2.22
2.24
2.28
2.29
2.31
2.32
2.32
2.35
2.35
2.38
2.39
2.4
2.4
2.41
2.44
2.45
2.46
2.47
2.47
2.5
2.53
2.58
2.6
2.63
2.63
2.65
2.67
2.68
2.69
2.71
2.73
2.74
2.8
2.81
2.82
2.85
2.87
2.88
2.89
2.9
2.93
2.95
2.97
2.99
3.02
3.06
3.09
3.11
3.13
3.14
3.14
3.15
3.16
3.2
3.2
3.21
3.24
3.25
3.27
3.31
3.32
3.35
3.39
3.4
3.43
3.45
3.47
3.49
3.5
3.54
3.61
3.63
3.66
3.7
3.72
3.74
3.75
3.75
3.77
3.78
3.81
3.81
3.81
3.83
3.87
3.87
3.88
3.9
3.91
3.92
3.94
3.95
3.96
3.97
3.98
4
4.02
4.03
4.05
4.08
4.08
4.08
4.1
4.14
4.19
4.21
4.22
4.27
4.29
4.32
4.38
4.4
4.47
4.48
4.53
4.55
4.58
4.6
4.67
4.7
4.71
4.73
4.73
4.74
4.76
4.77
4.79
4.81
4.83
4.84
4.86
4.89
4.92
4.93
4.95
4.96
4.97
4.98
5
5.01
5.05
5.06
5.1
5.15
5.19
5.25
5.29
5.32
5.34
5.37
5.4
5.42
5.45
5.46
5.47
5.48
5.49
5.51
5.51
5.53
5.54
5.55
5.55
5.55
5.6
5.63
5.68
5.69
5.69
5.73
5.79
5.85
5.89
5.93
5.96
5.98
6.02
6.03
6.08
6.13
6.19
6.25
6.28
6.29
6.3
6.3
6.34
6.37
6.38
6.4
6.46
6.46
6.46
6.49
6.5
6.53
6.56
6.58
6.62
6.64
6.66
6.7
6.7
6.76
6.77
6.8
6.84
6.86
6.87
6.88
6.92
6.97
7.02
7.06
7.08
7.09
7.14
7.18
7.2
7.28
7.28
7.3
7.34
7.36
7.39
7.43
7.45
7.49
7.52
7.56
7.62
7.65
7.67
7.67
7.71
7.73
7.76
7.82
7.85
7.88
7.97
8.01
8.04
8.07
8.07
8.11
8.15
8.18
8.24
8.25
8.29
8.35
8.37
8.42
8.48
8.52
8.54
8.57
8.59
8.64
8.66
8.68
8.7
8.74
8.8
8.85
8.95
9.02
9.05
9.07
9.14
9.18
9.25
9.29
9.35
9.4
9.4
9.46
9.49
9.52
9.61
9.66
9.71
9.78
9.81
9.85
9.9
9.96
10
10.06
10.1
10.16
10.21
10.24
10.29
10.39
10.42
10.45
10.49
10.51
10.57
10.63
10.7
10.75
10.8
10.9
10.93
11
11.05
11.1
11.14
11.22
11.3
11.4
11.42
11.48
11.52
11.53
11.61
11.7
11.77
11.86
11.91
11.99
12.11
12.19
12.21
12.29
12.38
12.44
12.54
12.63
12.77
12.88
12.97
13.04
13.09
13.14
13.25
13.37
13.49
13.61
13.72
13.83
13.91
14.07
14.17
14.28
14.45
14.59
14.75
14.83
15
15.21
15.33
15.52
15.68
15.8
15.99
16.16
16.42
16.7
16.82
17.08
17.34
17.61
17.94
18.29
18.59
18.9
19.25
19.62
19.98
20.38
20.93
21.46
22.03
22.86
23.88
25.45
28.26
33.13
