0.150127
0.150127
0.151546
0.151546
0.152279
0.152279
0.152893
0.152893
0.153625
0.153625
0.154074
0.154074
0.154642
0.154642
0.155151
0.155151
0.155826
0.155826
0.156579
0.156581
0.157353
0.157389
0.158244
0.158266
0.159136
0.159183
0.160378
0.16042
0.161529
0.161624
0.162904
0.163002
0.164009
0.164167
0.165241
0.165433
0.166458
0.166599
0.167602
0.167965
0.168987
0.169266
0.170113
0.17046
0.171301
0.171701
0.172567
0.172984
0.173851
0.174256
0.175147
0.175651
0.176431
0.176746
0.177428
0.177933
0.178593
0.17906
0.179761
0.18016
0.181002
0.181467
0.182213
0.182862
0.183422
0.183973
0.184466
0.185198
0.185878
0.186428
0.187067
0.187719
0.188417
0.189137
0.189916
0.190424
0.19113
0.191678
0.192252
0.192679
0.193272
0.193954
0.194524
0.195133
0.19571
0.196345
0.196863
0.197634
0.198115
0.198723
0.199361
0.200036
0.200585
0.201349
0.202039
0.20261
0.203281
0.204036
0.204471
0.205046
0.205397
0.205876
0.206375
0.207174
0.207753
0.208355
0.208798
0.209327
0.209973
0.210644
0.211083
0.211706
0.212271
0.212887
0.21345
0.213949
0.214666
0.215241
0.215731
0.216327
0.217018
0.217509
0.218037
0.218751
0.219239
0.219711
0.220299
0.220927
0.221515
0.222076
0.222629
0.22309
0.223626
0.224159
0.22481
0.225334
0.225967
0.226469
0.227177
0.227698
0.228359
0.228915
0.229474
0.230027
0.230498
0.231233
0.23192
0.232402
0.233002
0.233565
0.234056
0.234581
0.235121
0.235764
0.236342
0.236867
0.237398
0.237993
0.2387
0.239166
0.239759
0.240375
0.240872
0.241339
0.24184
0.242422
0.242951
0.243586
0.244111
0.244598
0.2454
0.245865
0.246556
0.247036
0.247663
0.248152
0.248687
0.249263
0.24976
0.250193
0.250738
0.251267
0.251774
0.252522
0.252983
0.253524
0.254054
0.254562
0.255086
0.25572
0.256192
0.256812
0.257286
0.257898
0.258567
0.25917
0.259855
0.260386
0.260934
0.261368
0.261953
0.262566
0.263178
0.263792
0.264388
0.265194
0.265708
0.266507
0.267066
0.267617
0.268126
0.26873
0.26928
0.269945
0.270398
0.270983
0.271534
0.272098
0.272753
0.273319
0.273951
0.274664
0.275105
0.275583
0.276225
0.276743
0.277299
0.277718
0.278189
0.278674
0.279169
0.279698
0.280146
0.280654
0.281345
0.281876
0.282524
0.282957
0.283601
0.284086
0.284692
0.285151
0.285727
0.286357
0.287026
0.287571
0.288231
0.288778
0.289214
0.289736
0.290251
0.290776
0.291382
0.291998
0.292496
0.292954
0.293469
0.293892
0.294443
0.294914
0.295521
0.296241
0.296735
0.297224
0.2977
0.298391
0.29876
0.29934
0.299857
0.300334
0.300836
0.30125
0.301754
0.302467
0.303093
0.303653
0.304277
0.304788
0.305266
0.305886
0.306279
0.306865
0.307369
0.307946
0.308493
0.308911
0.309424
0.310068
0.310663
0.31111
0.311708
0.312188
0.312697
0.313173
0.313611
0.314016
0.314504
0.315042
0.315502
0.316155
0.316606
0.31708
0.317685
0.318243
0.318792
0.319389
0.319885
0.320405
0.320919
0.321431
0.321901
0.322392
0.322977
0.323693
0.324131
0.324645
0.325076
0.32563
0.326074
0.326534
0.327165
0.327667
0.328182
0.328625
0.329177
0.329715
0.330249
0.330832
0.331397
0.331843
0.332402
0.332861
0.333569
0.334249
0.334702
0.335183
0.335711
0.336222
0.33683
0.33737
0.338065
0.338483
0.338953
0.339501
0.340006
0.34053
0.341084
0.341583
0.342041
0.342585
0.342988
0.343636
0.344303
0.344734
0.345202
0.345687
0.346172
0.346638
0.347123
0.347629
0.348182
0.348766
0.3493
0.349793
0.350286
0.350686
0.351185
0.351684
0.352165
0.352703
0.353265
0.353818
0.354317
0.354922
0.355485
0.356019
0.356464
0.357035
0.35762
0.358199
0.358776
0.359417
0.359945
0.36044
0.360919
0.361602
0.362277
0.36277
0.363302
0.36387
0.364568
0.365063
0.365838
0.366382
0.366953
0.367652
0.368124
0.368507
0.369033
0.369608
0.370187
0.370725
0.371217
0.371655
0.372192
0.372699
0.373348
0.373875
0.374538
0.375062
0.375625
0.376096
0.376688
0.377163
0.377677
0.378268
0.37875
0.379335
0.379933
0.380509
0.38107
0.381616
0.382296
0.382848
0.383415
0.383992
0.384602
0.385114
0.385658
0.386259
0.387204
0.387731
0.388274
0.38895
0.389452
0.39005
0.390561
0.391125
0.391611
0.39234
0.392808
0.393436
0.394034
0.394543
0.395177
0.39567
0.396245
0.396889
0.397449
0.398019
0.39872
0.399461
0.400035
0.400609
0.401239
0.401801
0.402465
0.403031
0.403619
0.404379
0.405154
0.405769
0.406433
0.407191
0.40782
0.408565
0.409406
0.410056
0.410744
0.4115
0.412091
0.412837
0.413499
0.414222
0.415009
0.41578
0.416412
0.417065
0.417788
0.418436
0.419123
0.419936
0.42063
0.421525
0.422153
0.422809
0.423565
0.424343
0.425247
0.425959
0.426635
0.42725
0.427883
0.428525
0.429533
0.430298
0.430896
0.431599
0.432319
0.432975
0.433733
0.434422
0.435069
0.435884
0.436831
0.43761
0.438274
0.43901
0.439697
0.44045
0.441234
0.441943
0.442857
0.443658
0.444334
0.445084
0.445819
0.446644
0.447401
0.448038
0.448858
0.449419
0.450345
0.451301
0.452238
0.453035
0.453857
0.454676
0.455455
0.456367
0.457073
0.457989
0.458788
0.459588
0.460501
0.461437
0.462285
0.463292
0.464203
0.465154
0.465913
0.466792
0.467789
0.468708
0.469791
0.470743
0.471913
0.473006
0.474074
0.475085
0.476041
0.477043
0.478144
0.478999
0.47996
0.480885
0.481592
0.482389
0.483321
0.484322
0.48514
0.486254
0.48734
0.488398
0.489305
0.490154
0.491308
0.492284
0.493183
0.494277
0.495272
0.496344
0.497358
0.498347
0.499365
0.500401
0.501288
0.502351
0.503283
0.5042
0.505308
0.506413
0.507661
0.508479
0.509522
0.510513
0.5114
0.512537
0.513561
0.514497
0.515331
0.51619
0.517402
0.518447
0.519481
0.520585
0.521479
0.522705
0.523726
0.524849
0.525937
0.527185
0.528555
0.529688
0.530908
0.532083
0.532989
0.534111
0.535218
0.53639
0.53771
0.538915
0.540142
0.541293
0.54268
0.54385
0.544963
0.546315
0.547484
0.548803
0.550048
0.551205
0.552592
0.554069
0.555242
0.5565
0.557528
0.558768
0.560338
0.562084
0.563225
0.564734
0.566083
0.567348
0.568667
0.570221
0.571596
0.573075
0.574224
0.575997
0.577361
0.578873
0.580666
0.582693
0.584101
0.5862
0.587663
0.589137
0.590816
0.592984
0.594791
0.596494
0.598247
0.599835
0.601624
0.603766
0.605147
0.607254
0.609043
0.611114
0.613236
0.614829
0.616799
0.61863
0.620146
0.621843
0.623831
0.626035
0.627421
0.629162
0.630933
0.632903
0.634851
0.636766
0.63903
0.640958
0.64345
0.645367
0.647472
0.649638
0.651827
0.653569
0.656508
0.659073
0.661355
0.663401
0.665494
0.667791
0.670365
0.672714
0.675286
0.677533
0.680303
0.683375
0.68656
0.690096
0.69278
0.695093
0.698194
0.700984
0.704261
0.70763
0.711425
0.715088
0.718646
0.722766
0.726747
0.731349
0.735422
0.740104
0.74422
0.748562
0.752118
0.755337
0.759445
0.76363
0.767971
0.771886
0.777241
0.78132
0.785306
0.789527
0.793685
0.797497
0.801592
0.806065
0.811169
0.81651
0.821812
0.826425
0.831145
0.837321
0.843066
0.849945
0.856733
0.863059
0.871101
0.880081
0.891366
0.904759
0.919873
0.934646
0.950721
0.966729
0.991295
1.01841
1.05224
1.1055
1.17048
1.2793
