0.147581
0.147581
0.150176
0.150176
0.150261
0.150261
0.150934
0.150934
0.151438
0.151438
0.152153
0.152153
0.152672
0.152672
0.15312
0.15312
0.153242
0.153242
0.153448
0.153448
0.153657
0.153657
0.153703
0.153703
0.153977
0.153977
0.154654
0.154654
0.154726
0.154726
0.154973
0.154973
0.155156
0.155156
0.155162
0.155162
0.156152
0.156152
0.15666
0.15666
0.157049
0.157049
0.157412
0.157412
0.157531
0.157531
0.15772
0.15772
0.158021
0.158021
0.158373
0.158373
0.158493
0.158493
0.158794
0.159062
0.159062
0.159602
0.159602
0.159807
0.159807
0.159917
0.159917
0.160007
0.160259
0.160259
0.160763
0.160763
0.160928
0.160928
0.161632
0.161632
0.161989
0.161989
0.162145
0.162145
0.162222
0.162222
0.162538
0.162538
0.163762
0.164013
0.164013
0.165041
0.165041
0.165394
0.165441
0.165441
0.165487
0.165487
0.166184
0.166184
0.167619
0.167619
0.16783
0.168701
0.168701
0.169507
0.169507
0.169928
0.169928
0.170384
0.170384
0.17173
0.17173
0.172149
0.172149
0.172399
0.172399
0.172536
0.172536
0.172683
0.172683
0.173392
0.173392
0.174304
0.176916
0.176916
0.178181
0.178181
0.1797
0.179723
0.179977
0.179977
0.180134
0.180134
0.180985
0.180985
0.181113
0.181113
0.183202
0.183202
0.185071
0.185071
0.185213
0.185213
0.185673
0.185673
0.186173
0.186173
0.186367
0.187058
0.188836
0.188836
0.189045
0.189045
0.189508
0.190145
0.190145
0.190774
0.190774
0.19201
0.19201
0.192214
0.192866
0.192866
0.193464
0.193464
0.194124
0.194124
0.19471
0.19471
0.195224
0.195224
0.19555
0.19555
0.19606
0.19606
0.196151
0.196888
0.196888
0.197268
0.197612
0.197612
0.197932
0.198403
0.199145
0.199145
0.200297
0.203123
0.203123
0.203915
0.203915
0.204749
0.204749
0.205905
0.206924
0.206924
0.207482
0.207482
0.207935
0.207935
0.208248
0.208248
0.208264
0.208264
0.208297
0.208297
0.208706
0.208706
0.209031
0.209031
0.209951
0.209951
0.210146
0.211861
0.211861
0.212809
0.214145
0.214145
0.215199
0.215199
0.21752
0.21752
0.218277
0.218277
0.218655
0.218701
0.218701
0.220287
0.220287
0.222167
0.222167
0.224489
0.224489
0.225139
0.225139
0.22659
0.22659
0.226826
0.226826
0.22822
0.22822
0.228465
0.228465
0.22919
0.229938
0.229938
0.23015
0.23015
0.230774
0.230774
0.230838
0.230838
0.231993
0.232046
0.232437
0.232437
0.23312
0.23312
0.234305
0.235885
0.237633
0.237749
0.237749
0.238129
0.238384
0.238384
0.238703
0.239927
0.239927
0.240667
0.240667
0.241304
0.241304
0.241324
0.241491
0.241491
0.242439
0.242582
0.242612
0.242612
0.243162
0.243162
0.243828
0.243828
0.244731
0.244731
0.24534
0.24534
0.246002
0.246002
0.247609
0.247725
0.247725
0.247857
0.247857
0.248248
0.248354
0.248354
0.249927
0.250442
0.250442
0.253502
0.254852
0.254852
0.255016
0.255016
0.255041
0.255771
0.256108
0.256108
0.256628
0.256628
0.257026
0.25729
0.25729
0.259254
0.259254
0.260075
0.260075
0.260323
0.260323
0.260481
0.260481
0.260534
0.260581
0.260581
0.261661
0.261661
0.2617
0.2617
0.26191
0.26191
0.262233
0.262233
0.263698
0.264622
0.264622
0.265362
0.265362
0.26543
0.265797
0.265797
0.266089
0.267061
0.267061
0.267381
0.267381
0.268514
0.269173
0.269797
0.269797
0.270067
0.270963
0.270963
0.27127
0.27127
0.2738
0.274336
0.274595
0.274831
0.274831
0.275105
0.275105
0.275452
0.276064
0.276064
0.27749
0.27749
0.279162
0.279162
0.280228
0.280228
0.280372
0.280372
0.28166
0.281681
0.281681
0.281764
0.282848
0.282848
0.283768
0.283903
0.283903
0.284715
0.284715
0.285087
0.286134
0.287227
0.287495
0.287495
0.287978
0.287978
0.289173
0.289173
0.289276
0.289287
0.289287
0.289709
0.289816
0.289816
0.289934
0.290003
0.290719
0.290719
0.291047
0.291047
0.291756
0.292199
0.292199
0.292226
0.292226
0.29224
0.29224
0.292765
0.293255
0.293255
0.293643
0.293643
0.293828
0.293828
0.293927
0.293975
0.293975
0.293982
0.293982
0.29524
0.295311
0.295371
0.295371
0.296457
0.296457
0.297384
0.297384
0.297466
0.297466
0.297712
0.297841
0.297841
0.298699
0.298743
0.298871
0.298871
0.299421
0.299421
0.300713
0.301341
0.301341
0.301638
0.301753
0.302259
0.302259
0.30275
0.30275
0.303408
0.304812
0.304812
0.305281
0.305323
0.305323
0.305543
0.306582
0.306582
0.307948
0.308566
0.308566
0.309747
0.309747
0.309849
0.310075
0.310507
0.311056
0.311056
0.311194
0.311804
0.311804
0.311818
0.312266
0.312424
0.312953
0.313395
0.31427
0.31427
0.314833
0.314833
0.315111
0.315111
0.315408
0.315551
0.315551
0.315622
0.315622
0.316472
0.316472
0.316615
0.316761
0.316761
0.316903
0.316903
0.317505
0.317901
0.317901
0.317912
0.318094
0.318094
0.31886
0.319267
0.320293
0.320513
0.320513
0.321138
0.321143
0.321842
0.321868
0.321868
0.323306
0.323313
0.324165
0.3244
0.325137
0.325916
0.325916
0.327053
0.327053
0.32766
0.32766
0.327768
0.327768
0.327904
0.327904
0.328244
0.328357
0.328357
0.328645
0.328645
0.328929
0.328929
0.32926
0.329384
0.329384
0.32981
0.32981
0.330047
0.33017
0.33017
0.330919
0.331283
0.33243
0.332861
0.334127
0.334636
0.334636
0.33635
0.33635
0.33673
0.33673
0.337167
0.337167
0.337402
0.337521
0.338293
0.338293
0.338439
0.338439
0.338494
0.338499
0.338499
0.338643
0.340284
0.340338
0.340598
0.340598
0.3414
0.3414
0.343069
0.34411
0.344269
0.345242
0.345242
0.346037
0.346037
0.347453
0.347649
0.348421
0.348528
0.349073
0.350402
0.350624
0.350624
0.351557
0.351761
0.351761
0.352423
0.352423
0.353566
0.353566
0.354215
0.354215
0.354779
0.354832
0.354832
0.354879
0.354879
0.35711
0.358336
0.358617
0.358676
0.359478
0.359478
0.359813
0.359956
0.360461
0.360668
0.360668
0.361302
0.361302
0.362813
0.364362
0.364386
0.364539
0.364539
0.365054
0.365054
0.365337
0.365337
0.365746
0.365787
0.365787
0.365818
0.365818
0.366434
0.366434
0.367476
0.367476
0.36819
0.36819
0.368199
0.369135
0.369135
0.370884
0.370884
0.371059
0.371059
0.371568
0.371688
0.371797
0.371797
0.372779
0.37306
0.373161
0.373414
0.373414
0.374266
0.374858
0.374858
0.376096
0.376179
0.376179
0.376193
0.376193
0.377388
0.377859
0.377859
0.378567
0.378567
0.37864
0.37864
0.378941
0.37971
0.380008
0.380008
0.380461
0.380461
0.381376
0.381814
0.382031
0.382031
0.382111
0.382111
0.382161
0.382161
0.382494
0.382494
0.382681
0.382681
0.384238
0.385183
0.385832
0.386264
0.386264
0.386868
0.388118
0.388372
0.389536
0.390841
0.390841
0.390986
0.391469
0.391596
0.392559
0.392559
0.393197
0.393908
0.393908
0.39448
0.394492
0.39554
0.397013
0.397013
0.397857
0.398002
0.398009
0.398336
0.398344
0.39887
0.399392
0.399497
0.399773
0.400449
0.400596
0.400596
0.401046
0.401046
0.40107
0.40107
0.40263
0.40263
0.403987
0.405022
0.406561
0.406561
0.406605
0.406668
0.407268
0.409511
0.409687
0.40979
0.40979
0.411028
0.412932
0.413028
0.413374
0.413536
0.413929
0.415115
0.415517
0.415517
0.415553
0.415553
0.416415
0.416537
0.417283
0.41784
0.41784
0.418755
0.419496
0.419496
0.421172
0.421172
0.422469
0.422469
0.423014
0.423016
0.42547
0.425474
0.425474
0.426492
0.427325
0.427502
0.427502
0.429154
0.429154
0.430291
0.430291
0.430822
0.431351
0.433372
0.435079
0.436298
0.437015
0.438981
0.439704
0.43999
0.440515
0.442639
0.443064
0.443253
0.443635
0.447205
0.447205
0.448138
0.448593
0.449563
0.449864
0.450921
0.450921
0.45093
0.450992
0.451167
0.453094
0.453158
0.454551
0.454551
0.455052
0.455384
0.456813
0.457598
0.457695
0.457695
0.46041
0.46041
0.460648
0.460648
0.461568
0.461766
0.462242
0.465181
0.46654
0.466569
0.469514
0.470727
0.470785
0.470785
0.472449
0.472449
0.47262
0.473073
0.4745
0.4745
0.474635
0.476439
0.477833
0.478106
0.479888
0.480657
0.480844
0.480908
0.48277
0.48277
0.483981
0.483981
0.484722
0.484764
0.484764
0.485121
0.485121
0.486145
0.486306
0.486867
0.487687
0.488304
0.489895
0.490165
0.490587
0.490944
0.492635
0.493535
0.496207
0.496207
0.499281
0.499418
0.499418
0.500771
0.501092
0.501901
0.501901
0.502391
0.503116
0.504863
0.504974
0.505188
0.505969
0.505969
0.506986
0.507762
0.507829
0.508394
0.508394
0.508729
0.510607
0.51451
0.514963
0.515444
0.516391
0.516403
0.517619
0.517982
0.518521
0.520883
0.523022
0.523345
0.526117
0.526117
0.533782
0.533782
0.538077
0.540136
0.540879
0.541748
0.542035
0.543857
0.543883
0.543948
0.546745
0.553934
0.554077
0.558184
0.558339
0.559729
0.559729
0.560002
0.560601
0.561363
0.56303
0.565667
0.566325
0.566325
0.567127
0.569739
0.570122
0.573047
0.575027
0.577609
0.577656
0.579496
0.579496
0.581048
0.581647
0.581647
0.582572
0.582775
0.582775
0.583652
0.584558
0.584558
0.588664
0.589954
0.590506
0.590506
0.593581
0.595522
0.598648
0.59901
0.601052
0.603795
0.605671
0.609251
0.613748
0.615176
0.61632
0.620083
0.625129
0.625882
0.63172
0.632941
0.636245
0.637404
0.637404
0.637514
0.645015
0.648949
0.650422
0.651164
0.651747
0.653557
0.653557
0.667394
0.667394
0.673894
0.675994
0.677428
0.678945
0.678945
0.681326
0.682866
0.68534
0.695907
0.695907
0.698123
0.705837
0.716525
0.719811
0.721479
0.722172
0.723591
0.727472
0.727472
0.728424
0.729692
0.74183
0.747062
0.753987
0.754107
0.756104
0.756104
0.775043
0.795681
0.798194
0.80392
0.827325
0.832294
0.835416
0.843297
0.850254
0.887154
0.901442
0.917482
0.948207
0.971419
