0.166492
0.166492
0.184903
0.184903
0.209683
0.209683
0.232772
0.232772
0.259211
0.259732
0.28344
0.285684
0.311193
0.320619
0.335731
0.343735
0.359026
0.364571
0.377317
0.38057
0.390753
0.396112
0.405651
0.411408
0.418517
0.423009
0.434684
0.439871
0.44774
0.454255
0.461037
0.466633
0.475113
0.478689
0.48554
0.490843
0.498471
0.502743
0.509014
0.514547
0.521671
0.526367
0.533928
0.539722
0.547764
0.555439
0.561909
0.568688
0.575272
0.582761
0.590496
0.596582
0.60257
0.611569
0.616982
0.623742
0.629745
0.636446
0.643381
0.649195
0.655279
0.661311
0.667907
0.674599
0.68126
0.688246
0.694484
0.701272
0.709621
0.718163
0.723794
0.731483
0.74101
0.749561
0.757593
0.765839
0.7731
0.780844
0.788106
0.794913
0.803721
0.810171
0.81726
0.824426
0.8313
0.83846
0.845179
0.850747
0.856505
0.86411
0.86878
0.875309
0.881802
0.888929
0.894609
0.901777
0.909588
0.91851
0.92446
0.931295
0.938971
0.946621
0.955188
0.96203
0.974881
0.984031
0.99494
1.00478
1.01431
1.0246
1.03312
1.04511
1.05341
1.06322
1.07625
1.0892
1.10167
1.11615
1.13091
1.1453
1.16242
1.18065
1.20537
1.2216
1.24927
1.26706
1.28529
1.30692
1.32638
1.3611
1.38128
1.40795
1.42854
1.44953
1.48052
1.51683
1.56654
1.60648
1.68129
1.7387
1.77326
1.82894
1.96973
2.06964
2.13834
2.20295
2.34687
2.43933
2.99003
2.99003
