0.328
0.328
0.329
0.329
0.329
0.331
0.333
0.334
0.335
0.335
0.335
0.337
0.337
0.338
0.34
0.341
0.341
0.341
0.342
0.343
0.346
0.346
0.348
0.349
0.352
0.354
0.357
0.364
0.373
0.381
0.39
0.401
0.408
0.409
0.415
0.417
0.418
0.423
0.438
0.445
0.452
0.467
0.478
0.489
0.497
0.505
0.516
0.526
0.538
0.552
0.563
0.576
0.589
0.598
0.606
0.616
0.631
0.644
0.665
0.675
0.688
0.7
0.717
0.729
0.739
0.752
0.765
0.781
0.794
0.815
0.828
0.841
0.851
0.866
0.88
0.893
0.915
0.93
0.94
0.957
0.971
0.983
0.998
1.016
1.031
1.048
1.064
1.079
1.093
1.115
1.128
1.149
1.164
1.18
1.203
1.221
1.238
1.267
1.289
1.301
1.326
1.342
1.361
1.388
1.408
1.43
1.45
1.474
1.496
1.522
1.547
1.573
1.598
1.629
1.653
1.68
1.709
1.744
1.765
1.805
1.849
1.875
1.912
1.951
1.998
2.044
2.085
2.134
2.181
2.244
2.311
2.385
2.494
2.559
2.645
2.719
2.867
2.946
3.031
3.114
3.233
3.322
3.425
3.53
3.734
3.86
4.092
4.794
5.027
5.392
