0.13
0.4
0.54
0.68
0.81
0.82
0.83
0.83
0.83
0.83
0.84
0.84
0.84
0.84
0.85
0.86
0.88
0.9
0.96
0.98
0.98
1.03
1.08
1.15
1.24
1.26
1.34
1.36
1.41
1.43
1.43
1.45
1.45
1.48
1.52
1.54
1.62
1.64
1.68
1.72
1.75
1.8
1.85
1.88
1.94
1.99
2.04
2.1
2.14
2.18
2.2
2.22
2.26
2.27
2.28
2.31
2.32
2.36
2.4
2.41
2.42
2.44
2.45
2.46
2.48
2.5
2.54
2.58
2.63
2.69
2.73
2.77
2.81
2.85
2.89
2.9
2.92
2.95
2.98
3.01
3.1
3.12
3.14
3.16
3.19
3.24
3.32
3.36
3.42
3.49
3.53
3.57
3.62
3.63
3.65
3.68
3.69
3.73
3.73
3.76
3.82
3.84
3.91
3.98
4.05
4.12
4.19
4.28
4.36
4.42
4.46
4.53
4.61
4.64
4.68
4.74
4.77
4.9
4.99
5.02
5.08
5.12
5.2
5.25
5.29
5.38
5.46
5.54
5.62
5.71
5.8
5.8
5.83
5.91
5.99
6.04
6.11
6.17
6.22
6.25
6.34
6.45
6.52
6.64
6.7
6.77
6.91
6.98
7.08
7.22
7.26
7.32
7.48
7.54
7.62
7.74
7.85
7.95
8
8.14
8.23
8.34
8.44
8.57
8.69
8.78
8.91
9.03
9.18
9.35
9.45
9.68
9.83
9.96
10.21
10.31
10.61
10.74
10.95
11.14
11.32
11.51
11.74
11.86
12.19
12.38
12.73
13.06
13.46
13.88
14.3
14.83
15.54
16.15
16.78
17.55
18.71
21.57
25.82
37.42
