0.328
0.328
0.328
0.328
0.328
0.328
0.328
0.328
0.328
0.329
0.329
0.33
0.33
0.331
0.331
0.331
0.333
0.333
0.334
0.334
0.334
0.334
0.336
0.338
0.338
0.338
0.338
0.338
0.338
0.338
0.338
0.338
0.34
0.34
0.341
0.343
0.345
0.345
0.345
0.345
0.346
0.349
0.349
0.35
0.35
0.35
0.351
0.354
0.354
0.358
0.36
0.363
0.363
0.364
0.366
0.369
0.369
0.372
0.377
0.378
0.382
0.386
0.388
0.389
0.39
0.395
0.397
0.405
0.409
0.41
0.417
0.425
0.429
0.433
0.44
0.444
0.445
0.445
0.449
0.451
0.453
0.456
0.457
0.461
0.465
0.47
0.474
0.48
0.482
0.484
0.487
0.491
0.493
0.494
0.495
0.5
0.503
0.509
0.513
0.516
0.522
0.528
0.533
0.537
0.543
0.551
0.554
0.556
0.556
0.558
0.561
0.569
0.57
0.574
0.577
0.577
0.58
0.587
0.591
0.597
0.604
0.608
0.618
0.624
0.627
0.632
0.637
0.641
0.646
0.652
0.654
0.659
0.663
0.665
0.668
0.674
0.681
0.688
0.693
0.698
0.705
0.714
0.721
0.729
0.734
0.736
0.739
0.747
0.751
0.753
0.762
0.764
0.77
0.776
0.782
0.792
0.798
0.802
0.81
0.818
0.829
0.834
0.84
0.843
0.848
0.855
0.861
0.865
0.875
0.883
0.889
0.895
0.903
0.914
0.924
0.934
0.945
0.951
0.954
0.96
0.969
0.974
0.98
0.989
1.001
1.005
1.014
1.025
1.039
1.047
1.055
1.06
1.062
1.069
1.08
1.093
1.101
1.111
1.117
1.128
1.141
1.146
1.159
1.167
1.174
1.18
1.189
1.197
1.206
1.216
1.224
1.235
1.247
1.259
1.27
1.278
1.287
1.29
1.3
1.308
1.326
1.336
1.341
1.351
1.363
1.374
1.381
1.391
1.405
1.413
1.424
1.43
1.438
1.449
1.46
1.472
1.484
1.498
1.508
1.524
1.531
1.547
1.554
1.566
1.579
1.598
1.605
1.619
1.635
1.653
1.667
1.678
1.695
1.704
1.724
1.734
1.753
1.781
1.792
1.807
1.821
1.835
1.849
1.872
1.893
1.907
1.921
1.938
1.955
1.982
2.0
2.021
2.045
2.068
2.097
2.118
2.145
2.179
2.216
2.256
2.298
2.334
2.391
2.426
2.48
2.539
2.631
2.725
2.808
2.88
2.941
3.036
3.172
3.403
3.625
4.148
4.31
4.543
4.975
5.13
