0.02
0.17
0.42
0.52
0.62
0.72
0.74
0.78
0.78
0.81
0.85
0.86
0.86
0.88
0.88
0.88
0.88
0.88
0.88
0.88
0.9
0.92
0.93
0.94
0.97
0.99
1.02
1.04
1.08
1.11
1.16
1.2
1.27
1.31
1.33
1.36
1.44
1.45
1.46
1.5
1.51
1.51
1.53
1.54
1.55
1.56
1.6
1.62
1.63
1.66
1.66
1.67
1.69
1.7
1.71
1.71
1.71
1.73
1.75
1.76
1.77
1.8
1.84
1.88
1.89
1.92
1.92
1.95
1.98
2.01
2.01
2.02
2.02
2.02
2.05
2.05
2.09
2.11
2.15
2.19
2.26
2.33
2.39
2.46
2.5
2.53
2.58
2.63
2.67
2.71
2.72
2.76
2.79
2.82
2.84
2.88
2.96
2.97
2.98
2.99
3.01
3.03
3.07
3.09
3.1
3.14
3.17
3.21
3.23
3.24
3.26
3.26
3.28
3.29
3.31
3.32
3.33
3.38
3.43
3.49
3.57
3.6
3.64
3.7
3.75
3.78
3.84
3.87
3.94
3.97
4.01
4.03
4.04
4.05
4.05
4.08
4.09
4.11
4.14
4.16
4.19
4.23
4.25
4.27
4.31
4.41
4.45
4.51
4.54
4.58
4.6
4.67
4.7
4.72
4.74
4.79
4.81
4.84
4.86
4.89
4.93
4.98
5.05
5.07
5.09
5.12
5.17
5.21
5.28
5.36
5.46
5.49
5.5
5.53
5.55
5.56
5.59
5.61
5.62
5.65
5.68
5.72
5.78
5.81
5.84
5.89
5.97
6.04
6.1
6.13
6.17
6.21
6.25
6.29
6.31
6.37
6.41
6.42
6.45
6.49
6.52
6.55
6.6
6.62
6.64
6.7
6.75
6.8
6.86
6.95
6.99
7.04
7.06
7.1
7.13
7.17
7.2
7.25
7.28
7.34
7.39
7.41
7.46
7.49
7.51
7.58
7.6
7.67
7.75
7.76
7.82
7.85
7.87
7.88
7.96
8.04
8.09
8.14
8.22
8.23
8.29
8.34
8.36
8.4
8.49
8.52
8.57
8.63
8.69
8.77
8.84
8.89
8.93
8.98
9.07
9.13
9.17
9.18
9.2
9.28
9.35
9.39
9.42
9.56
9.6
9.74
9.8
9.89
9.92
9.95
10.03
10.1
10.16
10.22
10.26
10.32
10.42
10.44
10.5
10.55
10.65
10.75
10.8
10.83
10.91
10.99
11.09
11.16
11.25
11.33
11.38
11.46
11.64
11.66
11.74
11.81
11.89
12.02
12.07
12.18
12.27
12.39
12.46
12.58
12.72
12.83
12.9
13
13.14
13.22
13.35
13.48
13.6
13.67
13.78
13.9
14.01
14.16
14.31
14.4
14.5
14.65
14.79
14.99
15.11
15.22
15.35
15.52
15.73
15.93
16.1
16.3
16.53
16.83
16.99
17.27
17.5
17.78
18.05
18.39
18.65
19.03
19.47
20.01
20.85
21.86
23.27
25.16
29.89
33.12
