0.01
0.06
0.19
0.42
0.52
0.58
0.69
0.75
0.79
0.83
0.83
0.84
0.87
0.87
0.88
0.89
0.9
0.9
0.92
0.92
0.93
0.93
0.94
0.94
0.94
0.94
0.95
0.95
0.95
0.95
0.95
0.95
0.95
0.95
0.95
0.95
0.97
0.97
0.98
1.01
1.05
1.05
1.06
1.08
1.11
1.13
1.17
1.27
1.31
1.36
1.4
1.43
1.48
1.53
1.54
1.55
1.56
1.56
1.6
1.61
1.62
1.64
1.65
1.69
1.73
1.76
1.78
1.8
1.81
1.83
1.83
1.84
1.85
1.89
1.91
1.91
1.94
1.97
1.98
1.99
1.99
2.01
2.02
2.04
2.04
2.04
2.04
2.05
2.07
2.07
2.13
2.13
2.15
2.19
2.21
2.25
2.26
2.26
2.27
2.31
2.33
2.35
2.37
2.42
2.44
2.46
2.47
2.5
2.53
2.57
2.6
2.63
2.64
2.66
2.69
2.69
2.73
2.74
2.78
2.81
2.83
2.87
2.91
2.93
2.98
3
3.03
3.05
3.08
3.1
3.14
3.15
3.17
3.2
3.21
3.21
3.21
3.25
3.29
3.29
3.33
3.33
3.36
3.39
3.39
3.4
3.48
3.5
3.52
3.54
3.57
3.6
3.68
3.68
3.73
3.77
3.82
3.87
3.9
3.95
4.01
4.05
4.06
4.09
4.11
4.16
4.17
4.2
4.23
4.23
4.26
4.28
4.31
4.33
4.35
4.37
4.4
4.48
4.57
4.64
4.68
4.76
4.83
4.85
4.87
4.93
4.97
4.98
5.02
5.07
5.08
5.11
5.13
5.17
5.19
5.23
5.28
5.31
5.35
5.39
5.41
5.42
5.48
5.51
5.52
5.63
5.7
5.77
5.8
5.89
5.92
5.94
5.99
6.02
6.09
6.16
6.19
6.25
6.28
6.32
6.38
6.42
6.47
6.52
6.59
6.66
6.74
6.79
6.86
6.9
6.93
6.96
7.04
7.13
7.18
7.26
7.37
7.47
7.56
7.63
7.68
7.77
7.9
7.95
8.01
8.06
8.12
8.17
8.3
8.39
8.52
8.64
8.68
8.82
8.93
9.01
9.13
9.28
9.37
9.49
9.59
9.7
9.85
9.94
10.14
10.24
10.32
10.51
10.71
10.9
11.04
11.2
11.37
11.58
11.79
12.08
12.28
12.47
12.59
12.76
13.03
13.26
13.49
13.75
14.08
14.44
14.91
15.5
16.02
16.71
17.23
17.75
18.55
19.27
20.09
20.97
22.42
24.27
27.37
29.89
