0.158294
0.158294
0.167596
0.167596
0.178518
0.178697
0.192047
0.193152
0.204131
0.205888
0.213493
0.21573
0.222826
0.224554
0.232408
0.234875
0.242208
0.244561
0.25051
0.252559
0.259316
0.261597
0.268318
0.270741
0.275453
0.277425
0.282144
0.283979
0.287931
0.29045
0.294058
0.298529
0.301302
0.30443
0.306813
0.30937
0.312598
0.315816
0.319371
0.321958
0.324759
0.326514
0.329419
0.331359
0.334633
0.336039
0.338837
0.34031
0.343963
0.34551
0.348608
0.350535
0.353242
0.355358
0.358152
0.360687
0.364374
0.367214
0.369891
0.373907
0.376669
0.378933
0.381279
0.384337
0.387388
0.390479
0.393284
0.396178
0.398692
0.401761
0.404877
0.408014
0.410695
0.413595
0.416288
0.41933
0.421637
0.424435
0.427568
0.429755
0.432295
0.434369
0.437428
0.439141
0.441572
0.443339
0.445319
0.447673
0.449863
0.452444
0.454518
0.456788
0.459395
0.461695
0.464029
0.46644
0.468508
0.470253
0.472613
0.474565
0.476692
0.47942
0.482026
0.484767
0.486405
0.488534
0.490276
0.492564
0.494626
0.496706
0.498523
0.501032
0.50333
0.506009
0.509053
0.511969
0.514659
0.516888
0.519216
0.521741
0.523676
0.526234
0.528844
0.531209
0.53311
0.535333
0.538024
0.540701
0.542911
0.545469
0.54777
0.550203
0.553132
0.555105
0.557331
0.559549
0.561869
0.564464
0.566389
0.568379
0.570948
0.573468
0.576002
0.578669
0.581129
0.583162
0.58538
0.587481
0.589937
0.591622
0.594349
0.596469
0.598108
0.600894
0.602854
0.604854
0.606473
0.608439
0.610654
0.612903
0.614992
0.617178
0.619735
0.622288
0.624424
0.626333
0.628467
0.630786
0.632668
0.634865
0.636859
0.639634
0.641671
0.643492
0.645471
0.647827
0.649985
0.6519
0.654239
0.656506
0.658634
0.66155
0.664058
0.667299
0.669908
0.672162
0.67536
0.67835
0.681058
0.683665
0.68659
0.689261
0.691587
0.694672
0.697149
0.699937
0.702506
0.706728
0.710134
0.713496
0.716835
0.719339
0.722913
0.725829
0.729146
0.731466
0.733756
0.736421
0.738835
0.741694
0.744678
0.747253
0.750346
0.752926
0.756971
0.759898
0.762791
0.766114
0.769269
0.772321
0.776046
0.779019
0.782614
0.787567
0.791736
0.79566
0.799266
0.803373
0.807843
0.8129
0.818478
0.822652
0.828198
0.832005
0.836778
0.841305
0.845588
0.850624
0.855027
0.8602
0.865733
0.870922
0.877678
0.882852
0.888986
0.894951
0.900769
0.906421
0.911286
0.91719
0.923065
0.929737
0.936663
0.944166
0.950236
0.95676
0.963917
0.970692
0.977763
0.984187
0.990415
0.996879
1.0025
1.0096
1.01646
1.02388
1.0304
1.03782
1.0464
1.05682
1.06568
1.07713
1.08823
1.0981
1.10986
1.12305
1.13617
1.14864
1.16528
1.18021
1.1935
1.20359
1.21577
1.22526
1.2334
1.24282
1.25198
1.26117
1.27429
1.28887
1.30412
1.32548
1.35087
1.39399
1.44918
1.4789
1.561
1.61816
1.73752
1.84782
