0.144642
0.144642
0.153093
0.153093
0.154912
0.154912
0.156674
0.156677
0.158443
0.15846
0.161665
0.161697
0.164528
0.164624
0.167071
0.167431
0.170205
0.170448
0.172746
0.173241
0.175471
0.176095
0.178616
0.179302
0.181955
0.18292
0.18508
0.185989
0.187795
0.188953
0.191287
0.192562
0.194786
0.196088
0.198135
0.199392
0.201196
0.202827
0.204878
0.206532
0.208758
0.210195
0.212263
0.213704
0.215397
0.216965
0.21848
0.219755
0.221764
0.22284
0.224904
0.226315
0.228032
0.229199
0.230655
0.232194
0.233742
0.235067
0.23652
0.238033
0.239431
0.240868
0.242879
0.244485
0.246114
0.247758
0.249365
0.250715
0.252535
0.25449
0.256337
0.257748
0.259389
0.260706
0.263175
0.265072
0.266375
0.268102
0.269697
0.271491
0.272965
0.27479
0.276445
0.277901
0.279949
0.281528
0.283022
0.284308
0.285746
0.287143
0.288832
0.290234
0.291686
0.29292
0.294427
0.295966
0.297051
0.298471
0.299653
0.300966
0.302095
0.303521
0.305115
0.306552
0.307969
0.309187
0.310352
0.311488
0.312646
0.314159
0.315656
0.316965
0.318253
0.319774
0.32067
0.321827
0.322579
0.323716
0.325083
0.326389
0.327691
0.328793
0.329964
0.330906
0.331853
0.333261
0.334324
0.335484
0.336186
0.337772
0.338978
0.340111
0.34098
0.34247
0.34378
0.345154
0.346439
0.347968
0.349241
0.350573
0.351888
0.353036
0.35421
0.355116
0.356493
0.357534
0.358424
0.359781
0.361045
0.362263
0.363471
0.364407
0.365502
0.366349
0.367223
0.368129
0.369451
0.370683
0.37193
0.373325
0.374756
0.375878
0.376998
0.378173
0.379249
0.380677
0.382062
0.38299
0.384309
0.385692
0.387003
0.387955
0.38949
0.390803
0.391891
0.393275
0.394264
0.395408
0.396885
0.398217
0.399309
0.4005
0.401606
0.402927
0.404422
0.405552
0.40674
0.408121
0.409472
0.410686
0.411789
0.413163
0.414608
0.415749
0.417434
0.418703
0.419732
0.420868
0.422457
0.423443
0.425225
0.426714
0.428136
0.429529
0.431041
0.432841
0.434365
0.435846
0.437451
0.43878
0.440105
0.441525
0.443019
0.444433
0.446109
0.447422
0.449028
0.450603
0.452061
0.453745
0.455252
0.456838
0.458341
0.459433
0.461034
0.462557
0.464241
0.465465
0.466787
0.467909
0.469618
0.471037
0.472269
0.473417
0.474946
0.476455
0.478355
0.480101
0.481546
0.483245
0.485124
0.486832
0.488381
0.489858
0.491685
0.49346
0.494859
0.496614
0.497939
0.499349
0.500868
0.502462
0.503942
0.50578
0.507217
0.508787
0.510396
0.512037
0.513423
0.514758
0.516734
0.518169
0.519975
0.521484
0.522986
0.52434
0.526109
0.527947
0.529641
0.53147
0.533629
0.53501
0.53666
0.538475
0.540067
0.541628
0.543325
0.545251
0.546679
0.548906
0.551028
0.552899
0.554628
0.556623
0.558363
0.560021
0.562121
0.563646
0.565528
0.567418
0.569258
0.571277
0.573271
0.575117
0.576942
0.578784
0.580659
0.582443
0.584504
0.586293
0.587745
0.590152
0.592027
0.59414
0.596623
0.598688
0.600704
0.602933
0.604786
0.607005
0.609464
0.611456
0.613616
0.61572
0.617629
0.619256
0.621111
0.622869
0.625467
0.627795
0.629542
0.631477
0.633597
0.635286
0.637157
0.639347
0.641326
0.643546
0.645497
0.647167
0.648813
0.650639
0.65256
0.654097
0.65614
0.657519
0.659852
0.662047
0.66356
0.665466
0.66755
0.670386
0.672017
0.67418
0.676371
0.678391
0.680916
0.683241
0.685354
0.687334
0.689825
0.691918
0.694302
0.696694
0.699236
0.701515
0.70388
0.706061
0.708569
0.711257
0.713814
0.716275
0.71864
0.720794
0.723429
0.725953
0.728744
0.730792
0.733556
0.736069
0.738545
0.741421
0.743981
0.747298
0.750327
0.753659
0.757625
0.761384
0.764854
0.767652
0.771341
0.775331
0.779271
0.782881
0.787017
0.790918
0.795276
0.798705
0.802427
0.8064
0.809814
0.813366
0.816547
0.81973
0.824751
0.829228
0.834291
0.839278
0.844334
0.849776
0.853537
0.858474
0.863627
0.86828
0.872181
0.878632
0.885519
0.890834
0.896578
0.902992
0.909438
0.915023
0.921645
0.92922
0.935022
0.941069
0.947465
0.954242
0.961363
0.96814
0.977259
0.984774
0.991811
0.997098
1.00329
1.01103
1.01861
1.02678
1.03436
1.04319
1.05171
1.06313
1.07352
1.08365
1.09387
1.1044
1.11746
1.13258
1.1537
1.17684
1.19652
1.21897
1.24088
1.26328
1.28762
1.31682
1.35333
1.39043
1.43521
1.70259
