0.148329
0.148329
0.160118
0.160118
0.165895
0.165895
0.172612
0.172612
0.179047
0.179049
0.184558
0.184917
0.191127
0.191336
0.19606
0.196454
0.203416
0.204274
0.21023
0.211453
0.216765
0.217843
0.221882
0.222974
0.227048
0.22804
0.231453
0.233074
0.236451
0.237748
0.24071
0.242252
0.245454
0.246828
0.249161
0.250931
0.252948
0.254829
0.257062
0.25844
0.261158
0.262597
0.265463
0.267252
0.269451
0.271039
0.273512
0.275099
0.277183
0.279199
0.281061
0.283101
0.285241
0.287355
0.28978
0.291949
0.29441
0.296217
0.297986
0.299815
0.301429
0.303561
0.305003
0.306509
0.308403
0.310391
0.311527
0.313612
0.314986
0.316509
0.318026
0.320187
0.321759
0.323106
0.324631
0.325791
0.327242
0.328885
0.330554
0.332184
0.333755
0.335168
0.336858
0.338416
0.340059
0.341808
0.343175
0.345251
0.346208
0.347659
0.349015
0.350694
0.352047
0.35382
0.354791
0.356525
0.357742
0.359233
0.36077
0.362073
0.363668
0.365062
0.366804
0.367962
0.369808
0.371518
0.373258
0.374976
0.376192
0.377842
0.379069
0.380278
0.381553
0.383368
0.384713
0.386208
0.387222
0.389226
0.390253
0.392087
0.393068
0.39453
0.395901
0.397316
0.398791
0.40024
0.401658
0.402678
0.403789
0.405356
0.40693
0.408122
0.409463
0.411035
0.412248
0.413588
0.414799
0.416335
0.417994
0.419244
0.420737
0.421908
0.423574
0.424863
0.426356
0.428116
0.429331
0.430748
0.432203
0.433484
0.434901
0.436639
0.438163
0.43951
0.44103
0.442304
0.443591
0.444842
0.446616
0.447697
0.449426
0.450578
0.451881
0.453404
0.454794
0.45634
0.457538
0.458825
0.460083
0.461135
0.462695
0.464081
0.465487
0.466799
0.468519
0.469802
0.471071
0.472824
0.474064
0.475486
0.477351
0.478707
0.480523
0.48203
0.483527
0.485251
0.48648
0.488365
0.490069
0.491783
0.49354
0.495079
0.49648
0.497833
0.499671
0.501539
0.503173
0.504759
0.505964
0.507487
0.508923
0.510428
0.51206
0.51355
0.515467
0.516747
0.518418
0.520123
0.521558
0.523206
0.524999
0.526877
0.528801
0.53052
0.532302
0.534246
0.535676
0.537016
0.538452
0.539931
0.541437
0.543247
0.544997
0.547108
0.548621
0.550355
0.552299
0.554077
0.55594
0.558031
0.559698
0.561441
0.563377
0.565369
0.567407
0.569055
0.57066
0.57243
0.574392
0.576372
0.578273
0.579959
0.581707
0.583727
0.585447
0.58788
0.58986
0.59212
0.594267
0.59671
0.59872
0.600821
0.603182
0.605091
0.607173
0.608751
0.610665
0.612598
0.614612
0.616619
0.618628
0.620623
0.62292
0.624824
0.627276
0.62931
0.631539
0.633749
0.635583
0.637804
0.639892
0.641728
0.643397
0.645237
0.647128
0.648974
0.650765
0.652441
0.654651
0.656454
0.658022
0.659952
0.661461
0.662978
0.664556
0.666388
0.668127
0.669764
0.671914
0.673974
0.676155
0.677979
0.68053
0.682307
0.68483
0.686981
0.689284
0.692371
0.694735
0.697041
0.699403
0.702063
0.704849
0.707327
0.710102
0.712652
0.715618
0.718631
0.721344
0.723851
0.726566
0.730265
0.733332
0.736519
0.739766
0.742435
0.746478
0.749415
0.753161
0.756812
0.760431
0.763202
0.76671
0.769538
0.772816
0.775752
0.77893
0.782384
0.785317
0.789212
0.792843
0.796732
0.800428
0.803938
0.807564
0.811995
0.815691
0.820284
0.824225
0.828159
0.832452
0.836663
0.841978
0.846452
0.851273
0.855305
0.860271
0.86511
0.87023
0.875651
0.880969
0.884958
0.889095
0.892989
0.897573
0.902095
0.906547
0.911497
0.916722
0.922367
0.92672
0.93145
0.935128
0.940244
0.945635
0.951189
0.956021
0.963015
0.969796
0.978566
0.985208
0.995281
1.00323
1.01296
1.02277
1.03162
1.04063
1.04968
1.06109
1.07326
1.08601
1.09801
1.11065
1.11964
1.13306
1.1461
1.1608
1.17533
1.1877
1.20077
1.21707
1.23262
1.25173
1.2715
1.29262
1.3326
1.39376
1.48538
1.6231
1.75449
