0.145722
0.145722
0.153076
0.153076
0.15464
0.15464
0.156945
0.156945
0.158836
0.159016
0.161314
0.161619
0.163594
0.163846
0.166192
0.166537
0.169193
0.169825
0.171548
0.171905
0.17431
0.175244
0.177338
0.178081
0.179928
0.180931
0.182866
0.184319
0.186111
0.187863
0.189113
0.190344
0.191871
0.193573
0.194806
0.196454
0.197864
0.199439
0.200536
0.20218
0.203298
0.204619
0.20588
0.207567
0.208964
0.21075
0.212122
0.21385
0.215111
0.21634
0.217462
0.218968
0.220243
0.221597
0.222899
0.224263
0.225864
0.227017
0.228636
0.230037
0.231745
0.232925
0.234438
0.235566
0.236907
0.238481
0.239817
0.24129
0.242569
0.243921
0.244736
0.245872
0.247277
0.248713
0.2498
0.251036
0.25236
0.253668
0.254707
0.256065
0.257387
0.258523
0.25973
0.260978
0.262063
0.263398
0.264509
0.265693
0.267169
0.268237
0.269418
0.270427
0.271726
0.272679
0.273937
0.275193
0.276213
0.277457
0.278567
0.279946
0.28087
0.282073
0.283306
0.284497
0.285491
0.286586
0.287492
0.288807
0.289823
0.290707
0.291719
0.292738
0.293987
0.295199
0.296237
0.297432
0.298447
0.299786
0.301061
0.302131
0.303042
0.304216
0.305192
0.306207
0.307256
0.30839
0.309349
0.310294
0.311443
0.312245
0.313449
0.31446
0.315455
0.316587
0.317549
0.318575
0.319541
0.320693
0.32162
0.322796
0.323818
0.324844
0.325748
0.326708
0.327799
0.328771
0.329654
0.330681
0.33173
0.332606
0.333727
0.334492
0.335669
0.336567
0.337483
0.338527
0.339601
0.340666
0.341589
0.342751
0.343723
0.344786
0.345917
0.347072
0.348189
0.349269
0.350271
0.351255
0.352452
0.353456
0.354323
0.355286
0.356425
0.357391
0.358221
0.359332
0.360452
0.361754
0.362941
0.36379
0.364644
0.365591
0.366625
0.367536
0.36875
0.369853
0.370966
0.371841
0.372919
0.374025
0.375151
0.376223
0.377255
0.378291
0.379462
0.38045
0.38152
0.3825
0.38374
0.384617
0.385611
0.386457
0.387548
0.388524
0.38957
0.390666
0.391688
0.392608
0.393578
0.394422
0.395595
0.396706
0.397674
0.398857
0.400184
0.400867
0.401758
0.402865
0.404092
0.40519
0.406028
0.407106
0.408421
0.409661
0.410882
0.41195
0.413403
0.414603
0.415731
0.417132
0.418227
0.419466
0.421163
0.422278
0.423779
0.424825
0.426198
0.42743
0.428823
0.430017
0.43121
0.432085
0.433417
0.434682
0.435778
0.436955
0.438417
0.439491
0.441005
0.44226
0.443438
0.444675
0.446173
0.447353
0.44881
0.44981
0.451103
0.452251
0.453414
0.454702
0.455857
0.457195
0.45847
0.459592
0.460974
0.462398
0.463795
0.4651
0.46617
0.467481
0.468506
0.469518
0.470617
0.471709
0.472874
0.474296
0.475346
0.476904
0.477986
0.478988
0.480198
0.481643
0.482921
0.484341
0.485566
0.487126
0.4883
0.489341
0.490839
0.492072
0.493116
0.494512
0.495941
0.49714
0.498279
0.499667
0.500886
0.501961
0.503514
0.504577
0.50596
0.507253
0.508738
0.509953
0.511391
0.512644
0.514176
0.515593
0.516933
0.518021
0.519417
0.520755
0.522262
0.523344
0.524792
0.526056
0.527375
0.528765
0.530465
0.531967
0.53323
0.534376
0.536089
0.537761
0.539512
0.541113
0.542776
0.544394
0.54572
0.547237
0.548857
0.550401
0.551826
0.553335
0.554978
0.557078
0.55861
0.560404
0.562098
0.563763
0.565503
0.567315
0.569054
0.570448
0.572105
0.574035
0.575634
0.577252
0.579051
0.580666
0.582643
0.58469
0.586162
0.587582
0.589099
0.590679
0.591766
0.593536
0.59515
0.596477
0.59794
0.599591
0.601066
0.602723
0.604482
0.605951
0.607705
0.609172
0.610816
0.612773
0.614496
0.61595
0.617529
0.619395
0.621173
0.62317
0.62525
0.626955
0.628464
0.630129
0.632326
0.633938
0.635635
0.63775
0.639971
0.641863
0.64348
0.645421
0.647234
0.649059
0.650902
0.652308
0.654143
0.655648
0.657489
0.659633
0.661897
0.66363
0.665509
0.667357
0.669301
0.67134
0.673108
0.675441
0.677737
0.679786
0.681596
0.683313
0.685693
0.68783
0.689642
0.691904
0.693832
0.696156
0.69849
0.700655
0.702497
0.704714
0.707307
0.709202
0.711409
0.714001
0.715962
0.718093
0.720569
0.722457
0.72513
0.727593
0.729587
0.731817
0.734636
0.737256
0.740151
0.742804
0.745562
0.748312
0.750972
0.753756
0.756841
0.759636
0.762107
0.764831
0.768221
0.770978
0.774332
0.777562
0.780408
0.783759
0.787383
0.790363
0.793308
0.796658
0.800209
0.80335
0.807356
0.811707
0.815496
0.819529
0.824174
0.829173
0.833876
0.838694
0.843803
0.849029
0.854784
0.859957
0.866312
0.873617
0.87901
0.885837
0.892853
0.900617
0.907683
0.914236
0.921091
0.928023
0.934598
0.941175
0.949828
0.957575
0.966902
0.974399
0.981506
0.991631
1.00143
1.01029
1.02168
1.03396
1.04684
1.05836
1.06929
1.08592
1.10366
1.12144
1.14626
1.18533
1.23667
1.28636
1.33479
1.70909
