0.328
0.328
0.328
0.328
0.328
0.328
0.328
0.329
0.329
0.329
0.33
0.33
0.33
0.331
0.332
0.332
0.332
0.332
0.332
0.333
0.334
0.334
0.334
0.334
0.334
0.335
0.336
0.338
0.338
0.338
0.338
0.338
0.339
0.34
0.342
0.342
0.342
0.342
0.342
0.343
0.343
0.343
0.344
0.345
0.347
0.347
0.347
0.348
0.348
0.35
0.35
0.351
0.351
0.351
0.351
0.351
0.351
0.352
0.353
0.355
0.357
0.358
0.36
0.36
0.361
0.362
0.363
0.365
0.367
0.368
0.371
0.373
0.376
0.377
0.379
0.379
0.386
0.39
0.392
0.395
0.4
0.4
0.404
0.404
0.407
0.409
0.411
0.414
0.415
0.417
0.418
0.42
0.42
0.422
0.425
0.426
0.428
0.431
0.432
0.437
0.439
0.44
0.442
0.443
0.446
0.45
0.45
0.453
0.455
0.458
0.462
0.464
0.467
0.472
0.472
0.474
0.474
0.475
0.481
0.485
0.487
0.487
0.489
0.494
0.495
0.497
0.497
0.498
0.501
0.504
0.508
0.51
0.51
0.512
0.514
0.514
0.515
0.515
0.515
0.516
0.517
0.519
0.523
0.524
0.531
0.534
0.536
0.541
0.545
0.547
0.553
0.553
0.554
0.559
0.563
0.568
0.573
0.579
0.582
0.584
0.588
0.592
0.596
0.597
0.6
0.602
0.605
0.606
0.607
0.607
0.608
0.611
0.613
0.616
0.618
0.62
0.623
0.626
0.626
0.63
0.631
0.634
0.637
0.638
0.639
0.641
0.645
0.651
0.658
0.659
0.664
0.667
0.671
0.673
0.674
0.68
0.684
0.686
0.692
0.694
0.697
0.7
0.704
0.708
0.712
0.717
0.72
0.724
0.726
0.727
0.727
0.729
0.731
0.733
0.736
0.739
0.746
0.748
0.752
0.753
0.761
0.765
0.768
0.773
0.777
0.779
0.781
0.786
0.793
0.797
0.804
0.807
0.809
0.812
0.813
0.816
0.818
0.819
0.821
0.826
0.828
0.835
0.839
0.843
0.848
0.855
0.86
0.86
0.864
0.868
0.871
0.877
0.88
0.885
0.888
0.895
0.898
0.899
0.901
0.902
0.904
0.907
0.91
0.912
0.917
0.922
0.925
0.927
0.935
0.941
0.946
0.952
0.957
0.962
0.966
0.971
0.976
0.98
0.98
0.983
0.989
0.991
0.993
0.993
0.994
0.998
1.003
1.008
1.014
1.019
1.025
1.029
1.038
1.046
1.052
1.059
1.065
1.07
1.071
1.075
1.078
1.085
1.085
1.087
1.09
1.091
1.094
1.098
1.103
1.105
1.106
1.111
1.116
1.129
1.138
1.143
1.147
1.152
1.152
1.16
1.161
1.164
1.169
1.173
1.179
1.182
1.185
1.193
1.199
1.204
1.209
1.217
1.224
1.228
1.235
1.237
1.242
1.246
1.251
1.257
1.265
1.267
1.274
1.277
1.279
1.287
1.289
1.299
1.304
1.306
1.312
1.313
1.317
1.324
1.329
1.334
1.34
1.346
1.354
1.359
1.364
1.37
1.379
1.387
1.392
1.396
1.4
1.403
1.405
1.409
1.418
1.426
1.433
1.439
1.446
1.448
1.455
1.459
1.468
1.47
1.479
1.482
1.485
1.49
1.498
1.501
1.507
1.516
1.525
1.53
1.539
1.544
1.552
1.555
1.558
1.566
1.573
1.58
1.585
1.593
1.6
1.608
1.611
1.615
1.618
1.626
1.631
1.634
1.645
1.651
1.659
1.666
1.675
1.679
1.684
1.691
1.696
1.702
1.708
1.716
1.727
1.74
1.746
1.752
1.756
1.759
1.764
1.773
1.782
1.795
1.804
1.809
1.815
1.823
1.826
1.837
1.85
1.862
1.872
1.879
1.889
1.896
1.902
1.907
1.909
1.919
1.935
1.95
1.958
1.966
1.971
1.976
1.985
1.993
2.004
2.013
2.02
2.032
2.042
2.049
2.057
2.067
2.073
2.085
2.096
2.105
2.121
2.128
2.14
2.159
2.172
2.184
2.193
2.214
2.231
2.248
2.262
2.28
2.303
2.331
2.353
2.381
2.407
2.444
2.482
2.525
2.558
2.609
2.656
2.724
2.812
2.887
2.976
3.076
3.252
3.492
3.66
3.981
4.338
4.967
