0.148424
0.148424
0.151687
0.151687
0.151903
0.151903
0.151997
0.151997
0.152614
0.152614
0.152843
0.152843
0.152976
0.152976
0.153634
0.153634
0.153926
0.153926
0.154379
0.154379
0.154867
0.154867
0.155057
0.155057
0.155415
0.155415
0.158589
0.158589
0.159418
0.159418
0.161225
0.161225
0.161377
0.163434
0.163434
0.164748
0.164748
0.164864
0.164864
0.166066
0.166066
0.166957
0.168586
0.168586
0.169938
0.169938
0.171783
0.171783
0.174748
0.174748
0.175986
0.175986
0.178451
0.178451
0.178853
0.178853
0.179705
0.179705
0.180251
0.180251
0.182395
0.182395
0.183009
0.183009
0.183496
0.183496
0.185102
0.185688
0.185688
0.185961
0.185961
0.186866
0.186866
0.186995
0.186995
0.187467
0.187467
0.188424
0.188424
0.188772
0.188772
0.189197
0.189197
0.196081
0.196081
0.196869
0.196869
0.198624
0.198624
0.198865
0.198865
0.199435
0.199435
0.201314
0.201314
0.201372
0.204258
0.204258
0.204561
0.204561
0.206478
0.206478
0.207068
0.207068
0.209535
0.213338
0.213338
0.213771
0.213771
0.213878
0.213878
0.214859
0.21591
0.21591
0.216326
0.216326
0.216952
0.216952
0.217124
0.217124
0.219707
0.219707
0.220081
0.220081
0.22044
0.221474
0.221474
0.222686
0.222686
0.224605
0.224605
0.227314
0.227314
0.229129
0.229129
0.231275
0.231275
0.231921
0.231921
0.233329
0.233329
0.233839
0.234137
0.234137
0.2348
0.235697
0.235697
0.235788
0.235788
0.236026
0.236026
0.236341
0.236341
0.238036
0.238036
0.238866
0.238866
0.23927
0.23927
0.241178
0.241178
0.241281
0.241281
0.241713
0.241713
0.242724
0.242724
0.246772
0.246772
0.249214
0.250759
0.250759
0.252312
0.252634
0.252634
0.252667
0.252667
0.253111
0.253974
0.253974
0.254312
0.254312
0.254741
0.254741
0.255278
0.255278
0.256361
0.256361
0.258836
0.258836
0.258912
0.258912
0.258961
0.259522
0.266535
0.270198
0.271214
0.271214
0.271217
0.271217
0.271665
0.271665
0.271725
0.271725
0.272864
0.272864
0.272994
0.272994
0.275631
0.276709
0.276709
0.277749
0.277749
0.278281
0.278281
0.279459
0.279459
0.279648
0.279648
0.279978
0.280025
0.280025
0.280767
0.280767
0.281827
0.281827
0.282027
0.282361
0.282361
0.282492
0.282492
0.283103
0.283103
0.283816
0.285103
0.285103
0.285263
0.285263
0.285742
0.287201
0.287201
0.28766
0.288452
0.288452
0.289362
0.289362
0.289627
0.289627
0.289884
0.289884
0.290159
0.29039
0.291018
0.291659
0.293327
0.293327
0.294149
0.294149
0.296574
0.296574
0.2966
0.2966
0.296915
0.297911
0.297911
0.299161
0.299161
0.299229
0.299229
0.299248
0.299248
0.30058
0.302495
0.302495
0.304048
0.304048
0.304348
0.304348
0.304469
0.304469
0.305468
0.305468
0.305794
0.305984
0.305984
0.307262
0.308666
0.308666
0.309278
0.309587
0.309631
0.310112
0.310112
0.310125
0.310125
0.310556
0.311319
0.311319
0.311624
0.312288
0.312288
0.313492
0.314101
0.314845
0.315158
0.315158
0.316102
0.316175
0.317051
0.317051
0.318017
0.318394
0.320636
0.320636
0.320778
0.320778
0.322949
0.322949
0.323062
0.323062
0.323361
0.325261
0.325261
0.325604
0.325604
0.326656
0.327626
0.329615
0.329615
0.330737
0.332258
0.332258
0.332981
0.333649
0.335596
0.335596
0.336339
0.336859
0.336859
0.340386
0.341042
0.341395
0.341395
0.34159
0.341701
0.341701
0.342503
0.342503
0.343209
0.343209
0.343229
0.343229
0.343671
0.345031
0.345031
0.345357
0.347267
0.347518
0.347518
0.348043
0.349224
0.349224
0.349961
0.349961
0.350378
0.350425
0.350425
0.351339
0.351339
0.353793
0.353793
0.354919
0.354919
0.356038
0.356038
0.356164
0.357659
0.357659
0.357926
0.358651
0.358819
0.358819
0.359937
0.360904
0.360904
0.361663
0.361663
0.362328
0.362328
0.362604
0.362604
0.364302
0.364998
0.364998
0.365249
0.365249
0.36703
0.367635
0.367635
0.36821
0.36821
0.369397
0.372033
0.372049
0.373147
0.373147
0.373278
0.374241
0.374241
0.374523
0.374523
0.376188
0.376188
0.376747
0.376786
0.376786
0.377192
0.377322
0.377549
0.377947
0.377947
0.377954
0.378382
0.378499
0.380076
0.380076
0.380171
0.380844
0.380973
0.380973
0.38114
0.381267
0.381367
0.384286
0.384992
0.384992
0.385307
0.385981
0.386969
0.386969
0.38755
0.387908
0.387908
0.388325
0.388883
0.393825
0.393884
0.395501
0.395742
0.395742
0.396009
0.396388
0.396388
0.398987
0.400907
0.400907
0.401384
0.401569
0.401724
0.401724
0.402037
0.402037
0.404102
0.404213
0.404213
0.405595
0.405595
0.40668
0.407319
0.407319
0.407979
0.407979
0.408174
0.409374
0.409374
0.409744
0.411028
0.411532
0.411859
0.412111
0.412388
0.412935
0.413439
0.413601
0.413601
0.414416
0.415676
0.415676
0.416115
0.416115
0.416136
0.416136
0.417451
0.419433
0.419583
0.42009
0.421142
0.421142
0.421442
0.421442
0.425464
0.426304
0.426355
0.426355
0.427027
0.427027
0.427513
0.427832
0.42826
0.428792
0.429303
0.431391
0.431399
0.431948
0.432478
0.434221
0.434865
0.436359
0.436359
0.438343
0.439302
0.439331
0.439456
0.439456
0.44029
0.440546
0.442674
0.442674
0.442993
0.4444
0.4444
0.445273
0.447429
0.448201
0.448366
0.448366
0.448702
0.448702
0.44916
0.449547
0.449547
0.452082
0.453158
0.454929
0.455238
0.456896
0.45703
0.45743
0.45743
0.458495
0.458829
0.458829
0.45883
0.459075
0.459075
0.460573
0.460573
0.461868
0.464151
0.464151
0.466619
0.466955
0.467236
0.467481
0.467572
0.46788
0.468482
0.469306
0.469843
0.470858
0.470882
0.472082
0.473139
0.473495
0.473732
0.474909
0.47553
0.475937
0.477825
0.478213
0.47917
0.483315
0.483746
0.485026
0.48551
0.486018
0.487524
0.491352
0.492196
0.49345
0.495408
0.497345
0.497345
0.497786
0.497786
0.49805
0.498533
0.503083
0.505537
0.506472
0.506472
0.507166
0.508596
0.509611
0.510096
0.513294
0.513294
0.514306
0.51778
0.517986
0.517986
0.518649
0.520333
0.520419
0.523222
0.523222
0.523856
0.52403
0.52415
0.527192
0.528352
0.528352
0.528524
0.529456
0.532878
0.53297
0.533437
0.534699
0.535102
0.535143
0.535703
0.539005
0.539005
0.539886
0.54082
0.541808
0.546734
0.551831
0.552714
0.552714
0.554316
0.554859
0.556036
0.556036
0.557378
0.557378
0.558832
0.560281
0.561989
0.562603
0.56827
0.571657
0.571657
0.572044
0.572044
0.572637
0.572662
0.573612
0.573612
0.574998
0.577106
0.580577
0.586605
0.589148
0.592913
0.596564
0.600635
0.601175
0.603628
0.603628
0.604463
0.604833
0.604965
0.606516
0.606516
0.606886
0.608225
0.613491
0.615468
0.622195
0.622252
0.624179
0.625768
0.626771
0.630066
0.630456
0.631723
0.631907
0.633664
0.641622
0.643709
0.643779
0.649778
0.651743
0.655492
0.658467
0.658467
0.658645
0.658953
0.660487
0.669455
0.67718
0.68063
0.702334
0.704594
0.70614
0.708094
0.708763
0.713248
0.71956
0.725938
0.728816
0.733932
0.738684
0.741883
0.74222
0.747682
0.747682
0.752484
0.754068
0.758894
0.760588
0.766343
0.77206
0.776627
0.784283
0.787425
0.789787
0.791852
0.803727
0.806234
0.807766
0.818835
0.824878
0.865219
0.880683
0.88079
0.91162
0.913175
0.917132
0.929398
0.929398
0.933314
0.949799
0.983719
1.00925
1.01993
1.07441
1.07482
1.20744
