0.146824
0.146824
0.1516
0.1516
0.152629
0.152629
0.15342
0.153431
0.154065
0.154085
0.155003
0.155017
0.155948
0.15595
0.156776
0.156848
0.157692
0.15779
0.158954
0.15904
0.159977
0.160198
0.161167
0.161299
0.162244
0.162401
0.163313
0.163658
0.164682
0.165054
0.165972
0.166129
0.167339
0.167504
0.16854
0.168863
0.169792
0.170082
0.171042
0.171557
0.172317
0.172642
0.173645
0.174144
0.175029
0.175478
0.176257
0.176662
0.177478
0.177855
0.178656
0.17926
0.179907
0.180543
0.181355
0.18194
0.182418
0.182971
0.183614
0.184299
0.185122
0.185867
0.186805
0.18735
0.187989
0.188516
0.189163
0.189721
0.190322
0.191064
0.191562
0.19225
0.192952
0.193627
0.194231
0.19498
0.19569
0.196431
0.19694
0.197564
0.198079
0.198656
0.199166
0.199792
0.200283
0.201005
0.201606
0.202227
0.202957
0.203562
0.204182
0.205004
0.205542
0.206259
0.206823
0.207299
0.207908
0.208483
0.209137
0.209671
0.210148
0.210959
0.21142
0.212118
0.212777
0.213509
0.213896
0.214539
0.214902
0.215576
0.215967
0.21663
0.217159
0.217867
0.218312
0.218744
0.21947
0.219932
0.220588
0.221207
0.221816
0.222421
0.223062
0.223535
0.22401
0.224625
0.225137
0.225734
0.226156
0.22687
0.227553
0.228348
0.228889
0.229473
0.230078
0.230918
0.231448
0.231995
0.232672
0.23318
0.233686
0.234202
0.2349
0.235384
0.236006
0.236576
0.237188
0.237641
0.238365
0.238905
0.239392
0.239791
0.240479
0.240985
0.241487
0.241939
0.242675
0.243116
0.243653
0.244214
0.244741
0.24535
0.245883
0.246348
0.246803
0.247219
0.24765
0.248181
0.248733
0.249413
0.249878
0.250427
0.250875
0.25146
0.251951
0.252539
0.253097
0.253792
0.254191
0.254742
0.255254
0.255852
0.256374
0.257066
0.257781
0.258292
0.258804
0.259282
0.25981
0.260217
0.260739
0.26125
0.26179
0.262327
0.263031
0.263575
0.264148
0.264677
0.265104
0.265737
0.266128
0.266643
0.267221
0.26777
0.268297
0.269004
0.269683
0.270118
0.270706
0.27132
0.271874
0.272416
0.272931
0.273514
0.27396
0.274431
0.275074
0.275594
0.276187
0.276679
0.277219
0.277785
0.278304
0.278766
0.279349
0.279784
0.280264
0.280671
0.281213
0.281648
0.282139
0.282577
0.283088
0.283774
0.284348
0.284833
0.285495
0.286032
0.28653
0.287036
0.287459
0.288003
0.288474
0.289115
0.289654
0.290241
0.290816
0.291382
0.291945
0.292391
0.292931
0.293408
0.294018
0.294609
0.295217
0.295819
0.296422
0.296894
0.297476
0.297994
0.298627
0.299139
0.299773
0.300391
0.300869
0.301429
0.30192
0.302541
0.303137
0.303762
0.304427
0.304988
0.305702
0.306115
0.306701
0.307382
0.308042
0.308653
0.309047
0.309609
0.31005
0.310719
0.311172
0.311752
0.312286
0.312854
0.31347
0.31407
0.314532
0.315104
0.315657
0.316162
0.316726
0.317252
0.317796
0.318212
0.318746
0.319327
0.319864
0.320357
0.320805
0.321484
0.322036
0.322396
0.322998
0.323554
0.324009
0.324571
0.32521
0.325623
0.32614
0.32663
0.327378
0.327824
0.328472
0.328915
0.329478
0.329975
0.330439
0.331027
0.331543
0.33209
0.332748
0.333339
0.334006
0.334546
0.335069
0.335619
0.336134
0.336673
0.337397
0.337921
0.3383
0.338747
0.339365
0.339866
0.340376
0.340858
0.34126
0.341912
0.342338
0.342878
0.343562
0.344103
0.344557
0.345129
0.345664
0.346129
0.3467
0.34719
0.347703
0.348194
0.348704
0.349317
0.349813
0.350452
0.350984
0.351603
0.35208
0.352471
0.352879
0.353388
0.353988
0.354601
0.35517
0.355689
0.356103
0.356695
0.357346
0.358028
0.358418
0.358992
0.359491
0.360011
0.36067
0.361329
0.361948
0.362501
0.36312
0.36362
0.364197
0.364717
0.365301
0.365931
0.366368
0.366944
0.367507
0.368195
0.368687
0.36915
0.369655
0.370217
0.370914
0.371434
0.371924
0.372483
0.372996
0.373566
0.373955
0.374694
0.375269
0.375951
0.376517
0.377162
0.377837
0.378302
0.378865
0.379567
0.380189
0.380747
0.381359
0.381979
0.382536
0.383104
0.383692
0.384233
0.384839
0.385501
0.386058
0.386839
0.387389
0.388215
0.388765
0.389377
0.390017
0.390741
0.391279
0.391832
0.392452
0.393151
0.393826
0.39427
0.394782
0.395519
0.396142
0.396791
0.397389
0.398013
0.398554
0.399143
0.399798
0.400407
0.400946
0.401597
0.402366
0.403146
0.403714
0.404377
0.405147
0.40573
0.406385
0.407016
0.407666
0.408174
0.40878
0.409317
0.409901
0.410581
0.411284
0.411924
0.412697
0.413186
0.41395
0.414512
0.415163
0.415764
0.416513
0.417214
0.417816
0.418481
0.419251
0.419741
0.420458
0.421016
0.421727
0.422422
0.422955
0.423758
0.424456
0.425121
0.425638
0.42616
0.427012
0.4278
0.428589
0.429239
0.430023
0.430684
0.431657
0.432259
0.432945
0.433869
0.434659
0.435436
0.436294
0.437218
0.437828
0.438692
0.439373
0.440185
0.440987
0.441884
0.4427
0.44349
0.444174
0.44492
0.445582
0.446301
0.447068
0.447831
0.448686
0.44964
0.450491
0.451115
0.45197
0.452634
0.453498
0.454448
0.455256
0.456071
0.456741
0.457438
0.458463
0.459355
0.460169
0.46115
0.461925
0.462627
0.463445
0.464217
0.465233
0.466031
0.466852
0.467591
0.468371
0.469529
0.470411
0.471289
0.472492
0.473236
0.473987
0.474928
0.475758
0.476667
0.477375
0.478266
0.47902
0.479956
0.48101
0.481724
0.482555
0.483325
0.484451
0.485272
0.486093
0.48695
0.488014
0.488794
0.489733
0.490689
0.491599
0.492248
0.49314
0.493937
0.494705
0.495713
0.496507
0.497337
0.498349
0.499289
0.500359
0.501027
0.502022
0.502884
0.503583
0.504611
0.505653
0.506575
0.507601
0.508658
0.509571
0.510561
0.511688
0.512674
0.513852
0.514909
0.515884
0.517008
0.518096
0.519049
0.520013
0.521133
0.521965
0.522919
0.523989
0.524978
0.526112
0.527236
0.528204
0.529304
0.530372
0.531562
0.532819
0.533948
0.535038
0.536202
0.537226
0.538571
0.539646
0.540756
0.541861
0.54329
0.54437
0.545818
0.547037
0.548151
0.549304
0.550495
0.551536
0.552575
0.553825
0.555151
0.556371
0.557717
0.559078
0.560129
0.561379
0.562779
0.564091
0.565643
0.566995
0.568482
0.570138
0.571504
0.572714
0.573813
0.575237
0.576504
0.577671
0.579054
0.580626
0.581971
0.583216
0.584278
0.585686
0.587295
0.588714
0.589973
0.591668
0.593195
0.594756
0.595934
0.597346
0.599329
0.600828
0.602432
0.604066
0.605859
0.607408
0.608893
0.610191
0.611947
0.613486
0.615206
0.61683
0.618363
0.620451
0.621836
0.623541
0.625293
0.627434
0.62909
0.630519
0.632364
0.634291
0.636047
0.637685
0.639786
0.641329
0.643133
0.645051
0.646725
0.648929
0.651282
0.653655
0.655546
0.657886
0.659443
0.661052
0.662907
0.665091
0.667428
0.66991
0.672283
0.674418
0.676911
0.67988
0.682393
0.685047
0.687986
0.691184
0.693996
0.696983
0.69932
0.702154
0.70526
0.708492
0.711621
0.714589
0.717959
0.721527
0.725205
0.728652
0.732284
0.735481
0.738558
0.742624
0.746073
0.75064
0.754599
0.759159
0.764455
0.768899
0.773327
0.778177
0.784489
0.789839
0.79588
0.802937
0.810197
0.816856
0.824664
0.830437
0.838272
0.846978
0.857294
0.866592
0.878973
0.891237
0.901546
0.913146
0.925987
0.939184
0.954474
0.973341
0.999202
1.02602
1.05175
1.09129
1.16913
