0.328
0.328
0.328
0.328
0.328
0.328
0.329
0.329
0.331
0.331
0.331
0.332
0.332
0.333
0.334
0.335
0.336
0.337
0.337
0.338
0.339
0.339
0.339
0.34
0.341
0.343
0.344
0.345
0.348
0.351
0.357
0.365
0.374
0.378
0.385
0.396
0.402
0.406
0.415
0.422
0.433
0.437
0.441
0.448
0.452
0.452
0.456
0.461
0.469
0.473
0.484
0.491
0.499
0.504
0.513
0.526
0.541
0.547
0.551
0.562
0.573
0.586
0.594
0.603
0.618
0.624
0.64
0.648
0.658
0.667
0.677
0.69
0.703
0.712
0.723
0.73
0.749
0.759
0.771
0.782
0.798
0.809
0.819
0.829
0.844
0.858
0.87
0.889
0.897
0.912
0.931
0.948
0.955
0.969
0.985
0.996
1.015
1.039
1.056
1.069
1.084
1.097
1.119
1.139
1.155
1.171
1.191
1.21
1.229
1.253
1.27
1.29
1.316
1.336
1.355
1.38
1.403
1.427
1.456
1.488
1.517
1.553
1.604
1.63
1.681
1.725
1.766
1.84
1.924
1.978
2.057
2.127
2.226
2.306
2.364
2.476
2.563
2.663
2.751
2.832
2.914
2.995
3.151
3.3
3.405
3.629
3.891
4.494
4.756
5.052
