0.197576
0.197576
0.238238
0.238238
0.267556
0.267556
0.315669
0.315669
0.352019
0.352019
0.382832
0.382832
0.411168
0.411493
0.440393
0.446801
0.482405
0.496875
0.522805
0.537214
0.553132
0.561654
0.584078
0.590273
0.608129
0.614784
0.629048
0.63693
0.651047
0.662506
0.673916
0.691473
0.706516
0.718175
0.73208
0.748017
0.76307
0.780164
0.793242
0.807777
0.826328
0.838496
0.85241
0.861597
0.874948
0.884931
0.896245
0.906208
0.913001
0.921769
0.9307
0.941182
0.95128
0.959537
0.967807
0.974808
0.983171
0.993448
1.0014
1.01162
1.0202
1.03058
1.04149
1.05574
1.07381
1.08729
1.10669
1.11987
1.14081
1.16897
1.20935
1.24712
1.28215
1.30812
1.33316
1.35171
1.37111
1.38917
1.41232
1.43194
1.45744
1.47423
1.50276
1.53168
1.56775
1.62053
1.64434
1.67418
1.70394
1.7223
1.74879
1.78131
1.83558
1.87724
1.91755
1.98343
2.11884
2.30769
2.43373
2.52349
