0.195098
0.195098
0.215217
0.215217
0.237816
0.237891
0.254273
0.254435
0.269617
0.270189
0.283715
0.284735
0.29915
0.303006
0.317332
0.31987
0.330602
0.333924
0.344153
0.347615
0.35839
0.361601
0.373025
0.375474
0.388836
0.392245
0.399924
0.402925
0.408261
0.412692
0.418799
0.422222
0.427659
0.431168
0.440344
0.444708
0.452757
0.458375
0.463611
0.469874
0.476117
0.480206
0.489581
0.494315
0.504088
0.51088
0.517773
0.523681
0.528649
0.537407
0.543086
0.55059
0.556002
0.562722
0.569097
0.574415
0.579807
0.586278
0.591217
0.596599
0.601548
0.607374
0.613692
0.620631
0.626317
0.633709
0.640977
0.646572
0.653247
0.661654
0.66966
0.679949
0.690069
0.702157
0.712628
0.726458
0.742115
0.753449
0.764601
0.774643
0.784545
0.795631
0.805373
0.81885
0.832597
0.846742
0.858634
0.871928
0.883931
0.896021
0.906105
0.917126
0.927956
0.937623
0.945217
0.95413
0.964026
0.97534
0.98327
0.993111
1.00406
1.0154
1.02552
1.03442
1.04338
1.05684
1.06728
1.0794
1.09311
1.10584
1.1171
1.13033
1.13954
1.15145
1.16019
1.17443
1.18997
1.20659
1.22112
1.23708
1.25353
1.27154
1.2908
1.30942
1.32492
1.35019
1.36788
1.38343
1.40023
1.42891
1.45184
1.47322
1.50733
1.5286
1.54935
1.57068
1.5937
1.63572
1.65576
1.6754
1.70948
1.74125
1.78365
1.81829
1.86218
1.932
2.04426
2.14452
2.40622
2.46661
