0.162591
0.162591
0.172973
0.172973
0.182018
0.182144
0.188306
0.188551
0.195973
0.196596
0.202342
0.20388
0.209056
0.210948
0.215458
0.217495
0.221896
0.224134
0.227742
0.229457
0.232901
0.235164
0.238482
0.240576
0.244602
0.246032
0.251021
0.25302
0.256815
0.258681
0.262156
0.26418
0.268721
0.270391
0.273457
0.275669
0.279333
0.282017
0.2849
0.287407
0.290455
0.29401
0.297758
0.300755
0.304479
0.307772
0.311807
0.314624
0.317766
0.320815
0.324207
0.327213
0.329812
0.333205
0.336246
0.339232
0.341923
0.345757
0.348081
0.350966
0.353166
0.356828
0.359535
0.362026
0.365534
0.368587
0.37182
0.375876
0.378947
0.382933
0.386398
0.390297
0.394041
0.397414
0.400442
0.404141
0.407427
0.410409
0.413618
0.416981
0.420371
0.42319
0.426416
0.429371
0.43224
0.435612
0.438637
0.442254
0.44529
0.448257
0.451241
0.455191
0.458628
0.461067
0.464369
0.467261
0.470265
0.474466
0.478028
0.482435
0.485838
0.489029
0.492415
0.49655
0.499987
0.503283
0.506622
0.510661
0.514282
0.518375
0.521419
0.525261
0.528543
0.532875
0.536994
0.540509
0.544124
0.547367
0.55173
0.555719
0.559083
0.562893
0.567092
0.571195
0.57486
0.578883
0.583092
0.587552
0.590368
0.594711
0.598035
0.60344
0.607246
0.612153
0.616447
0.621428
0.626363
0.630094
0.635561
0.640041
0.643459
0.647666
0.65142
0.655582
0.660242
0.66459
0.669407
0.674449
0.679056
0.683845
0.688516
0.693489
0.697947
0.701653
0.706745
0.712116
0.717534
0.721609
0.727064
0.732513
0.738604
0.744375
0.75034
0.755303
0.761389
0.767326
0.772358
0.77763
0.782426
0.787312
0.793107
0.798422
0.803679
0.809489
0.814997
0.820622
0.827212
0.833451
0.838995
0.844754
0.850777
0.856023
0.862937
0.871617
0.878574
0.885038
0.891753
0.897639
0.903187
0.907155
0.91214
0.916719
0.922476
0.928001
0.934941
0.940128
0.946291
0.953185
0.958924
0.96511
0.970813
0.97657
0.984616
0.990331
0.996373
1.00042
1.00419
1.01046
1.01699
1.02329
1.03085
1.03822
1.04652
1.05609
1.06482
1.07559
1.08629
1.09717
1.10797
1.11632
1.12752
1.13971
1.15303
1.16733
1.17694
1.18831
1.20263
1.21698
1.23295
1.25021
1.27446
1.29457
1.30852
1.32502
1.34398
1.36117
1.38132
1.40001
1.42759
1.45083
1.48239
1.50719
1.54149
1.55914
1.58196
1.61271
1.63995
1.69645
1.79216
2.00789
