0.155566
0.155566
0.16526
0.165332
0.176495
0.176696
0.191089
0.191429
0.201272
0.202782
0.212498
0.215567
0.221585
0.225738
0.232137
0.235547
0.242097
0.244794
0.251337
0.253863
0.262236
0.263889
0.270395
0.273189
0.280585
0.283772
0.290307
0.294288
0.29868
0.303212
0.308294
0.313004
0.318393
0.325577
0.329146
0.334746
0.338567
0.343404
0.348361
0.352725
0.356945
0.36057
0.365135
0.369732
0.374373
0.379537
0.385154
0.39035
0.394905
0.399722
0.404523
0.408949
0.412921
0.417057
0.42052
0.424871
0.429598
0.434202
0.438392
0.442902
0.44768
0.452254
0.456995
0.462715
0.466103
0.471696
0.475864
0.481004
0.485893
0.491042
0.495065
0.49951
0.50404
0.508622
0.512392
0.51576
0.520884
0.524489
0.528465
0.533323
0.537505
0.541605
0.547142
0.551306
0.556332
0.561117
0.567208
0.573708
0.578714
0.583911
0.588683
0.593284
0.597467
0.602625
0.607557
0.612115
0.618045
0.623213
0.629985
0.636621
0.643361
0.651802
0.65874
0.667041
0.674882
0.681889
0.688345
0.69601
0.704526
0.71224
0.722569
0.727451
0.735587
0.743813
0.751023
0.756966
0.763409
0.771366
0.779028
0.787716
0.796775
0.80493
0.812797
0.82075
0.827906
0.835665
0.842677
0.849709
0.855892
0.863383
0.870167
0.876405
0.882445
0.887222
0.892413
0.897645
0.903594
0.909152
0.915004
0.921273
0.925557
0.930873
0.936685
0.942535
0.948089
0.954044
0.961494
0.966381
0.972882
0.978919
0.986006
0.994026
1.0007
1.00957
1.01888
1.02722
1.03438
1.04743
1.0596
1.07051
1.08224
1.09416
1.10509
1.11426
1.12247
1.1311
1.13675
1.14446
1.15311
1.16204
1.17573
1.18685
1.19753
1.21104
1.22246
1.23167
1.24781
1.26211
1.27224
1.28597
1.29671
1.30867
1.32309
1.33895
1.36133
1.37786
1.40053
1.4263
1.45327
1.47814
1.49582
1.51979
1.54526
1.57114
1.6218
1.67164
1.75403
1.9357
2.24911
2.40556
