0.04
0.17
0.24
0.34
0.36
0.47
0.57
0.64
0.65
0.71
0.75
0.77
0.8
0.83
0.84
0.87
0.88
0.88
0.88
0.89
0.9
0.9
0.91
0.91
0.92
0.92
0.92
0.92
0.93
0.94
0.96
0.96
0.98
0.98
1.03
1.06
1.09
1.11
1.16
1.17
1.19
1.2
1.22
1.22
1.26
1.3
1.32
1.33
1.33
1.33
1.35
1.35
1.37
1.39
1.39
1.42
1.42
1.47
1.52
1.56
1.6
1.61
1.64
1.66
1.67
1.71
1.74
1.76
1.76
1.76
1.78
1.81
1.83
1.85
1.88
1.91
1.93
1.97
2.01
2.02
2.06
2.08
2.08
2.14
2.15
2.15
2.15
2.16
2.17
2.19
2.19
2.2
2.21
2.22
2.22
2.25
2.25
2.28
2.28
2.29
2.32
2.34
2.35
2.4
2.46
2.54
2.61
2.66
2.7
2.76
2.82
2.83
2.87
2.91
2.94
2.95
2.97
2.97
2.99
3.01
3.01
3.03
3.04
3.05
3.07
3.07
3.08
3.09
3.1
3.13
3.14
3.17
3.2
3.21
3.24
3.27
3.28
3.32
3.4
3.42
3.44
3.51
3.54
3.59
3.62
3.69
3.73
3.76
3.8
3.82
3.82
3.86
3.91
3.92
3.95
3.98
4.01
4.04
4.08
4.09
4.11
4.12
4.15
4.2
4.24
4.3
4.38
4.42
4.43
4.44
4.49
4.5
4.51
4.52
4.56
4.63
4.71
4.74
4.87
4.92
4.98
5.01
5.07
5.13
5.17
5.18
5.21
5.29
5.31
5.35
5.43
5.46
5.51
5.59
5.64
5.69
5.72
5.79
5.85
5.94
6
6.08
6.12
6.21
6.32
6.36
6.41
6.47
6.58
6.62
6.69
6.79
6.89
7
7.05
7.2
7.29
7.37
7.49
7.54
7.67
7.87
8.05
8.19
8.28
8.4
8.46
8.7
8.74
8.92
9.11
9.33
9.52
9.75
10.02
10.29
10.53
10.79
11.17
11.53
11.96
12.35
12.85
13.39
14.36
16.74
17.67
18.89
20.78
24.28
