0.14955
0.14955
0.155093
0.155093
0.158489
0.158525
0.162636
0.162725
0.166455
0.166669
0.17047
0.171222
0.1749
0.17605
0.179502
0.181205
0.184751
0.187354
0.189775
0.192596
0.19491
0.19845
0.200618
0.203825
0.206178
0.208993
0.210653
0.213395
0.215366
0.217387
0.219198
0.221718
0.223728
0.226393
0.228492
0.231441
0.23336
0.236613
0.238785
0.241426
0.243823
0.24645
0.248227
0.250613
0.252674
0.25488
0.257292
0.259616
0.262219
0.26472
0.267827
0.269569
0.2722
0.27418
0.27726
0.279145
0.281515
0.283008
0.285844
0.28756
0.289403
0.291343
0.293379
0.295261
0.297985
0.300355
0.303292
0.305539
0.307733
0.310339
0.312576
0.314721
0.317254
0.319978
0.32196
0.323979
0.325899
0.328644
0.330403
0.332142
0.333709
0.335241
0.337132
0.338978
0.340655
0.342838
0.344437
0.345767
0.347403
0.349508
0.351092
0.352604
0.35423
0.356196
0.357542
0.359124
0.36078
0.362376
0.363848
0.36528
0.366898
0.368903
0.370225
0.371816
0.373629
0.375051
0.376893
0.378476
0.379767
0.381713
0.383724
0.385142
0.386391
0.387701
0.389156
0.390505
0.392248
0.393685
0.395303
0.39686
0.398536
0.400047
0.4019
0.403638
0.405559
0.407108
0.408659
0.409995
0.411713
0.4135
0.414951
0.416979
0.418168
0.419528
0.421598
0.4236
0.424869
0.426619
0.428196
0.430247
0.432125
0.433691
0.435879
0.438059
0.44021
0.442262
0.444191
0.445882
0.448235
0.450186
0.452132
0.454178
0.456835
0.458951
0.461456
0.46411
0.466205
0.46852
0.470609
0.472953
0.474721
0.477109
0.479303
0.481651
0.483386
0.485461
0.487631
0.489154
0.491649
0.493611
0.496364
0.498463
0.500824
0.503244
0.505859
0.508216
0.51055
0.512426
0.514883
0.517056
0.519307
0.521101
0.523731
0.525699
0.527867
0.530447
0.53243
0.534849
0.537087
0.539172
0.541948
0.544008
0.54574
0.54828
0.55004
0.552595
0.554749
0.557315
0.559436
0.561888
0.563997
0.566252
0.568977
0.571285
0.573249
0.575585
0.577926
0.580818
0.583373
0.586139
0.588566
0.591427
0.594713
0.597442
0.599781
0.603038
0.605869
0.608609
0.611024
0.614368
0.617016
0.620284
0.623527
0.625959
0.628572
0.630743
0.633055
0.635922
0.638466
0.641011
0.643718
0.646674
0.649672
0.652269
0.655184
0.658407
0.661447
0.664948
0.667136
0.670413
0.673265
0.67636
0.679431
0.682601
0.68573
0.688625
0.691683
0.693753
0.696201
0.699141
0.702384
0.705724
0.709146
0.712712
0.716091
0.719135
0.722507
0.726198
0.729494
0.732834
0.736154
0.738827
0.742073
0.745869
0.749107
0.752277
0.755128
0.758191
0.76209
0.764737
0.768031
0.771021
0.774887
0.777878
0.781088
0.784138
0.787189
0.79103
0.794096
0.797764
0.801513
0.80508
0.808574
0.811486
0.814451
0.817508
0.820835
0.824537
0.829057
0.832227
0.836516
0.841221
0.846261
0.8501
0.854785
0.858018
0.863057
0.868203
0.872424
0.877057
0.881895
0.88631
0.8906
0.894806
0.899485
0.903899
0.907764
0.913442
0.919192
0.924627
0.93024
0.935414
0.940692
0.946739
0.953824
0.959341
0.965126
0.970215
0.976885
0.984035
0.992271
1.00048
1.00941
1.01744
1.02619
1.03411
1.04239
1.05257
1.0631
1.0748
1.08539
1.09772
1.10964
1.12417
1.13919
1.16017
1.18167
1.19685
1.21383
1.24405
1.27382
1.30365
1.33347
1.39308
1.43851
1.45746
1.48333
1.56439
1.61791
1.71238
