0.328
0.328
0.328
0.328
0.328
0.328
0.328
0.328
0.328
0.328
0.328
0.328
0.328
0.329
0.331
0.331
0.332
0.332
0.332
0.333
0.333
0.333
0.333
0.334
0.334
0.334
0.334
0.336
0.337
0.337
0.339
0.34
0.34
0.34
0.34
0.34
0.341
0.344
0.344
0.344
0.344
0.345
0.346
0.347
0.347
0.348
0.35
0.352
0.353
0.354
0.355
0.356
0.357
0.357
0.357
0.358
0.361
0.361
0.363
0.365
0.366
0.369
0.372
0.376
0.379
0.382
0.383
0.388
0.39
0.391
0.393
0.398
0.402
0.405
0.408
0.412
0.414
0.417
0.419
0.423
0.427
0.43
0.434
0.438
0.44
0.441
0.445
0.45
0.452
0.456
0.457
0.458
0.464
0.47
0.472
0.474
0.476
0.48
0.481
0.482
0.489
0.491
0.492
0.496
0.498
0.499
0.5
0.501
0.502
0.503
0.507
0.509
0.512
0.513
0.516
0.522
0.528
0.532
0.537
0.543
0.548
0.552
0.557
0.563
0.568
0.572
0.573
0.579
0.583
0.586
0.588
0.592
0.595
0.597
0.599
0.602
0.605
0.606
0.609
0.613
0.617
0.622
0.626
0.629
0.634
0.64
0.644
0.652
0.656
0.663
0.666
0.67
0.674
0.677
0.68
0.686
0.69
0.694
0.7
0.703
0.704
0.707
0.707
0.712
0.72
0.725
0.729
0.736
0.737
0.742
0.748
0.751
0.759
0.761
0.767
0.771
0.778
0.783
0.79
0.796
0.8
0.802
0.808
0.809
0.812
0.814
0.818
0.824
0.832
0.835
0.836
0.839
0.845
0.854
0.858
0.863
0.868
0.875
0.883
0.886
0.888
0.895
0.899
0.907
0.915
0.916
0.919
0.923
0.928
0.932
0.939
0.945
0.955
0.96
0.967
0.975
0.98
0.985
0.991
0.995
0.998
1.004
1.01
1.018
1.021
1.025
1.03
1.034
1.039
1.044
1.054
1.065
1.072
1.076
1.08
1.086
1.092
1.097
1.104
1.109
1.12
1.121
1.127
1.133
1.138
1.142
1.15
1.159
1.168
1.178
1.183
1.187
1.193
1.198
1.202
1.211
1.217
1.232
1.24
1.247
1.254
1.259
1.262
1.272
1.277
1.284
1.293
1.299
1.31
1.32
1.331
1.335
1.344
1.352
1.361
1.375
1.394
1.4
1.406
1.414
1.423
1.43
1.439
1.446
1.457
1.471
1.485
1.494
1.499
1.514
1.52
1.532
1.544
1.558
1.567
1.576
1.583
1.599
1.608
1.619
1.627
1.632
1.643
1.663
1.679
1.695
1.708
1.72
1.729
1.744
1.762
1.779
1.796
1.816
1.829
1.845
1.86
1.881
1.904
1.924
1.941
1.966
1.982
2.012
2.038
2.067
2.104
2.133
2.164
2.194
2.233
2.277
2.316
2.373
2.421
2.473
2.538
2.597
2.635
2.707
2.772
2.851
2.91
2.989
3.134
3.345
3.8
4.113
4.449
4.816
