0.328
0.328
0.328
0.328
0.328
0.328
0.329
0.329
0.329
0.33
0.331
0.332
0.332
0.333
0.333
0.333
0.334
0.335
0.335
0.335
0.336
0.336
0.337
0.338
0.339
0.339
0.339
0.339
0.339
0.339
0.34
0.341
0.341
0.341
0.343
0.343
0.344
0.345
0.345
0.345
0.345
0.347
0.347
0.347
0.347
0.347
0.347
0.347
0.347
0.348
0.349
0.35
0.35
0.351
0.351
0.353
0.354
0.357
0.359
0.36
0.363
0.365
0.369
0.375
0.378
0.382
0.385
0.388
0.393
0.397
0.401
0.402
0.409
0.414
0.419
0.422
0.422
0.426
0.427
0.428
0.431
0.434
0.436
0.436
0.438
0.439
0.443
0.446
0.449
0.452
0.455
0.458
0.462
0.462
0.465
0.466
0.468
0.474
0.477
0.478
0.48
0.482
0.484
0.484
0.488
0.49
0.494
0.496
0.498
0.499
0.5
0.505
0.511
0.514
0.517
0.521
0.527
0.531
0.537
0.541
0.545
0.55
0.555
0.561
0.564
0.566
0.571
0.574
0.577
0.577
0.579
0.58
0.584
0.586
0.592
0.597
0.598
0.601
0.604
0.607
0.613
0.616
0.619
0.622
0.624
0.628
0.63
0.634
0.637
0.641
0.643
0.652
0.656
0.658
0.663
0.672
0.678
0.681
0.687
0.691
0.697
0.7
0.701
0.701
0.707
0.707
0.709
0.709
0.714
0.717
0.721
0.723
0.73
0.736
0.74
0.746
0.753
0.757
0.76
0.767
0.77
0.772
0.773
0.78
0.784
0.787
0.791
0.796
0.798
0.802
0.806
0.809
0.81
0.815
0.821
0.824
0.827
0.833
0.842
0.85
0.855
0.859
0.864
0.87
0.873
0.877
0.878
0.885
0.887
0.891
0.894
0.898
0.906
0.911
0.915
0.918
0.924
0.933
0.938
0.944
0.946
0.952
0.957
0.961
0.964
0.972
0.974
0.977
0.981
0.985
0.989
0.998
1.004
1.006
1.008
1.014
1.019
1.021
1.025
1.033
1.037
1.038
1.042
1.048
1.053
1.06
1.065
1.07
1.073
1.078
1.084
1.09
1.097
1.103
1.108
1.111
1.115
1.118
1.125
1.128
1.132
1.139
1.146
1.152
1.157
1.161
1.168
1.174
1.177
1.182
1.189
1.19
1.193
1.195
1.202
1.209
1.212
1.217
1.223
1.231
1.238
1.244
1.246
1.255
1.259
1.262
1.272
1.279
1.287
1.292
1.298
1.305
1.31
1.313
1.317
1.32
1.326
1.33
1.335
1.341
1.348
1.353
1.361
1.368
1.376
1.383
1.392
1.396
1.398
1.402
1.404
1.411
1.416
1.421
1.426
1.436
1.443
1.451
1.454
1.464
1.466
1.475
1.477
1.481
1.487
1.492
1.496
1.501
1.507
1.512
1.525
1.534
1.54
1.548
1.553
1.555
1.562
1.567
1.574
1.577
1.581
1.588
1.593
1.6
1.611
1.62
1.627
1.635
1.64
1.643
1.647
1.653
1.659
1.667
1.672
1.684
1.691
1.702
1.709
1.714
1.721
1.724
1.73
1.738
1.748
1.759
1.77
1.775
1.784
1.789
1.792
1.802
1.812
1.819
1.831
1.836
1.846
1.854
1.859
1.869
1.88
1.89
1.898
1.904
1.915
1.924
1.927
1.934
1.943
1.956
1.966
1.976
1.984
1.992
1.998
2.004
2.017
2.026
2.041
2.053
2.062
2.068
2.074
2.089
2.1
2.114
2.124
2.137
2.143
2.153
2.164
2.178
2.188
2.198
2.211
2.221
2.239
2.25
2.262
2.28
2.292
2.308
2.321
2.339
2.356
2.368
2.387
2.405
2.418
2.442
2.467
2.485
2.511
2.541
2.565
2.586
2.604
2.632
2.66
2.696
2.733
2.78
2.837
2.91
3.11
3.322
3.574
3.943
4.112
4.78
