0.04
0.09
0.23
0.33
0.42
0.55
0.59
0.63
0.67
0.76
0.77
0.82
0.86
0.88
0.89
0.94
0.94
0.94
0.96
0.96
0.96
0.96
0.96
0.97
0.97
0.97
0.98
0.99
1.05
1.07
1.12
1.14
1.17
1.17
1.24
1.31
1.34
1.35
1.39
1.41
1.44
1.47
1.48
1.5
1.52
1.52
1.52
1.53
1.55
1.55
1.57
1.58
1.59
1.6
1.61
1.63
1.64
1.67
1.68
1.68
1.73
1.77
1.79
1.83
1.85
1.86
1.91
1.92
1.96
1.98
2.03
2.05
2.07
2.12
2.16
2.21
2.26
2.3
2.34
2.35
2.38
2.38
2.39
2.41
2.41
2.42
2.42
2.43
2.46
2.46
2.46
2.46
2.48
2.49
2.5
2.57
2.6
2.6
2.62
2.63
2.67
2.68
2.74
2.77
2.81
2.86
2.89
2.92
2.94
2.95
2.97
2.99
3.01
3.01
3.01
3.02
3.04
3.05
3.07
3.09
3.12
3.14
3.16
3.2
3.25
3.28
3.31
3.34
3.38
3.41
3.45
3.54
3.57
3.61
3.64
3.66
3.67
3.69
3.69
3.77
3.79
3.83
3.83
3.88
3.88
3.9
3.91
3.93
3.94
3.95
3.95
3.96
3.97
3.98
4.01
4.03
4.05
4.07
4.11
4.14
4.15
4.2
4.23
4.27
4.3
4.33
4.42
4.44
4.44
4.45
4.49
4.51
4.52
4.52
4.54
4.56
4.56
4.59
4.6
4.62
4.64
4.67
4.71
4.8
4.83
4.88
4.92
4.98
5.02
5.06
5.1
5.13
5.16
5.19
5.23
5.25
5.27
5.28
5.3
5.31
5.32
5.35
5.36
5.38
5.39
5.42
5.49
5.54
5.55
5.6
5.62
5.66
5.7
5.78
5.84
5.86
5.89
5.95
5.98
5.98
5.99
5.99
6.0
6.02
6.08
6.14
6.18
6.2
6.27
6.32
6.38
6.45
6.47
6.5
6.51
6.58
6.59
6.61
6.64
6.68
6.72
6.78
6.8
6.85
6.91
6.95
7.0
7.06
7.1
7.15
7.17
7.22
7.24
7.29
7.3
7.33
7.34
7.4
7.43
7.46
7.51
7.57
7.58
7.63
7.7
7.77
7.85
7.92
7.96
7.98
8.0
8.05
8.09
8.17
8.21
8.26
8.33
8.42
8.45
8.5
8.52
8.56
8.6
8.61
8.66
8.71
8.78
8.86
8.91
8.98
9.02
9.06
9.13
9.18
9.25
9.3
9.35
9.39
9.44
9.53
9.6
9.66
9.71
9.82
9.91
9.97
10.04
10.11
10.14
10.2
10.28
10.37
10.42
10.47
10.5
10.58
10.64
10.73
10.82
10.93
11.0
11.11
11.17
11.19
11.23
11.32
11.4
11.48
11.56
11.66
11.72
11.81
11.88
11.92
12.04
12.07
12.13
12.2
12.26
12.35
12.46
12.59
12.69
12.77
12.83
12.92
12.97
13.07
13.2
13.27
13.33
13.4
13.52
13.61
13.71
13.81
13.9
13.98
14.11
14.26
14.4
14.47
14.6
14.73
14.85
14.98
15.01
15.13
15.25
15.37
15.47
15.57
15.73
15.95
16.14
16.32
16.48
16.65
16.83
17.07
17.29
17.49
17.82
18.17
18.45
18.74
19.03
19.29
19.62
20.07
20.54
20.99
21.52
22.36
23.59
24.99
26.47
29.01
36.82
