0.152073
0.152073
0.153096
0.153096
0.153401
0.153401
0.153517
0.153517
0.153875
0.153875
0.154126
0.154126
0.155467
0.155467
0.156352
0.156352
0.157506
0.157506
0.158664
0.158664
0.160339
0.160339
0.162421
0.162421
0.16726
0.16726
0.176191
0.176191
0.179491
0.179491
0.18078
0.181729
0.181729
0.189285
0.189285
0.19264
0.19264
0.211858
0.211858
0.217238
0.219602
0.219602
0.220566
0.220566
0.223945
0.223945
0.234987
0.234987
0.241297
0.241297
0.241808
0.241808
0.244495
0.245259
0.245259
0.247824
0.247824
0.250624
0.250624
0.258266
0.258266
0.260812
0.260812
0.262048
0.263077
0.263077
0.264293
0.264293
0.264963
0.264963
0.270438
0.270438
0.273526
0.273526
0.279559
0.279559
0.279614
0.279614
0.28121
0.28121
0.285835
0.285835
0.291361
0.295466
0.306579
0.307225
0.307295
0.310562
0.310562
0.31087
0.31087
0.312606
0.315397
0.315397
0.316517
0.316517
0.318575
0.320641
0.320641
0.320687
0.321584
0.321584
0.321897
0.321897
0.322588
0.322588
0.322696
0.322696
0.327426
0.327426
0.328025
0.328108
0.328108
0.329994
0.329994
0.330387
0.330387
0.33083
0.33083
0.332506
0.332732
0.332732
0.33597
0.33597
0.337578
0.341611
0.341611
0.341707
0.345521
0.345521
0.348509
0.348509
0.349102
0.351932
0.351977
0.351977
0.352957
0.352957
0.354887
0.354887
0.354913
0.354913
0.357768
0.357895
0.358931
0.358931
0.359003
0.359003
0.359547
0.359547
0.361009
0.365018
0.365018
0.369768
0.369768
0.371192
0.372692
0.372692
0.375023
0.375023
0.375144
0.379948
0.379948
0.380041
0.380041
0.380105
0.380105
0.380174
0.384587
0.388141
0.388141
0.391431
0.393012
0.393012
0.393416
0.393416
0.39443
0.39443
0.397742
0.397742
0.399319
0.40039
0.400492
0.400492
0.402817
0.403292
0.405139
0.405139
0.407355
0.407402
0.408106
0.409602
0.409929
0.409929
0.411794
0.411794
0.411981
0.411981
0.413624
0.413624
0.413945
0.414006
0.414112
0.414112
0.41474
0.414962
0.415651
0.415651
0.42047
0.420664
0.420664
0.421004
0.421004
0.426156
0.426158
0.431395
0.431395
0.434319
0.434771
0.434771
0.436123
0.436123
0.437151
0.440346
0.442138
0.44679
0.452575
0.452575
0.454698
0.454698
0.459474
0.459584
0.463609
0.463609
0.465283
0.466809
0.466809
0.470294
0.4716
0.47473
0.475257
0.475257
0.475945
0.47617
0.476539
0.476539
0.478701
0.478701
0.485463
0.485463
0.485534
0.48869
0.489305
0.492178
0.492178
0.492449
0.493789
0.493789
0.498794
0.498794
0.4991
0.49935
0.49935
0.501114
0.501114
0.502761
0.505014
0.507747
0.511561
0.512326
0.512326
0.513593
0.515873
0.518294
0.518294
0.521191
0.523477
0.525488
0.5274
0.5274
0.527568
0.53155
0.532794
0.532794
0.534853
0.534853
0.539336
0.539336
0.541924
0.543677
0.551086
0.562669
0.562752
0.562899
0.562899
0.563535
0.563535
0.564856
0.566158
0.566158
0.569835
0.569835
0.571697
0.571819
0.571819
0.574051
0.575027
0.575027
0.577886
0.577886
0.577898
0.58138
0.581992
0.585946
0.587008
0.587008
0.589231
0.591683
0.596558
0.597938
0.597938
0.598904
0.598904
0.599807
0.60261
0.605334
0.605334
0.606841
0.606841
0.607783
0.607783
0.610065
0.615886
0.621828
0.622774
0.627853
0.633437
0.633775
0.640933
0.645102
0.649081
0.6522
0.653354
0.655525
0.657358
0.660033
0.66421
0.66421
0.667035
0.667193
0.668171
0.66856
0.668651
0.671276
0.671631
0.671631
0.672372
0.672674
0.673657
0.67725
0.67725
0.683912
0.683912
0.685492
0.690713
0.690713
0.691006
0.691006
0.700485
0.706738
0.711413
0.711413
0.715795
0.717911
0.717911
0.722296
0.725243
0.725304
0.725304
0.737437
0.747913
0.752286
0.754973
0.761161
0.767294
0.768246
0.768246
0.771752
0.772567
0.772567
0.774147
0.779175
0.780141
0.780141
0.781106
0.803186
0.811723
0.82509
0.825713
0.827376
0.829243
0.833567
0.833567
0.838996
0.839429
0.845474
0.848656
0.852811
0.859757
0.865246
0.869856
0.873346
0.903914
0.906724
0.906724
0.9088
0.916057
0.935456
0.945943
0.954527
0.975845
0.976507
0.976507
0.983373
0.983373
0.987473
1.00042
1.00042
1.02424
1.02577
1.0466
1.04854
1.10055
1.1076
1.13649
1.14004
1.15201
1.15967
1.18299
1.19202
1.19312
1.21149
1.24026
1.24026
1.24131
1.272
1.32
1.39714
1.58005
1.63258
