0.149337
0.149337
0.151157
0.151157
0.151706
0.151706
0.151741
0.151741
0.15309
0.15309
0.153457
0.153457
0.153615
0.153615
0.153661
0.153661
0.15474
0.15474
0.155044
0.155044
0.155723
0.155723
0.156749
0.156749
0.157562
0.157562
0.159252
0.159252
0.161157
0.161157
0.161518
0.161518
0.161802
0.161802
0.161951
0.161951
0.16264
0.162854
0.162854
0.164253
0.164253
0.164345
0.164345
0.167129
0.167129
0.167974
0.167974
0.168194
0.168194
0.170691
0.170691
0.171112
0.171112
0.171754
0.171754
0.172571
0.172571
0.172732
0.172732
0.174123
0.174123
0.174615
0.174615
0.17488
0.17488
0.175194
0.175194
0.175258
0.175258
0.176911
0.176911
0.177132
0.177132
0.179472
0.179554
0.179554
0.179882
0.179882
0.180593
0.180593
0.181777
0.181777
0.181964
0.182829
0.182829
0.183496
0.183496
0.183511
0.183511
0.184176
0.184276
0.184573
0.184793
0.184793
0.184991
0.184991
0.185315
0.185315
0.185345
0.185345
0.185674
0.185674
0.186
0.186031
0.186031
0.187573
0.187573
0.189993
0.189993
0.190073
0.190073
0.190608
0.192536
0.192536
0.193011
0.193011
0.193238
0.193238
0.193622
0.193622
0.194823
0.194823
0.196805
0.196805
0.1983
0.1983
0.19852
0.19852
0.199342
0.199342
0.199687
0.19994
0.203532
0.204274
0.204274
0.205139
0.205139
0.205493
0.205493
0.205536
0.205536
0.207597
0.209095
0.209095
0.210326
0.216198
0.216198
0.217057
0.217057
0.217548
0.217548
0.218491
0.218491
0.218702
0.218702
0.218905
0.218905
0.219171
0.219171
0.220079
0.221194
0.222796
0.222796
0.223512
0.223512
0.22411
0.22411
0.226189
0.226189
0.226624
0.226624
0.226964
0.226964
0.227643
0.227643
0.227794
0.227794
0.227908
0.227908
0.228091
0.228091
0.232558
0.233214
0.233214
0.233343
0.234513
0.234663
0.234663
0.235736
0.235736
0.235883
0.23598
0.236049
0.236049
0.237693
0.237693
0.238782
0.238782
0.238825
0.238825
0.239375
0.239375
0.242477
0.242477
0.249837
0.249837
0.251364
0.251364
0.251429
0.251429
0.254608
0.254608
0.255122
0.256952
0.256952
0.257111
0.257111
0.257844
0.257908
0.257908
0.259225
0.259225
0.26322
0.264441
0.264441
0.265161
0.265496
0.26626
0.266593
0.266593
0.267311
0.267487
0.267487
0.267758
0.267758
0.271528
0.271528
0.273413
0.273413
0.274036
0.274036
0.274568
0.274568
0.27459
0.27459
0.274641
0.275209
0.275209
0.276427
0.276427
0.276718
0.276718
0.27863
0.27863
0.27878
0.278914
0.278914
0.278951
0.279266
0.279269
0.279936
0.283272
0.283272
0.283852
0.283852
0.283979
0.283979
0.284467
0.284467
0.286499
0.287791
0.288355
0.288478
0.293025
0.293025
0.293344
0.293344
0.293453
0.293453
0.29348
0.294465
0.294465
0.295179
0.295179
0.295638
0.295638
0.296572
0.296572
0.30077
0.30077
0.300845
0.301572
0.301572
0.301811
0.301811
0.301817
0.301817
0.302454
0.302454
0.303538
0.303631
0.303631
0.303687
0.30769
0.30769
0.308665
0.309202
0.309202
0.309426
0.310515
0.310515
0.311143
0.311143
0.311236
0.311236
0.312926
0.312975
0.313691
0.313691
0.314828
0.314957
0.316034
0.316034
0.317225
0.317225
0.319632
0.319735
0.319735
0.320234
0.320234
0.32043
0.32043
0.320565
0.320716
0.320716
0.321932
0.324197
0.324266
0.326692
0.327554
0.327554
0.329599
0.33034
0.331769
0.335406
0.335878
0.335878
0.336262
0.336262
0.336421
0.336757
0.33687
0.33687
0.338793
0.338815
0.338815
0.340572
0.342641
0.342641
0.343361
0.343361
0.34416
0.34416
0.344545
0.345115
0.345884
0.346021
0.346111
0.346175
0.346175
0.346499
0.346499
0.348285
0.348285
0.348952
0.34948
0.350963
0.351088
0.351088
0.351252
0.351252
0.351615
0.352129
0.352129
0.354197
0.35624
0.356266
0.356387
0.357445
0.357445
0.358133
0.358133
0.359245
0.359245
0.359274
0.359274
0.359431
0.359493
0.359493
0.361744
0.361744
0.363421
0.366332
0.366517
0.366851
0.367211
0.369921
0.370164
0.370643
0.37094
0.372359
0.372359
0.372767
0.373809
0.374437
0.374718
0.374947
0.37532
0.379703
0.382331
0.382773
0.38314
0.38314
0.383297
0.383327
0.383678
0.383793
0.383793
0.387894
0.388925
0.389035
0.390323
0.390323
0.391009
0.392673
0.392982
0.392982
0.394089
0.394504
0.394504
0.395104
0.395348
0.395937
0.395942
0.396081
0.397253
0.397253
0.39881
0.399916
0.401065
0.401065
0.401247
0.402487
0.402487
0.403321
0.403321
0.40576
0.40576
0.406355
0.406355
0.406672
0.406672
0.408167
0.40861
0.409441
0.411561
0.411561
0.411829
0.412503
0.412503
0.412557
0.412557
0.413107
0.413107
0.413325
0.414813
0.414813
0.415013
0.415013
0.415195
0.415195
0.41696
0.417306
0.418405
0.418405
0.419961
0.419961
0.420212
0.420212
0.421245
0.424075
0.424075
0.42799
0.428458
0.428598
0.428601
0.428601
0.429438
0.429995
0.432878
0.43317
0.433877
0.433877
0.434433
0.434433
0.435904
0.43641
0.43641
0.437916
0.43864
0.43864
0.43925
0.43925
0.439371
0.440262
0.44048
0.440481
0.442154
0.446362
0.446362
0.446398
0.446558
0.447036
0.447036
0.447049
0.448085
0.448869
0.449717
0.449717
0.451227
0.451227
0.452324
0.452943
0.452943
0.455058
0.45604
0.45604
0.456257
0.456642
0.458275
0.458558
0.458698
0.458764
0.458837
0.459711
0.459711
0.460726
0.463087
0.463868
0.463868
0.464017
0.464017
0.464159
0.464159
0.470425
0.470425
0.470715
0.472028
0.472028
0.472633
0.472738
0.473966
0.475848
0.475848
0.478017
0.478589
0.47892
0.47892
0.480012
0.480128
0.480128
0.480985
0.485785
0.48641
0.486444
0.486508
0.490263
0.490679
0.490768
0.490768
0.493266
0.495109
0.495109
0.495456
0.496175
0.496384
0.49644
0.496598
0.496598
0.497326
0.49952
0.501268
0.505933
0.506218
0.506322
0.506322
0.506695
0.507142
0.508436
0.508436
0.510156
0.51025
0.51025
0.511142
0.512114
0.514341
0.514341
0.5176
0.518009
0.520017
0.521547
0.522181
0.522701
0.530798
0.531768
0.536106
0.536106
0.539181
0.540022
0.540074
0.540074
0.540307
0.541173
0.543471
0.543687
0.543984
0.544387
0.544387
0.547417
0.554096
0.555321
0.558316
0.561541
0.561546
0.561805
0.564846
0.564846
0.567145
0.567626
0.567675
0.567796
0.580966
0.580966
0.581496
0.582564
0.584407
0.585728
0.585728
0.58758
0.592201
0.59695
0.600437
0.601177
0.601386
0.601386
0.605179
0.606312
0.610375
0.610759
0.611657
0.611657
0.614983
0.616722
0.616722
0.620931
0.621508
0.62255
0.629179
0.633502
0.633502
0.636674
0.643109
0.643655
0.643655
0.648295
0.652965
0.654597
0.656085
0.658865
0.667988
0.668615
0.669355
0.670546
0.676586
0.67701
0.67701
0.677978
0.677978
0.689445
0.694106
0.701884
0.709504
0.711622
0.718924
0.720693
0.72175
0.72901
0.74309
0.746068
0.74668
0.74883
0.756827
0.762137
0.763486
0.77682
0.782593
0.78745
0.78745
0.796963
0.797712
0.80444
0.805515
0.809211
0.814091
0.825839
0.825852
0.826693
0.826693
0.835916
0.835916
0.836135
0.840383
0.841004
0.848537
0.856453
0.857053
0.860521
0.869629
0.883002
0.885887
0.924574
0.930901
0.947967
0.950405
0.959233
0.974515
0.974515
1.00993
1.00993
1.01185
1.01573
1.04219
1.09798
1.09798
1.1086
1.25878
1.27633
1.32837
1.39702
1.46308
