0.328
0.328
0.328
0.328
0.329
0.33
0.331
0.332
0.332
0.332
0.332
0.332
0.334
0.334
0.335
0.335
0.335
0.335
0.335
0.337
0.337
0.338
0.339
0.339
0.34
0.34
0.342
0.342
0.342
0.343
0.343
0.343
0.344
0.344
0.347
0.347
0.347
0.348
0.348
0.348
0.349
0.35
0.351
0.353
0.353
0.354
0.355
0.355
0.355
0.356
0.358
0.358
0.36
0.36
0.361
0.362
0.362
0.364
0.366
0.366
0.368
0.369
0.37
0.373
0.375
0.376
0.376
0.377
0.377
0.379
0.38
0.381
0.383
0.383
0.384
0.386
0.387
0.391
0.397
0.398
0.401
0.402
0.405
0.409
0.41
0.415
0.416
0.419
0.423
0.425
0.427
0.433
0.435
0.435
0.441
0.446
0.45
0.452
0.457
0.458
0.462
0.463
0.466
0.468
0.47
0.47
0.471
0.472
0.474
0.475
0.475
0.477
0.478
0.479
0.481
0.482
0.482
0.482
0.484
0.484
0.484
0.485
0.486
0.488
0.492
0.493
0.496
0.497
0.497
0.499
0.501
0.502
0.509
0.509
0.511
0.512
0.512
0.513
0.515
0.517
0.523
0.525
0.531
0.535
0.54
0.542
0.547
0.549
0.553
0.558
0.566
0.567
0.571
0.573
0.575
0.576
0.578
0.58
0.581
0.582
0.584
0.585
0.587
0.587
0.587
0.588
0.588
0.588
0.589
0.59
0.591
0.593
0.594
0.598
0.603
0.604
0.605
0.605
0.606
0.609
0.612
0.615
0.622
0.624
0.628
0.636
0.642
0.646
0.65
0.652
0.654
0.655
0.662
0.666
0.667
0.667
0.672
0.672
0.673
0.674
0.675
0.675
0.676
0.678
0.678
0.679
0.681
0.685
0.686
0.686
0.686
0.686
0.689
0.691
0.692
0.694
0.697
0.704
0.712
0.714
0.719
0.721
0.733
0.737
0.738
0.74
0.741
0.744
0.747
0.751
0.756
0.758
0.759
0.761
0.763
0.767
0.769
0.769
0.771
0.772
0.774
0.777
0.778
0.783
0.785
0.786
0.789
0.79
0.792
0.793
0.794
0.797
0.8
0.806
0.81
0.816
0.82
0.822
0.824
0.829
0.831
0.833
0.837
0.837
0.837
0.84
0.843
0.846
0.849
0.85
0.853
0.856
0.859
0.859
0.861
0.864
0.866
0.867
0.868
0.868
0.872
0.873
0.877
0.879
0.881
0.884
0.887
0.891
0.895
0.896
0.899
0.904
0.912
0.914
0.916
0.92
0.923
0.927
0.93
0.932
0.935
0.939
0.941
0.948
0.951
0.953
0.955
0.957
0.957
0.957
0.96
0.962
0.962
0.966
0.967
0.967
0.967
0.969
0.972
0.975
0.979
0.981
0.983
0.985
0.99
0.991
0.994
0.996
1.001
1.006
1.009
1.01
1.011
1.015
1.016
1.02
1.024
1.026
1.031
1.033
1.037
1.04
1.042
1.045
1.046
1.047
1.048
1.052
1.054
1.056
1.057
1.06
1.061
1.061
1.066
1.068
1.069
1.075
1.077
1.08
1.082
1.086
1.089
1.094
1.097
1.098
1.104
1.104
1.107
1.11
1.113
1.115
1.118
1.119
1.12
1.123
1.125
1.127
1.129
1.131
1.132
1.135
1.139
1.14
1.142
1.145
1.146
1.147
1.148
1.154
1.157
1.158
1.163
1.167
1.169
1.175
1.176
1.181
1.182
1.187
1.192
1.198
1.199
1.199
1.2
1.202
1.203
1.205
1.208
1.21
1.214
1.221
1.224
1.227
1.228
1.229
1.233
1.236
1.242
1.246
1.249
1.25
1.252
1.258
1.261
1.262
1.267
1.268
1.271
1.273
1.275
1.276
1.278
1.28
1.281
1.282
1.283
1.284
1.286
1.287
1.293
1.303
1.308
1.314
1.319
1.324
1.33
1.34
1.343
1.348
1.35
1.352
1.355
1.356
1.357
1.358
1.359
1.36
1.36
1.36
1.362
1.363
1.363
1.363
1.37
1.374
1.379
1.384
1.39
1.399
1.405
1.409
1.413
1.421
1.421
1.423
1.428
1.431
1.432
1.432
1.432
1.433
1.437
1.438
1.44
1.442
1.448
1.455
1.462
1.472
1.475
1.48
1.482
1.485
1.487
1.494
1.499
1.499
1.503
1.504
1.504
1.506
1.508
1.51
1.513
1.52
1.527
1.53
1.535
1.54
1.543
1.545
1.55
1.556
1.559
1.561
1.562
1.565
1.568
1.571
1.573
1.575
1.585
1.589
1.592
1.598
1.605
1.608
1.611
1.617
1.621
1.63
1.632
1.633
1.635
1.637
1.638
1.64
1.641
1.644
1.646
1.653
1.659
1.666
1.672
1.676
1.681
1.687
1.689
1.693
1.696
1.701
1.702
1.705
1.708
1.71
1.719
1.724
1.729
1.732
1.744
1.747
1.751
1.754
1.757
1.759
1.762
1.768
1.769
1.771
1.778
1.785
1.792
1.799
1.805
1.811
1.815
1.818
1.821
1.822
1.823
1.827
1.834
1.837
1.843
1.851
1.856
1.859
1.866
1.869
1.876
1.88
1.885
1.886
1.893
1.897
1.901
1.903
1.909
1.919
1.926
1.93
1.934
1.94
1.945
1.951
1.957
1.959
1.966
1.973
1.978
1.982
1.988
1.991
1.996
2.004
2.015
2.018
2.021
2.026
2.033
2.037
2.044
2.05
2.055
2.055
2.062
2.065
2.073
2.078
2.088
2.091
2.095
2.104
2.109
2.115
2.124
2.131
2.131
2.137
2.143
2.149
2.151
2.157
2.165
2.171
2.178
2.184
2.191
2.198
2.205
2.214
2.217
2.226
2.229
2.236
2.243
2.247
2.253
2.256
2.259
2.268
2.274
2.282
2.288
2.293
2.298
2.304
2.31
2.318
2.323
2.331
2.336
2.338
2.348
2.358
2.368
2.371
2.377
2.382
2.389
2.392
2.403
2.415
2.42
2.427
2.433
2.44
2.448
2.458
2.466
2.478
2.487
2.496
2.509
2.52
2.522
2.533
2.543
2.552
2.564
2.573
2.586
2.596
2.607
2.621
2.637
2.643
2.658
2.668
2.683
2.697
2.703
2.717
2.735
2.748
2.765
2.777
2.788
2.799
2.811
2.822
2.839
2.852
2.862
2.88
2.894
2.909
2.93
2.947
2.965
2.986
3.013
3.03
3.049
3.073
3.105
3.124
3.146
3.188
3.211
3.247
3.286
3.319
3.376
3.418
3.473
3.539
3.669
3.933
