0.329
0.329
0.329
0.331
0.331
0.331
0.333
0.333
0.334
0.335
0.335
0.336
0.337
0.338
0.339
0.339
0.341
0.341
0.342
0.343
0.344
0.345
0.346
0.347
0.347
0.349
0.349
0.349
0.351
0.352
0.353
0.358
0.359
0.365
0.368
0.37
0.374
0.376
0.379
0.38
0.384
0.386
0.389
0.391
0.395
0.398
0.402
0.405
0.408
0.411
0.413
0.413
0.414
0.414
0.421
0.423
0.429
0.433
0.437
0.439
0.442
0.446
0.448
0.454
0.46
0.463
0.471
0.471
0.475
0.476
0.478
0.479
0.481
0.486
0.488
0.489
0.494
0.498
0.5
0.504
0.507
0.51
0.513
0.515
0.517
0.518
0.52
0.526
0.532
0.535
0.537
0.538
0.54
0.543
0.545
0.547
0.554
0.554
0.559
0.563
0.57
0.573
0.576
0.582
0.585
0.587
0.59
0.596
0.597
0.597
0.599
0.603
0.61
0.613
0.613
0.613
0.614
0.614
0.615
0.618
0.621
0.623
0.625
0.63
0.633
0.639
0.642
0.653
0.658
0.668
0.671
0.672
0.677
0.681
0.687
0.692
0.694
0.697
0.698
0.703
0.703
0.705
0.706
0.71
0.712
0.714
0.716
0.718
0.719
0.719
0.72
0.722
0.726
0.728
0.732
0.737
0.742
0.745
0.75
0.76
0.761
0.767
0.77
0.778
0.782
0.787
0.79
0.792
0.792
0.793
0.798
0.799
0.801
0.801
0.806
0.806
0.809
0.81
0.81
0.815
0.816
0.818
0.819
0.825
0.828
0.837
0.84
0.841
0.844
0.851
0.855
0.858
0.859
0.863
0.867
0.871
0.873
0.876
0.883
0.886
0.886
0.888
0.891
0.894
0.901
0.902
0.908
0.908
0.909
0.914
0.919
0.926
0.927
0.933
0.935
0.939
0.941
0.943
0.945
0.946
0.946
0.952
0.954
0.958
0.961
0.964
0.966
0.968
0.969
0.969
0.971
0.974
0.979
0.983
0.983
0.986
0.989
0.992
0.997
1.001
1.006
1.008
1.011
1.016
1.018
1.02
1.025
1.032
1.035
1.035
1.036
1.037
1.039
1.041
1.043
1.045
1.048
1.051
1.054
1.056
1.056
1.059
1.061
1.064
1.067
1.069
1.075
1.076
1.078
1.081
1.084
1.085
1.088
1.095
1.099
1.101
1.104
1.107
1.11
1.111
1.112
1.115
1.117
1.122
1.124
1.124
1.125
1.128
1.13
1.131
1.133
1.135
1.137
1.141
1.143
1.146
1.152
1.156
1.157
1.158
1.164
1.167
1.17
1.174
1.176
1.18
1.183
1.186
1.188
1.191
1.193
1.196
1.197
1.198
1.2
1.202
1.204
1.206
1.21
1.212
1.214
1.216
1.219
1.224
1.23
1.231
1.232
1.237
1.241
1.246
1.249
1.255
1.258
1.262
1.264
1.266
1.268
1.269
1.27
1.272
1.274
1.279
1.281
1.284
1.284
1.285
1.289
1.292
1.294
1.294
1.297
1.3
1.302
1.305
1.307
1.312
1.315
1.318
1.318
1.322
1.324
1.326
1.33
1.332
1.335
1.337
1.339
1.342
1.344
1.348
1.354
1.356
1.36
1.362
1.368
1.371
1.374
1.376
1.378
1.381
1.384
1.386
1.387
1.391
1.392
1.393
1.394
1.396
1.397
1.398
1.401
1.401
1.403
1.404
1.409
1.414
1.417
1.418
1.419
1.421
1.425
1.426
1.431
1.434
1.438
1.441
1.449
1.453
1.454
1.457
1.462
1.464
1.465
1.466
1.47
1.472
1.472
1.476
1.48
1.481
1.483
1.484
1.485
1.488
1.491
1.495
1.497
1.5
1.501
1.501
1.504
1.507
1.509
1.51
1.515
1.515
1.516
1.519
1.52
1.524
1.525
1.528
1.532
1.536
1.539
1.545
1.55
1.553
1.555
1.557
1.558
1.56
1.563
1.565
1.567
1.569
1.573
1.577
1.579
1.582
1.582
1.582
1.582
1.583
1.583
1.587
1.589
1.589
1.591
1.594
1.598
1.599
1.602
1.603
1.605
1.612
1.615
1.618
1.621
1.628
1.629
1.63
1.633
1.635
1.639
1.641
1.642
1.646
1.648
1.653
1.655
1.659
1.662
1.663
1.666
1.669
1.67
1.672
1.672
1.674
1.675
1.677
1.679
1.682
1.683
1.687
1.689
1.693
1.696
1.7
1.703
1.705
1.711
1.714
1.717
1.721
1.723
1.724
1.726
1.727
1.729
1.729
1.732
1.734
1.736
1.738
1.743
1.744
1.746
1.749
1.75
1.751
1.752
1.754
1.755
1.757
1.763
1.766
1.767
1.772
1.777
1.779
1.781
1.783
1.787
1.79
1.796
1.797
1.799
1.804
1.805
1.807
1.809
1.812
1.814
1.814
1.815
1.815
1.819
1.821
1.822
1.825
1.828
1.828
1.829
1.832
1.833
1.836
1.842
1.845
1.851
1.855
1.858
1.861
1.865
1.869
1.872
1.874
1.878
1.88
1.883
1.883
1.885
1.886
1.887
1.888
1.89
1.891
1.894
1.894
1.894
1.897
1.897
1.901
1.903
1.905
1.908
1.914
1.918
1.92
1.922
1.923
1.925
1.931
1.936
1.938
1.943
1.946
1.948
1.951
1.954
1.955
1.955
1.957
1.96
1.964
1.965
1.967
1.968
1.97
1.972
1.972
1.972
1.977
1.978
1.982
1.983
1.988
1.989
1.99
1.992
1.994
1.999
2.004
2.005
2.007
2.01
2.012
2.014
2.016
2.02
2.022
2.025
2.026
2.026
2.031
2.036
2.038
2.041
2.044
2.045
2.049
2.051
2.054
2.054
2.057
2.061
2.061
2.064
2.068
2.07
2.072
2.073
2.076
2.078
2.078
2.082
2.084
2.086
2.089
2.091
2.093
2.096
2.101
2.103
2.107
2.113
2.116
2.12
2.122
2.122
2.123
2.125
2.129
2.13
2.134
2.139
2.14
2.141
2.145
2.145
2.148
2.151
2.154
2.16
2.164
2.165
2.169
2.171
2.172
2.175
2.177
2.18
2.18
2.181
2.184
2.186
2.188
2.189
2.192
2.193
2.194
2.194
2.198
2.201
2.203
2.21
2.213
2.213
2.22
2.223
2.224
2.228
2.234
2.239
2.241
2.243
2.249
2.25
2.252
2.253
2.253
2.254
2.255
2.255
2.255
2.259
2.262
2.267
2.271
2.272
2.279
2.282
2.286
2.288
2.293
2.298
2.3
2.306
2.309
2.309
2.31
2.313
2.314
2.315
2.318
2.322
2.323
2.324
2.327
2.33
2.33
2.332
2.336
2.339
2.341
2.345
2.348
2.356
2.359
2.364
2.368
2.371
2.375
2.375
2.379
2.382
2.386
2.387
2.388
2.392
2.392
2.394
2.4
2.403
2.408
2.411
2.416
2.419
2.423
2.427
2.43
2.433
2.436
2.437
2.438
2.441
2.442
2.445
2.449
2.458
2.463
2.464
2.466
2.474
2.478
2.482
2.486
2.493
2.496
2.497
2.5
2.502
2.503
2.506
2.508
2.511
2.515
2.518
2.524
2.53
2.533
2.535
2.539
2.544
2.545
2.552
2.556
2.559
2.562
2.563
2.566
2.571
2.575
2.578
2.581
2.583
2.585
2.59
2.596
2.599
2.605
2.609
2.614
2.616
2.62
2.622
2.628
2.631
2.634
2.64
2.646
2.649
2.656
2.659
2.66
2.666
2.67
2.674
2.681
2.683
2.688
2.692
2.696
2.702
2.705
2.705
2.713
2.719
2.724
2.73
2.735
2.74
2.743
2.751
2.754
2.755
2.756
2.763
2.772
2.778
2.783
2.789
2.792
2.798
2.802
2.809
2.814
2.818
2.827
2.828
2.832
2.84
2.846
2.853
2.856
2.862
2.864
2.868
2.876
2.882
2.886
2.891
2.897
2.904
2.915
2.919
2.925
2.931
2.935
2.94
2.942
2.948
2.952
2.958
2.964
2.969
2.976
2.981
2.989
2.998
3.008
3.011
3.016
3.02
3.03
3.035
3.043
3.047
3.053
3.06
3.068
3.073
3.085
3.095
3.105
3.11
3.12
3.128
3.138
3.145
3.152
3.16
3.167
3.181
3.185
3.191
3.196
3.202
3.213
3.223
3.231
3.238
3.246
3.257
3.271
3.277
3.287
3.296
3.309
3.313
3.326
3.337
3.349
3.361
3.371
3.385
3.395
3.407
3.416
3.43
3.444
3.453
3.467
3.484
3.498
3.521
3.541
3.555
3.575
3.59
3.608
3.631
3.653
3.68
3.703
3.73
3.755
3.779
3.812
3.848
3.878
3.911
3.951
3.984
4.011
4.071
4.139
4.22
4.424
