0.231051
0.231051
0.232105
0.232105
0.23788
0.23788
0.252683
0.252683
0.256432
0.256432
0.258426
0.258426
0.261104
0.261104
0.279916
0.279916
0.284493
0.284493
0.306368
0.307056
0.307056
0.30944
0.30944
0.310613
0.310613
0.311454
0.311454
0.314572
0.31621
0.31621
0.317398
0.317398
0.319407
0.319407
0.321816
0.321816
0.324149
0.324149
0.325833
0.325833
0.333816
0.33444
0.33444
0.334628
0.334628
0.343821
0.349028
0.349028
0.351287
0.351287
0.354809
0.354809
0.357425
0.357425
0.357907
0.366156
0.368876
0.369451
0.373331
0.373331
0.377785
0.377785
0.378312
0.378312
0.381635
0.381635
0.384951
0.385723
0.385723
0.386777
0.39345
0.39345
0.398098
0.398098
0.404425
0.404425
0.405791
0.409303
0.409303
0.412168
0.416429
0.419197
0.419197
0.419911
0.42343
0.42343
0.431306
0.431306
0.440928
0.441588
0.44351
0.444681
0.444681
0.44841
0.44841
0.450351
0.450651
0.450651
0.452531
0.452531
0.454055
0.454055
0.465995
0.482498
0.482826
0.485271
0.485271
0.491468
0.49506
0.49506
0.501071
0.501071
0.508618
0.508618
0.513313
0.513313
0.516018
0.51656
0.51656
0.51832
0.519382
0.538303
0.538303
0.541371
0.545308
0.553536
0.553536
0.558772
0.558772
0.559297
0.559297
0.562586
0.563742
0.563742
0.56435
0.567868
0.569245
0.575765
0.575765
0.5792
0.587817
0.587817
0.588203
0.595208
0.595208
0.604219
0.605065
0.614242
0.614242
0.616406
0.625416
0.633871
0.633871
0.641727
0.641727
0.643744
0.643994
0.643994
0.644309
0.650274
0.653572
0.669903
0.670851
0.684907
0.687502
0.697726
0.697726
0.722466
0.734868
0.736883
0.736883
0.739272
0.743525
0.7469
0.747763
0.752605
0.754309
0.756902
0.762465
0.762465
0.774102
0.774102
0.77614
0.77869
0.788753
0.790798
0.797527
0.797527
0.799786
0.800838
0.80666
0.846199
0.846199
0.847739
0.847739
0.849592
0.852835
0.857375
0.881487
0.882079
0.882079
0.89247
0.89247
0.900253
0.912784
0.913828
0.943809
0.955871
0.956888
0.956888
0.964884
0.964884
0.969749
0.969749
0.98859
0.99751
0.998572
0.998572
0.999777
1.00952
1.00952
1.00986
1.02843
1.05006
1.08241
1.12286
1.12286
1.14132
1.15064
1.17254
1.19626
1.24324
1.2482
1.2482
1.25002
1.31703
1.36655
1.38229
1.44995
1.53339
1.61425
1.6221
1.68811
1.71172
1.77446
1.82541
1.8924
2.18211
2.22392
2.22392
