0.328
0.328
0.328
0.328
0.328
0.328
0.329
0.331
0.332
0.332
0.333
0.333
0.334
0.334
0.334
0.335
0.335
0.335
0.335
0.335
0.335
0.338
0.338
0.338
0.338
0.339
0.343
0.345
0.346
0.349
0.351
0.353
0.357
0.363
0.367
0.372
0.376
0.38
0.381
0.388
0.392
0.395
0.4
0.404
0.409
0.418
0.423
0.428
0.434
0.44
0.445
0.455
0.457
0.464
0.469
0.47
0.476
0.483
0.49
0.492
0.496
0.499
0.501
0.501
0.508
0.513
0.525
0.536
0.542
0.555
0.565
0.569
0.574
0.581
0.586
0.596
0.604
0.609
0.613
0.617
0.626
0.635
0.643
0.656
0.666
0.672
0.682
0.691
0.696
0.707
0.712
0.726
0.731
0.738
0.748
0.76
0.768
0.784
0.793
0.799
0.807
0.815
0.825
0.834
0.846
0.859
0.871
0.885
0.891
0.898
0.906
0.917
0.922
0.938
0.953
0.969
0.979
0.99
0.997
1.011
1.023
1.037
1.051
1.065
1.079
1.085
1.099
1.115
1.129
1.147
1.157
1.168
1.178
1.194
1.208
1.221
1.234
1.24
1.253
1.274
1.295
1.312
1.325
1.34
1.36
1.372
1.387
1.404
1.422
1.439
1.453
1.471
1.488
1.502
1.522
1.538
1.563
1.573
1.588
1.61
1.628
1.646
1.666
1.687
1.708
1.732
1.751
1.778
1.806
1.826
1.85
1.873
1.901
1.926
1.948
1.978
2.001
2.03
2.064
2.095
2.141
2.185
2.25
2.347
2.435
2.544
2.661
2.864
2.969
3.136
3.223
3.324
3.452
3.576
3.75
4.053
4.258
4.437
4.561
5.256
