0.158821
0.158821
0.171848
0.171848
0.190206
0.190206
0.206069
0.206244
0.217231
0.217472
0.228475
0.229525
0.239571
0.240482
0.250954
0.252729
0.263741
0.265813
0.2765
0.278586
0.288502
0.289858
0.30008
0.302188
0.311719
0.316151
0.322839
0.326936
0.335613
0.340959
0.347147
0.355185
0.36223
0.368726
0.374175
0.383401
0.388439
0.39238
0.395187
0.400395
0.403949
0.408198
0.412139
0.41555
0.419626
0.423515
0.427851
0.432297
0.436005
0.440105
0.443572
0.446331
0.450085
0.454454
0.457569
0.460944
0.463703
0.467905
0.47052
0.474435
0.476969
0.480168
0.483362
0.485483
0.487808
0.490942
0.493591
0.495889
0.498239
0.501684
0.504694
0.507332
0.510912
0.514903
0.517379
0.520879
0.523114
0.526918
0.529756
0.534159
0.537795
0.541306
0.546109
0.549308
0.552568
0.557089
0.561154
0.564402
0.568502
0.573238
0.577653
0.581061
0.584859
0.588469
0.592732
0.595924
0.60015
0.603836
0.608405
0.61154
0.616217
0.621264
0.627037
0.631392
0.637374
0.640802
0.644692
0.648856
0.653262
0.658093
0.663632
0.66953
0.675901
0.681801
0.687713
0.693321
0.698688
0.705017
0.710978
0.716094
0.723288
0.730235
0.734356
0.739913
0.744449
0.749835
0.754447
0.759291
0.764924
0.771096
0.776892
0.782906
0.789483
0.795799
0.80219
0.80821
0.814572
0.820367
0.827959
0.83405
0.842255
0.847712
0.854067
0.860465
0.865874
0.872442
0.879429
0.886806
0.895497
0.905207
0.911828
0.920662
0.928013
0.936709
0.944153
0.951864
0.959325
0.969486
0.97891
0.988435
0.999416
1.01414
1.03087
1.0472
1.06382
1.07775
1.08907
1.10039
1.11139
1.12204
1.13209
1.1452
1.15654
1.16796
1.17974
1.19065
1.20374
1.21571
1.23016
1.24631
1.26365
1.2868
1.30462
1.32325
1.34618
1.36793
1.39587
1.4208
1.444
1.46842
1.51563
1.59426
1.72509
1.84393
1.88636
1.96936
2.07395
2.23183
2.38213
2.48599
