0.152377
0.152377
0.156604
0.156604
0.162517
0.162517
0.169385
0.169385
0.175145
0.175292
0.180994
0.181199
0.186546
0.186756
0.19284
0.193816
0.197936
0.199059
0.202609
0.20397
0.208287
0.209619
0.21418
0.215794
0.219756
0.221404
0.224142
0.225541
0.22853
0.230272
0.233023
0.235484
0.237903
0.240031
0.24277
0.245225
0.247973
0.250368
0.252509
0.254879
0.256976
0.259706
0.261884
0.264618
0.267138
0.269568
0.271764
0.274002
0.276111
0.278817
0.281891
0.284525
0.287598
0.290214
0.292584
0.295078
0.297354
0.299911
0.301789
0.303438
0.305312
0.308134
0.309935
0.311564
0.313267
0.315545
0.317275
0.318848
0.320674
0.322482
0.32396
0.326049
0.327959
0.329999
0.331866
0.333467
0.335288
0.337401
0.339159
0.3409
0.342605
0.344123
0.345953
0.347543
0.349387
0.350681
0.352239
0.353764
0.355939
0.357625
0.358995
0.360846
0.362701
0.364416
0.366419
0.367869
0.36931
0.371049
0.372712
0.374607
0.376403
0.378051
0.379932
0.381863
0.38386
0.385501
0.386888
0.388253
0.39
0.391295
0.392973
0.394573
0.396383
0.397913
0.399291
0.400728
0.402125
0.40361
0.404699
0.406554
0.407536
0.40886
0.410164
0.411583
0.412658
0.413768
0.415294
0.416571
0.418223
0.419858
0.421075
0.422266
0.423478
0.424984
0.426352
0.42753
0.428919
0.430353
0.431958
0.433676
0.435121
0.43647
0.438012
0.439322
0.440873
0.442549
0.444477
0.445642
0.447461
0.449215
0.451371
0.452656
0.454222
0.45539
0.456903
0.458572
0.460282
0.46167
0.463301
0.465067
0.466635
0.468126
0.469375
0.470486
0.472109
0.473487
0.474926
0.476409
0.477953
0.479043
0.480597
0.48194
0.483507
0.485314
0.486762
0.488599
0.49011
0.491573
0.493233
0.494487
0.496196
0.498323
0.499881
0.501299
0.503113
0.504609
0.506328
0.507986
0.509949
0.511456
0.513762
0.515772
0.517887
0.51957
0.521459
0.523539
0.525556
0.527684
0.529694
0.532463
0.534446
0.53736
0.539559
0.541583
0.543686
0.546753
0.549626
0.551725
0.553977
0.556265
0.558199
0.561021
0.563406
0.566337
0.568524
0.570491
0.573179
0.57558
0.577538
0.580331
0.58272
0.584871
0.587528
0.590581
0.593442
0.596217
0.598237
0.600214
0.602538
0.604644
0.606519
0.609327
0.611188
0.613329
0.615268
0.617136
0.619288
0.621638
0.624329
0.626507
0.628983
0.631062
0.633026
0.635503
0.637906
0.640184
0.641909
0.644484
0.646995
0.649315
0.651829
0.654168
0.656862
0.659179
0.662118
0.664053
0.667123
0.67021
0.672812
0.675549
0.677994
0.681294
0.683851
0.686971
0.690121
0.693673
0.696643
0.699557
0.702014
0.705451
0.708231
0.711512
0.714207
0.716962
0.719712
0.722689
0.725839
0.72859
0.732067
0.735275
0.73864
0.741671
0.744598
0.747658
0.751307
0.755239
0.758645
0.762351
0.767231
0.770577
0.774618
0.779445
0.783192
0.788522
0.793963
0.799087
0.803249
0.808471
0.813897
0.819364
0.824205
0.830344
0.835383
0.841685
0.846917
0.851918
0.8564
0.863603
0.869123
0.875229
0.882052
0.887904
0.894475
0.901857
0.910911
0.918851
0.928391
0.936882
0.944806
0.952665
0.961276
0.969319
0.978469
0.986123
0.99645
1.0051
1.0149
1.0243
1.03583
1.04547
1.05755
1.06969
1.0864
1.10406
1.1197
1.13713
1.15866
1.1785
1.19981
1.22404
1.26417
1.28811
1.32235
1.359
1.40699
1.44759
1.49722
1.60743
1.86971
2.11865
