0.04
0.28
0.43
0.62
0.68
0.75
0.77
0.79
0.79
0.8
0.81
0.82
0.82
0.82
0.82
0.83
0.87
0.87
0.93
0.96
0.97
1.0
1.04
1.06
1.09
1.12
1.17
1.2
1.23
1.24
1.26
1.31
1.32
1.36
1.39
1.42
1.45
1.48
1.5
1.5
1.52
1.56
1.58
1.59
1.6
1.6
1.62
1.67
1.68
1.69
1.74
1.82
1.83
1.85
1.9
1.93
1.94
1.94
1.95
1.97
1.98
1.98
1.99
2.04
2.06
2.09
2.12
2.13
2.13
2.16
2.17
2.17
2.19
2.19
2.2
2.22
2.25
2.27
2.3
2.33
2.37
2.42
2.44
2.51
2.53
2.56
2.57
2.62
2.65
2.69
2.72
2.78
2.79
2.8
2.83
2.84
2.85
2.88
2.9
2.91
2.92
2.94
2.95
2.97
2.98
2.99
3.01
3.03
3.06
3.09
3.09
3.11
3.16
3.17
3.19
3.22
3.26
3.28
3.31
3.33
3.37
3.41
3.43
3.46
3.46
3.47
3.48
3.51
3.53
3.54
3.57
3.6
3.63
3.64
3.67
3.71
3.74
3.75
3.76
3.79
3.83
3.85
3.89
3.95
3.98
3.99
4.04
4.08
4.12
4.15
4.18
4.22
4.23
4.26
4.3
4.32
4.34
4.36
4.36
4.39
4.4
4.43
4.47
4.5
4.51
4.52
4.53
4.56
4.58
4.62
4.62
4.63
4.64
4.65
4.72
4.73
4.76
4.8
4.83
4.87
4.87
4.91
4.94
4.98
5.04
5.07
5.12
5.13
5.16
5.21
5.23
5.24
5.28
5.31
5.31
5.37
5.37
5.39
5.41
5.43
5.48
5.49
5.53
5.57
5.57
5.6
5.68
5.71
5.78
5.83
5.86
5.88
5.93
5.94
6.01
6.03
6.08
6.1
6.14
6.16
6.19
6.21
6.23
6.26
6.32
6.35
6.4
6.45
6.49
6.57
6.59
6.67
6.7
6.75
6.79
6.83
6.85
6.87
6.92
6.99
7.02
7.02
7.05
7.13
7.17
7.2
7.28
7.33
7.35
7.45
7.46
7.52
7.56
7.62
7.67
7.71
7.72
7.78
7.83
7.88
7.95
8.0
8.07
8.14
8.18
8.2
8.28
8.3
8.34
8.39
8.43
8.48
8.54
8.6
8.65
8.75
8.8
8.87
8.91
8.97
9.04
9.07
9.13
9.21
9.27
9.35
9.4
9.42
9.48
9.55
9.61
9.66
9.76
9.85
9.95
10.02
10.09
10.14
10.22
10.36
10.45
10.54
10.61
10.7
10.81
10.92
11.0
11.07
11.22
11.31
11.4
11.61
11.7
11.85
11.96
12.08
12.23
12.37
12.54
12.69
12.81
12.94
13.16
13.32
13.42
13.55
13.78
13.98
14.28
14.49
14.71
14.95
15.24
15.5
15.84
16.11
16.45
16.91
17.24
17.72
18.15
18.74
19.24
19.89
20.85
21.78
23.43
25.01
27.19
32.92
