0.150168
0.150168
0.150578
0.150578
0.179128
0.179128
0.18721
0.18721
0.188099
0.188099
0.21339
0.21339
0.221969
0.221969
0.222459
0.227004
0.230688
0.230688
0.24856
0.24856
0.248844
0.248844
0.251998
0.255009
0.255009
0.274159
0.274159
0.274474
0.274474
0.279455
0.279455
0.279477
0.279541
0.282726
0.282726
0.286393
0.286393
0.28705
0.28705
0.305783
0.305783
0.308084
0.308084
0.311665
0.311665
0.312659
0.312659
0.314312
0.314312
0.316824
0.316824
0.317106
0.317106
0.326344
0.326344
0.330573
0.330573
0.336926
0.336926
0.338207
0.35695
0.35695
0.362103
0.362103
0.378645
0.378645
0.383593
0.383593
0.385126
0.387291
0.387291
0.387387
0.387387
0.396939
0.396939
0.408342
0.408342
0.408819
0.410728
0.410728
0.411276
0.411276
0.413401
0.413401
0.413481
0.413859
0.413859
0.417186
0.418575
0.420076
0.421209
0.421209
0.426867
0.426867
0.426884
0.426884
0.427239
0.427239
0.429191
0.429191
0.430131
0.430131
0.4333
0.4333
0.435767
0.435767
0.440258
0.440258
0.443022
0.443022
0.44347
0.44347
0.446193
0.446193
0.450988
0.451338
0.451497
0.453637
0.453637
0.457136
0.47565
0.48286
0.48286
0.48329
0.486015
0.486015
0.496945
0.499707
0.499707
0.50154
0.50154
0.50324
0.508019
0.51154
0.523319
0.526081
0.526511
0.526511
0.528911
0.534191
0.535069
0.535069
0.536057
0.536057
0.536074
0.539804
0.540363
0.540363
0.546386
0.546998
0.547556
0.550153
0.550153
0.557215
0.557215
0.55957
0.561589
0.564879
0.564879
0.570043
0.570043
0.57289
0.57289
0.574185
0.577844
0.57845
0.579905
0.589397
0.589757
0.594778
0.595065
0.598911
0.601156
0.60178
0.60178
0.602053
0.605237
0.605237
0.606496
0.609373
0.609373
0.610928
0.610928
0.615432
0.621382
0.621382
0.637199
0.638681
0.638681
0.643435
0.645594
0.646313
0.653177
0.653177
0.657514
0.657514
0.658478
0.660879
0.660879
0.666871
0.666871
0.66817
0.66817
0.68527
0.687476
0.687476
0.688732
0.691858
0.697198
0.697198
0.699909
0.702269
0.705069
0.705069
0.707453
0.71093
0.714913
0.717237
0.722755
0.722755
0.724674
0.72748
0.729814
0.731674
0.731674
0.740797
0.750239
0.764176
0.766771
0.766771
0.772999
0.777014
0.78188
0.78188
0.786562
0.794922
0.794929
0.795618
0.795618
0.795889
0.796978
0.796978
0.805912
0.835293
0.837944
0.843176
0.847078
0.850442
0.855348
0.85928
0.860274
0.878577
0.900458
0.909742
0.925109
0.926395
0.928473
0.92957
0.932951
0.932951
0.944682
0.951154
0.970155
0.972757
0.9747
0.984684
0.984684
0.987805
0.987805
1.00042
1.00333
1.0111
1.01306
1.01703
1.03029
1.03246
1.0448
1.0448
1.05818
1.06423
1.11476
1.1227
1.12544
1.12544
1.13913
1.15204
1.17875
1.1945
1.19476
1.28679
1.37502
1.39578
1.42532
1.46318
1.46895
1.53116
1.55366
1.62288
1.65027
2.55603
