0.1536
0.1536
0.153957
0.153957
0.154122
0.154122
0.155668
0.155668
0.156363
0.156363
0.165507
0.165507
0.17249
0.17249
0.174225
0.174225
0.181539
0.181539
0.18979
0.18979
0.197539
0.197539
0.203663
0.203663
0.21193
0.21193
0.21297
0.21297
0.229707
0.229707
0.23286
0.23286
0.233222
0.233222
0.239348
0.239348
0.248143
0.248143
0.248755
0.248755
0.251713
0.254284
0.254284
0.255263
0.260438
0.260438
0.262758
0.270665
0.270665
0.272505
0.272505
0.272777
0.272777
0.278828
0.278828
0.283946
0.294926
0.294926
0.297498
0.297498
0.307724
0.309787
0.317824
0.317824
0.324431
0.325075
0.325075
0.325736
0.325997
0.325997
0.329869
0.329869
0.331478
0.331592
0.331592
0.331882
0.346959
0.346959
0.350755
0.359418
0.359418
0.360225
0.360979
0.374132
0.374132
0.374868
0.374868
0.377048
0.377048
0.38009
0.38009
0.381935
0.388285
0.388285
0.389037
0.389037
0.389858
0.389858
0.393602
0.393602
0.396321
0.396321
0.397559
0.399297
0.400154
0.403111
0.403111
0.403232
0.403232
0.407026
0.410334
0.410334
0.417836
0.42409
0.42409
0.426502
0.426502
0.427709
0.429273
0.429273
0.429681
0.430985
0.430985
0.434251
0.438495
0.44025
0.44025
0.441469
0.443858
0.444078
0.444078
0.445112
0.445112
0.445861
0.45196
0.45196
0.45262
0.45262
0.453931
0.457281
0.457578
0.457578
0.458857
0.459206
0.459206
0.463669
0.463669
0.464534
0.465004
0.465465
0.465465
0.465657
0.465657
0.465741
0.470706
0.470706
0.471328
0.471328
0.471974
0.471974
0.472786
0.472786
0.473617
0.473617
0.475113
0.475113
0.476314
0.476314
0.47791
0.479576
0.482106
0.482106
0.482752
0.482752
0.482891
0.483801
0.483801
0.485414
0.485414
0.486026
0.487482
0.489117
0.489117
0.489234
0.489234
0.490256
0.49094
0.491879
0.495668
0.495668
0.498689
0.508154
0.508154
0.51269
0.514914
0.514914
0.518535
0.528831
0.528831
0.532805
0.539657
0.539657
0.540449
0.540449
0.54292
0.545279
0.545279
0.546619
0.547795
0.548301
0.548492
0.552024
0.553213
0.553308
0.553308
0.556272
0.557856
0.557856
0.563329
0.564714
0.564714
0.564893
0.564893
0.566497
0.568054
0.568054
0.568611
0.569045
0.577842
0.57935
0.581883
0.584981
0.587419
0.587419
0.589274
0.590147
0.590147
0.592922
0.602955
0.609034
0.614397
0.618856
0.623017
0.625753
0.625753
0.632283
0.637862
0.639082
0.639227
0.640144
0.640375
0.647837
0.648948
0.6498
0.6498
0.656978
0.660602
0.660602
0.668038
0.678743
0.678743
0.679665
0.679812
0.679812
0.682333
0.684252
0.684295
0.684444
0.684444
0.687301
0.691823
0.694826
0.694826
0.697502
0.697502
0.698592
0.702896
0.709064
0.71032
0.711533
0.715547
0.717171
0.730514
0.731388
0.731388
0.733179
0.735308
0.741405
0.749246
0.752513
0.759633
0.759633
0.770649
0.770649
0.788217
0.788217
0.81353
0.81353
0.831306
0.83321
0.83432
0.846758
0.853212
0.855613
0.863712
0.869332
0.877535
0.887652
0.89649
0.901944
0.914396
0.915875
0.928153
0.929159
0.9301
0.9301
0.930236
0.937071
0.958922
0.960926
0.960926
0.973953
0.973953
0.97553
0.999974
1.01846
1.01846
1.03473
1.06106
1.06624
1.07894
1.07894
1.08191
1.10999
1.10999
1.12276
1.12973
1.18752
1.19213
1.19871
1.28243
1.31634
1.34593
1.41214
1.47172
1.54058
1.55961
1.58264
1.85693
2.16538
