0.06
0.16
0.28
0.35
0.5
0.62
0.69
0.71
0.72
0.72
0.74
0.74
0.77
0.84
0.85
0.88
0.9
0.9
0.91
0.91
0.94
0.94
0.94
0.96
0.96
0.98
0.98
0.98
1.0
1.01
1.02
1.08
1.1
1.17
1.26
1.29
1.34
1.36
1.38
1.41
1.41
1.45
1.46
1.5
1.5
1.51
1.55
1.56
1.57
1.6
1.61
1.61
1.65
1.66
1.69
1.7
1.7
1.7
1.7
1.7
1.7
1.7
1.71
1.72
1.75
1.75
1.77
1.78
1.8
1.81
1.86
1.9
1.93
1.97
2.0
2.02
2.04
2.06
2.1
2.11
2.13
2.17
2.19
2.21
2.25
2.26
2.28
2.31
2.32
2.33
2.35
2.36
2.36
2.37
2.38
2.39
2.41
2.42
2.43
2.43
2.45
2.46
2.46
2.51
2.53
2.55
2.58
2.59
2.62
2.67
2.71
2.72
2.72
2.72
2.75
2.75
2.75
2.76
2.77
2.78
2.81
2.82
2.85
2.88
2.93
2.96
2.98
2.99
3.04
3.08
3.09
3.12
3.16
3.2
3.28
3.33
3.35
3.38
3.41
3.41
3.42
3.44
3.44
3.44
3.44
3.45
3.46
3.46
3.46
3.48
3.5
3.53
3.54
3.54
3.58
3.62
3.64
3.65
3.67
3.69
3.74
3.77
3.82
3.84
3.87
3.94
4.0
4.02
4.03
4.06
4.09
4.12
4.16
4.18
4.19
4.23
4.25
4.29
4.3
4.34
4.37
4.43
4.47
4.55
4.58
4.62
4.64
4.68
4.72
4.74
4.76
4.77
4.79
4.8
4.82
4.84
4.87
4.87
4.9
4.96
4.97
4.98
4.99
5.04
5.11
5.13
5.19
5.22
5.28
5.34
5.35
5.38
5.43
5.47
5.49
5.55
5.6
5.66
5.68
5.72
5.75
5.79
5.8
5.84
5.89
5.93
5.96
6.02
6.1
6.13
6.21
6.27
6.34
6.38
6.42
6.47
6.51
6.57
6.58
6.6
6.65
6.69
6.74
6.78
6.81
6.85
6.91
7.01
7.1
7.19
7.25
7.35
7.45
7.5
7.53
7.61
7.64
7.74
7.84
7.92
7.98
8.12
8.17
8.24
8.32
8.43
8.5
8.66
8.85
9.01
9.19
9.29
9.48
9.67
9.82
10.01
10.22
10.45
10.66
10.87
11.12
11.39
11.62
12.0
12.46
12.71
13.02
13.3
13.74
14.2
14.81
15.35
16.23
17.12
17.84
18.87
21.22
22.47
24.09
29.1
