0.328
0.328
0.328
0.328
0.328
0.328
0.328
0.328
0.328
0.328
0.329
0.33
0.33
0.33
0.33
0.331
0.332
0.333
0.334
0.335
0.335
0.336
0.336
0.336
0.337
0.337
0.339
0.339
0.34
0.341
0.341
0.343
0.343
0.343
0.343
0.343
0.344
0.344
0.346
0.347
0.349
0.349
0.349
0.35
0.35
0.352
0.353
0.354
0.356
0.357
0.361
0.361
0.365
0.366
0.369
0.372
0.374
0.379
0.383
0.39
0.397
0.398
0.411
0.415
0.419
0.424
0.427
0.43
0.432
0.435
0.437
0.439
0.444
0.447
0.447
0.449
0.451
0.454
0.457
0.459
0.459
0.46
0.461
0.462
0.465
0.471
0.476
0.48
0.483
0.486
0.492
0.498
0.502
0.504
0.508
0.512
0.517
0.519
0.523
0.525
0.53
0.537
0.544
0.552
0.555
0.556
0.561
0.564
0.567
0.57
0.575
0.578
0.582
0.587
0.593
0.595
0.597
0.6
0.603
0.608
0.61
0.616
0.622
0.626
0.628
0.635
0.638
0.645
0.654
0.659
0.67
0.676
0.678
0.681
0.684
0.691
0.694
0.695
0.698
0.707
0.71
0.712
0.714
0.721
0.724
0.731
0.739
0.744
0.753
0.757
0.764
0.769
0.779
0.784
0.788
0.791
0.794
0.8
0.809
0.814
0.818
0.82
0.826
0.833
0.842
0.849
0.856
0.859
0.867
0.873
0.877
0.886
0.891
0.904
0.908
0.914
0.92
0.924
0.931
0.934
0.94
0.947
0.956
0.966
0.976
0.979
0.987
0.991
0.998
1.007
1.022
1.026
1.031
1.041
1.046
1.05
1.054
1.061
1.069
1.078
1.086
1.095
1.111
1.118
1.126
1.131
1.133
1.141
1.15
1.157
1.167
1.179
1.185
1.194
1.21
1.215
1.221
1.228
1.239
1.245
1.252
1.26
1.273
1.283
1.292
1.301
1.311
1.321
1.326
1.337
1.343
1.355
1.366
1.379
1.393
1.401
1.409
1.415
1.43
1.444
1.453
1.465
1.474
1.482
1.491
1.505
1.513
1.535
1.545
1.554
1.564
1.573
1.586
1.606
1.617
1.632
1.641
1.657
1.674
1.687
1.704
1.722
1.737
1.75
1.768
1.779
1.801
1.818
1.839
1.851
1.872
1.895
1.921
1.945
1.979
2.012
2.035
2.065
2.099
2.133
2.182
2.227
2.276
2.32
2.412
2.461
2.531
2.599
2.672
2.818
2.992
3.21
3.331
3.444
3.693
3.915
4.116
4.296
4.498
4.866
