0.152085
0.152085
0.154584
0.154584
0.157224
0.157224
0.160531
0.160539
0.164698
0.164806
0.169353
0.170035
0.173492
0.174143
0.177923
0.17854
0.1826
0.183389
0.187455
0.188224
0.191856
0.19247
0.196439
0.197728
0.200822
0.20211
0.205599
0.206779
0.209834
0.211264
0.21453
0.216347
0.219116
0.220755
0.223251
0.224638
0.227683
0.229326
0.231195
0.233278
0.235153
0.236969
0.238533
0.240608
0.242443
0.244411
0.246739
0.248639
0.250907
0.252563
0.255074
0.256563
0.258674
0.260677
0.262136
0.26365
0.265442
0.267403
0.269064
0.270688
0.272299
0.274048
0.275364
0.276807
0.278799
0.280633
0.282525
0.284245
0.285825
0.287475
0.289048
0.290512
0.291937
0.293742
0.295114
0.296877
0.298509
0.299956
0.301559
0.303377
0.305256
0.306964
0.308149
0.31011
0.31132
0.313414
0.314493
0.316075
0.317319
0.318804
0.31998
0.321638
0.322871
0.324562
0.326055
0.327537
0.329003
0.330497
0.331923
0.333361
0.33493
0.336413
0.338308
0.339755
0.340959
0.3423
0.344338
0.345767
0.347082
0.34848
0.35044
0.352039
0.353678
0.355118
0.356514
0.357858
0.358981
0.360592
0.361549
0.362972
0.364361
0.365383
0.366809
0.368436
0.369943
0.371236
0.37244
0.373657
0.375221
0.37671
0.377966
0.379153
0.380309
0.381724
0.383236
0.384588
0.385906
0.387347
0.388797
0.390049
0.391483
0.392815
0.394124
0.39539
0.396615
0.398306
0.399653
0.401075
0.402221
0.403716
0.405514
0.406626
0.408287
0.409631
0.411348
0.41305
0.414475
0.415793
0.417207
0.418585
0.419844
0.421735
0.423084
0.424515
0.426136
0.427745
0.429151
0.430586
0.432196
0.433349
0.43453
0.436057
0.437448
0.438688
0.440046
0.441653
0.442963
0.444335
0.445614
0.446961
0.448335
0.449541
0.451069
0.452462
0.453564
0.455173
0.456564
0.45786
0.45942
0.461062
0.462463
0.464139
0.465905
0.467501
0.469011
0.470635
0.472035
0.47323
0.474295
0.475621
0.476803
0.478208
0.479756
0.480868
0.482304
0.483681
0.484825
0.486375
0.48785
0.489125
0.490565
0.49202
0.493766
0.49507
0.496895
0.49839
0.499967
0.501258
0.502796
0.504228
0.505854
0.507524
0.509103
0.510411
0.512329
0.513996
0.515684
0.517374
0.519258
0.520883
0.52272
0.524029
0.526135
0.52766
0.529055
0.530402
0.532013
0.534029
0.535611
0.537491
0.539692
0.541596
0.543518
0.545404
0.54728
0.549397
0.551216
0.552691
0.554558
0.556339
0.558773
0.560625
0.562439
0.564895
0.566791
0.568531
0.570686
0.572756
0.574512
0.576277
0.578512
0.580257
0.582333
0.584459
0.586001
0.587758
0.589489
0.591178
0.593376
0.595168
0.597049
0.598744
0.600701
0.603068
0.605444
0.607276
0.609556
0.611631
0.61364
0.615636
0.617527
0.619135
0.621193
0.623891
0.626487
0.628851
0.630787
0.632658
0.635064
0.637529
0.639528
0.64167
0.643324
0.645274
0.647327
0.649057
0.65101
0.652982
0.655316
0.65777
0.659831
0.661819
0.66351
0.666079
0.668118
0.670796
0.673178
0.675408
0.677171
0.679779
0.682074
0.684596
0.687066
0.68987
0.692206
0.694754
0.697643
0.700022
0.702568
0.705425
0.70866
0.711759
0.714626
0.716997
0.719749
0.723185
0.725917
0.728383
0.731174
0.733948
0.737554
0.740077
0.743423
0.746461
0.750693
0.754458
0.757158
0.761176
0.765305
0.768476
0.773875
0.778339
0.783053
0.787437
0.791718
0.795964
0.800927
0.804824
0.80991
0.814298
0.819689
0.824497
0.829416
0.833838
0.838548
0.843403
0.848898
0.853584
0.85827
0.862998
0.867765
0.873013
0.878043
0.883773
0.889163
0.895225
0.902299
0.909863
0.917396
0.926409
0.935764
0.94462
0.953476
0.962228
0.972022
0.982896
0.994557
1.00549
1.01676
1.02459
1.03258
1.04145
1.05268
1.06709
1.08589
1.10465
1.12091
1.14005
1.1614
1.18351
1.20629
1.22938
1.25211
1.28029
1.30797
1.33826
1.37946
1.45615
1.81349
1.99252
