0.152327
0.152327
0.154555
0.154632
0.157352
0.157378
0.160739
0.161073
0.164068
0.164252
0.168699
0.168996
0.173716
0.174236
0.179138
0.179596
0.183419
0.184034
0.187451
0.187996
0.191475
0.192102
0.196085
0.196681
0.199784
0.201125
0.204477
0.205459
0.207925
0.209615
0.21139
0.213075
0.215263
0.217012
0.218735
0.220061
0.221968
0.223593
0.22521
0.22675
0.228568
0.230013
0.23118
0.232523
0.233783
0.235592
0.236923
0.239057
0.240055
0.241456
0.242571
0.244323
0.245887
0.246986
0.248058
0.249629
0.251004
0.252503
0.253986
0.255368
0.256647
0.257982
0.259098
0.260311
0.26159
0.263093
0.264465
0.266006
0.267631
0.268973
0.270706
0.271649
0.273182
0.274084
0.27544
0.2763
0.277544
0.278605
0.279876
0.280941
0.282533
0.283689
0.285256
0.286301
0.287504
0.288392
0.289572
0.29062
0.291765
0.292888
0.2941
0.294837
0.296163
0.297033
0.298277
0.299511
0.300631
0.301683
0.302601
0.303587
0.304399
0.30555
0.30626
0.307027
0.308306
0.309223
0.310543
0.311514
0.312163
0.313473
0.314375
0.315771
0.316988
0.317844
0.319448
0.320211
0.321158
0.321931
0.323209
0.324155
0.325117
0.326381
0.327442
0.328569
0.32964
0.330567
0.33146
0.332175
0.333123
0.33422
0.335109
0.335927
0.337027
0.338325
0.339277
0.340214
0.341274
0.34213
0.343108
0.343907
0.345028
0.346116
0.347079
0.348534
0.349476
0.35055
0.351637
0.35282
0.353801
0.354987
0.355812
0.356604
0.357966
0.359077
0.360103
0.360993
0.361943
0.362876
0.364102
0.365302
0.366541
0.367971
0.368842
0.369907
0.370807
0.372282
0.373196
0.374574
0.375611
0.376798
0.377984
0.378826
0.379988
0.38124
0.382518
0.383779
0.384879
0.386085
0.38719
0.388249
0.3892
0.39024
0.391365
0.392356
0.393494
0.394461
0.395548
0.396726
0.397646
0.398801
0.399777
0.400884
0.401751
0.402696
0.403811
0.404761
0.405817
0.406943
0.408139
0.409314
0.410458
0.411598
0.41275
0.413957
0.415313
0.416337
0.417544
0.418567
0.419587
0.420416
0.421514
0.422529
0.423857
0.424779
0.425821
0.427188
0.428627
0.429669
0.430925
0.432291
0.433483
0.434731
0.435981
0.437134
0.438273
0.439384
0.440674
0.441902
0.443331
0.444482
0.445737
0.446572
0.447766
0.448855
0.450079
0.451069
0.452098
0.453224
0.454256
0.45557
0.456907
0.458311
0.459589
0.460809
0.462088
0.463534
0.464815
0.466123
0.467274
0.468388
0.469523
0.471211
0.472313
0.473883
0.475419
0.476563
0.477921
0.479091
0.48045
0.481853
0.483249
0.484522
0.485759
0.48685
0.488139
0.489611
0.490841
0.492319
0.493688
0.494817
0.49598
0.497254
0.498672
0.500244
0.501715
0.503205
0.504656
0.505956
0.507647
0.509237
0.510858
0.512392
0.513868
0.515545
0.517255
0.51885
0.520478
0.522183
0.523883
0.525296
0.526807
0.528499
0.530155
0.53193
0.533623
0.535205
0.537275
0.53874
0.540291
0.542183
0.543945
0.545687
0.547581
0.5489
0.550635
0.552378
0.554491
0.55624
0.557955
0.559921
0.561682
0.563654
0.565448
0.567374
0.569253
0.570719
0.572829
0.574565
0.576183
0.577815
0.579498
0.581661
0.583618
0.586047
0.587803
0.589761
0.591571
0.593467
0.595331
0.596983
0.598762
0.600713
0.602379
0.604484
0.606539
0.607947
0.610526
0.612548
0.614517
0.61661
0.619131
0.621114
0.623659
0.625558
0.627622
0.629906
0.632477
0.634355
0.636371
0.63918
0.641093
0.643238
0.644996
0.647383
0.649559
0.652075
0.653573
0.655908
0.658165
0.660941
0.663454
0.665364
0.667466
0.670482
0.673292
0.675758
0.678329
0.680437
0.683058
0.685547
0.687391
0.690001
0.69298
0.695601
0.698367
0.700868
0.703279
0.706148
0.708539
0.711358
0.713789
0.717671
0.720457
0.722749
0.72537
0.728102
0.730582
0.732749
0.735167
0.738374
0.740928
0.74396
0.7476
0.75027
0.753282
0.75681
0.760122
0.763645
0.767648
0.770358
0.774555
0.778254
0.782178
0.785446
0.78886
0.793721
0.798384
0.802634
0.807134
0.81242
0.819604
0.824727
0.831559
0.838588
0.846499
0.853621
0.861678
0.871304
0.878684
0.887706
0.894591
0.902535
0.909346
0.917316
0.930015
0.93958
0.952839
0.963917
0.974646
0.982653
0.992203
1.00396
1.01265
1.02249
1.03345
1.04315
1.05401
1.0645
1.07561
1.08701
1.09996
1.11848
1.13769
1.15541
1.18126
1.21073
1.24504
1.30965
1.42499
2.2521
