0.11
0.25
0.43
0.53
0.6
0.68
0.72
0.77
0.8
0.85
0.93
0.97
1.02
1.05
1.08
1.15
1.18
1.23
1.25
1.26
1.27
1.28
1.29
1.32
1.34
1.4
1.43
1.51
1.54
1.56
1.58
1.6
1.61
1.62
1.63
1.64
1.65
1.66
1.68
1.7
1.73
1.77
1.79
1.82
1.85
1.89
1.93
1.95
1.98
2.01
2.02
2.05
2.08
2.09
2.09
2.1
2.13
2.14
2.14
2.2
2.2
2.24
2.25
2.29
2.36
2.38
2.42
2.44
2.47
2.53
2.55
2.58
2.62
2.65
2.68
2.71
2.75
2.78
2.82
2.9
2.93
2.95
2.99
3.02
3.05
3.09
3.13
3.18
3.21
3.24
3.25
3.29
3.3
3.32
3.35
3.37
3.4
3.44
3.5
3.54
3.55
3.6
3.67
3.69
3.74
3.8
3.82
3.84
3.87
3.88
3.89
3.94
3.98
4
4.04
4.11
4.13
4.19
4.22
4.28
4.3
4.32
4.36
4.4
4.43
4.46
4.49
4.52
4.54
4.58
4.62
4.64
4.67
4.7
4.71
4.76
4.78
4.81
4.88
4.94
4.94
4.98
5.02
5.06
5.12
5.18
5.24
5.3
5.31
5.33
5.36
5.39
5.42
5.46
5.47
5.49
5.53
5.58
5.63
5.65
5.7
5.75
5.77
5.78
5.81
5.85
5.89
5.92
5.97
5.97
6.03
6.06
6.07
6.09
6.15
6.19
6.23
6.27
6.28
6.32
6.35
6.39
6.45
6.54
6.54
6.56
6.57
6.61
6.68
6.71
6.78
6.83
6.84
6.85
6.89
6.9
6.95
7
7.01
7.03
7.07
7.08
7.13
7.15
7.17
7.19
7.21
7.27
7.28
7.36
7.39
7.41
7.45
7.49
7.54
7.58
7.6
7.64
7.73
7.76
7.8
7.83
7.84
7.89
7.9
7.94
7.95
7.98
8.04
8.08
8.13
8.17
8.22
8.27
8.3
8.33
8.36
8.4
8.42
8.5
8.54
8.62
8.66
8.69
8.74
8.74
8.77
8.8
8.84
8.89
8.92
8.96
8.99
9.05
9.09
9.16
9.22
9.24
9.29
9.33
9.35
9.4
9.42
9.47
9.51
9.58
9.63
9.65
9.67
9.69
9.75
9.8
9.87
9.91
9.95
10.03
10.09
10.15
10.18
10.22
10.25
10.3
10.34
10.4
10.45
10.5
10.56
10.58
10.63
10.69
10.71
10.73
10.78
10.81
10.85
10.89
10.97
11.03
11.1
11.15
11.21
11.27
11.32
11.4
11.45
11.48
11.53
11.59
11.62
11.66
11.69
11.77
11.79
11.85
11.89
11.94
12.02
12.03
12.1
12.13
12.23
12.28
12.31
12.4
12.48
12.55
12.63
12.66
12.72
12.74
12.79
12.8
12.88
12.97
13.03
13.12
13.2
13.25
13.29
13.39
13.43
13.52
13.54
13.6
13.66
13.73
13.8
13.87
13.97
14.07
14.17
14.25
14.35
14.45
14.51
14.58
14.65
14.71
14.82
14.91
15.06
15.17
15.36
15.44
15.52
15.68
15.79
15.9
16.06
16.18
16.3
16.35
16.55
16.69
16.86
17.01
17.14
17.32
17.47
17.71
17.86
18.12
18.37
18.72
19.13
19.26
19.55
19.87
20.21
20.56
21
21.53
22.04
22.71
23.24
24.07
25.01
26.29
31.71
35.38
