0.151078
0.151078
0.152138
0.152138
0.153042
0.153042
0.153575
0.153575
0.154615
0.154615
0.174013
0.174013
0.182812
0.182812
0.202712
0.202712
0.206216
0.206216
0.214762
0.214762
0.221579
0.221579
0.222904
0.222904
0.224564
0.224564
0.225134
0.225134
0.227145
0.227145
0.228479
0.228479
0.231712
0.231712
0.231765
0.231765
0.234741
0.234741
0.234894
0.234894
0.238454
0.2411
0.2411
0.244465
0.244465
0.253261
0.253261
0.26275
0.26275
0.263641
0.263641
0.276505
0.28084
0.281596
0.281596
0.282507
0.282507
0.28414
0.28414
0.285492
0.285492
0.299541
0.299541
0.302337
0.302608
0.302608
0.30268
0.30268
0.305517
0.306465
0.306465
0.311094
0.311561
0.311561
0.312374
0.312374
0.314736
0.314736
0.315935
0.315935
0.319653
0.319653
0.31996
0.323207
0.323207
0.329659
0.329659
0.335304
0.335304
0.337262
0.34012
0.34012
0.342228
0.34376
0.345076
0.348489
0.349191
0.349191
0.349307
0.351629
0.353679
0.353679
0.355559
0.355559
0.360228
0.363158
0.363158
0.364467
0.364467
0.367614
0.369266
0.371025
0.371284
0.371284
0.372391
0.374113
0.374113
0.374349
0.374349
0.375248
0.377337
0.377767
0.377767
0.38389
0.383961
0.383961
0.386968
0.386968
0.387247
0.387247
0.38925
0.38925
0.389602
0.389602
0.391361
0.391361
0.391623
0.391623
0.393461
0.394722
0.394722
0.395917
0.396993
0.3979
0.3979
0.399167
0.399167
0.402817
0.402964
0.407421
0.407421
0.408087
0.408087
0.408364
0.409537
0.411672
0.411672
0.412017
0.412047
0.412047
0.417546
0.419957
0.422748
0.422748
0.424439
0.424439
0.426156
0.433443
0.433443
0.433838
0.434539
0.436071
0.436071
0.441454
0.441741
0.441741
0.444277
0.445625
0.450496
0.450496
0.451921
0.451921
0.452011
0.452859
0.45312
0.453161
0.45629
0.45629
0.456315
0.456397
0.460246
0.460477
0.460705
0.462641
0.462641
0.467219
0.467219
0.470874
0.470874
0.47164
0.47164
0.479328
0.482046
0.485592
0.485592
0.485917
0.485917
0.495555
0.495555
0.496753
0.497181
0.498838
0.504355
0.504355
0.505966
0.507531
0.507531
0.508304
0.513363
0.516744
0.518266
0.518577
0.519384
0.522156
0.526985
0.528953
0.531756
0.531756
0.532181
0.532181
0.532872
0.535968
0.535968
0.536344
0.537819
0.539444
0.546352
0.546352
0.54847
0.552081
0.552081
0.556767
0.556767
0.559175
0.559239
0.559782
0.559794
0.559794
0.563304
0.563304
0.567088
0.567359
0.567462
0.567462
0.569464
0.570379
0.573487
0.573729
0.573937
0.578017
0.578017
0.585297
0.586019
0.592189
0.592189
0.592454
0.592454
0.592596
0.592596
0.594068
0.594068
0.594261
0.59694
0.597247
0.603417
0.603747
0.603747
0.608372
0.609451
0.612446
0.613196
0.614572
0.616938
0.617618
0.624666
0.624666
0.629019
0.639108
0.640072
0.640072
0.641398
0.64848
0.648655
0.65034
0.650383
0.670454
0.675693
0.675693
0.675966
0.675966
0.677228
0.69405
0.697066
0.697994
0.709143
0.713623
0.713623
0.714357
0.714816
0.714816
0.719225
0.726003
0.727996
0.731876
0.740918
0.743434
0.743827
0.7447
0.747823
0.747823
0.75945
0.75945
0.765023
0.765023
0.768092
0.768632
0.773034
0.776019
0.776091
0.776091
0.78735
0.787937
0.796541
0.798917
0.798917
0.800512
0.807836
0.807836
0.808224
0.808224
0.811546
0.81413
0.819783
0.820358
0.822837
0.82633
0.833644
0.842674
0.846735
0.846735
0.849276
0.851594
0.85263
0.85263
0.854393
0.87346
0.88198
0.88198
0.890636
0.895312
0.895312
0.929533
0.933354
0.937406
0.937406
0.942656
0.944845
0.950115
0.951451
0.951451
0.979916
0.989487
0.996082
1.00973
1.01094
1.01094
1.01485
1.03799
1.04691
1.06721
1.07365
1.08
1.08
1.11445
1.12152
1.1362
1.1362
1.14922
1.15272
1.15358
1.15914
1.1906
1.21151
1.2322
1.30281
1.41813
1.4892
1.59276
1.72855
1.74959
