0.08
0.15
0.24
0.35
0.49
0.63
0.66
0.74
0.78
0.8
0.87
0.88
0.89
0.9
0.94
0.94
0.94
0.96
1.0
1.01
1.05
1.07
1.09
1.09
1.1
1.12
1.15
1.2
1.22
1.23
1.23
1.26
1.27
1.27
1.27
1.27
1.27
1.27
1.29
1.3
1.31
1.33
1.36
1.37
1.41
1.43
1.49
1.53
1.54
1.59
1.63
1.68
1.71
1.73
1.76
1.8
1.81
1.84
1.87
1.88
1.91
1.92
1.96
1.99
2.01
2.05
2.1
2.12
2.13
2.15
2.18
2.19
2.2
2.22
2.24
2.24
2.24
2.24
2.25
2.27
2.29
2.31
2.33
2.33
2.34
2.39
2.41
2.46
2.54
2.54
2.59
2.59
2.61
2.66
2.7
2.72
2.76
2.79
2.82
2.85
2.86
2.89
2.92
2.94
2.98
2.99
3.0
3.02
3.05
3.07
3.09
3.13
3.16
3.18
3.19
3.19
3.22
3.29
3.3
3.36
3.41
3.41
3.43
3.47
3.48
3.51
3.53
3.55
3.58
3.62
3.65
3.67
3.69
3.69
3.71
3.71
3.77
3.78
3.79
3.8
3.82
3.84
3.87
3.87
3.91
3.92
3.93
3.97
3.97
4.01
4.09
4.13
4.14
4.15
4.18
4.23
4.24
4.26
4.34
4.37
4.39
4.41
4.45
4.48
4.52
4.54
4.56
4.58
4.65
4.65
4.66
4.67
4.67
4.67
4.68
4.69
4.7
4.72
4.75
4.76
4.79
4.79
4.8
4.8
4.83
4.87
4.89
4.91
4.93
4.94
4.99
5.02
5.1
5.13
5.18
5.24
5.26
5.28
5.32
5.35
5.36
5.39
5.41
5.44
5.44
5.49
5.51
5.55
5.57
5.58
5.58
5.62
5.63
5.68
5.7
5.72
5.73
5.74
5.78
5.78
5.8
5.84
5.85
5.86
5.87
5.9
5.95
5.99
6.03
6.04
6.11
6.14
6.16
6.21
6.23
6.28
6.31
6.36
6.39
6.42
6.44
6.47
6.48
6.5
6.51
6.53
6.55
6.57
6.61
6.63
6.65
6.69
6.7
6.71
6.74
6.77
6.79
6.81
6.83
6.86
6.91
6.99
7.03
7.05
7.09
7.14
7.17
7.2
7.22
7.24
7.26
7.29
7.31
7.35
7.36
7.42
7.43
7.46
7.49
7.54
7.57
7.59
7.63
7.66
7.68
7.7
7.71
7.75
7.79
7.82
7.83
7.85
7.87
7.9
7.94
7.99
8.01
8.04
8.1
8.19
8.21
8.26
8.29
8.34
8.4
8.44
8.47
8.5
8.5
8.58
8.61
8.64
8.66
8.7
8.74
8.75
8.79
8.8
8.81
8.83
8.88
8.92
8.97
9.01
9.04
9.08
9.12
9.16
9.24
9.3
9.34
9.41
9.42
9.45
9.48
9.51
9.56
9.6
9.61
9.64
9.69
9.7
9.75
9.75
9.78
9.84
9.87
9.89
9.95
10.01
10.06
10.07
10.11
10.14
10.21
10.26
10.27
10.29
10.35
10.39
10.42
10.44
10.5
10.54
10.61
10.64
10.68
10.72
10.82
10.85
10.9
10.92
10.96
11.0
11.04
11.07
11.13
11.16
11.19
11.23
11.25
11.34
11.41
11.47
11.51
11.56
11.63
11.65
11.69
11.72
11.77
11.83
11.88
11.91
11.98
12.0
12.05
12.09
12.16
12.22
12.31
12.36
12.39
12.42
12.45
12.49
12.57
12.62
12.68
12.75
12.78
12.88
12.98
12.99
13.03
13.09
13.15
13.23
13.29
13.36
13.42
13.48
13.52
13.58
13.61
13.65
13.74
13.83
13.93
14.02
14.11
14.15
14.22
14.28
14.34
14.41
14.45
14.52
14.61
14.73
14.83
14.88
14.93
14.97
15.04
15.13
15.25
15.3
15.39
15.44
15.55
15.63
15.76
15.85
15.96
16.02
16.09
16.14
16.28
16.37
16.45
16.59
16.62
16.71
16.89
17.0
17.09
17.19
17.26
17.4
17.48
17.58
17.67
17.79
17.96
18.09
18.28
18.39
18.51
18.68
18.79
18.94
19.17
19.36
19.61
19.85
20.11
20.36
20.63
20.94
21.33
21.76
22.26
22.88
23.65
24.45
25.89
30.92
37.11
