0.150222
0.150222
0.151986
0.151986
0.153216
0.153229
0.154586
0.154651
0.15615
0.156174
0.157478
0.15761
0.159177
0.159232
0.160815
0.160955
0.163304
0.163508
0.165718
0.165959
0.167863
0.167987
0.170383
0.170683
0.173138
0.173378
0.175609
0.176052
0.178335
0.17891
0.181693
0.182112
0.184068
0.18478
0.186777
0.187471
0.189082
0.18984
0.1916
0.192861
0.194428
0.195572
0.197017
0.198734
0.200111
0.201556
0.203306
0.204323
0.205773
0.207211
0.208197
0.209532
0.210627
0.212034
0.213318
0.214622
0.215678
0.217135
0.218465
0.220112
0.221381
0.222442
0.223808
0.225018
0.226286
0.227465
0.22843
0.229786
0.230978
0.232071
0.233408
0.234439
0.235761
0.236644
0.237816
0.238846
0.240083
0.241375
0.242623
0.243513
0.244635
0.245684
0.246675
0.247755
0.248852
0.250003
0.251327
0.25298
0.253973
0.255111
0.256287
0.257461
0.258648
0.259611
0.26099
0.262059
0.262996
0.264269
0.265218
0.266341
0.267201
0.268222
0.269145
0.270382
0.271559
0.272901
0.274046
0.275099
0.276108
0.27725
0.278403
0.279643
0.280678
0.281769
0.282903
0.284064
0.28536
0.286576
0.287689
0.288994
0.290015
0.291326
0.292504
0.293783
0.294697
0.295871
0.296945
0.298048
0.299083
0.300296
0.301223
0.302114
0.303188
0.303918
0.304869
0.305833
0.306901
0.308202
0.309282
0.310331
0.311218
0.31235
0.313248
0.314338
0.315364
0.316633
0.317667
0.319021
0.320181
0.321145
0.322159
0.32327
0.324417
0.32543
0.32658
0.327622
0.32829
0.329194
0.330217
0.331359
0.332187
0.333129
0.334355
0.335141
0.336073
0.336988
0.337944
0.338966
0.340168
0.341076
0.341871
0.34287
0.343879
0.34485
0.345907
0.347156
0.348028
0.348853
0.349887
0.350739
0.351668
0.352468
0.353296
0.354082
0.355347
0.356217
0.357262
0.358247
0.358929
0.35977
0.360643
0.361385
0.362154
0.363039
0.363839
0.365177
0.365868
0.366818
0.367756
0.36863
0.369662
0.370403
0.37108
0.372119
0.372896
0.373843
0.374615
0.375401
0.376232
0.377224
0.378113
0.378832
0.379704
0.380464
0.38147
0.382234
0.383144
0.383799
0.384637
0.38569
0.386549
0.387616
0.388414
0.389367
0.390204
0.391354
0.392329
0.393507
0.394296
0.39511
0.396235
0.396999
0.398003
0.399034
0.399723
0.400672
0.401562
0.402382
0.403235
0.404289
0.405214
0.406102
0.407234
0.408128
0.40912
0.409982
0.411213
0.411939
0.412731
0.413717
0.414602
0.415666
0.41676
0.418114
0.419419
0.420623
0.421632
0.422637
0.423714
0.42524
0.426322
0.42735
0.428364
0.429481
0.430532
0.431682
0.432673
0.433879
0.435116
0.436288
0.437239
0.438596
0.439837
0.441564
0.442705
0.443969
0.445203
0.44648
0.447588
0.448627
0.45006
0.451328
0.452709
0.454171
0.455351
0.456512
0.457762
0.459164
0.460367
0.461538
0.462853
0.464029
0.465228
0.46635
0.467797
0.468614
0.46981
0.471243
0.472368
0.473763
0.474801
0.475906
0.477175
0.478656
0.479655
0.481239
0.482336
0.483798
0.4853
0.4868
0.488685
0.490177
0.49169
0.493179
0.494352
0.495838
0.497289
0.498901
0.500267
0.50179
0.503289
0.504438
0.506352
0.507905
0.50937
0.510948
0.512586
0.51423
0.515907
0.517848
0.519679
0.521359
0.522705
0.524582
0.526304
0.527947
0.530098
0.531846
0.53347
0.535376
0.536817
0.538522
0.540952
0.542828
0.544789
0.54653
0.548729
0.550775
0.55219
0.553987
0.555731
0.557755
0.559595
0.561641
0.56376
0.56586
0.567532
0.569342
0.571141
0.572806
0.574687
0.576626
0.579126
0.581077
0.582714
0.584868
0.587082
0.588911
0.590907
0.592934
0.595217
0.597362
0.599479
0.601386
0.603777
0.605998
0.60833
0.610786
0.612952
0.615146
0.61736
0.619146
0.621218
0.623072
0.624774
0.626665
0.628488
0.630157
0.631771
0.63407
0.636336
0.63835
0.640103
0.642483
0.644185
0.646438
0.648029
0.64968
0.651811
0.653832
0.655602
0.658085
0.659584
0.661732
0.663969
0.665692
0.667923
0.67037
0.672439
0.674064
0.675923
0.678253
0.68061
0.682592
0.684738
0.687176
0.689604
0.691933
0.693833
0.696213
0.698601
0.700861
0.703477
0.705388
0.707859
0.71026
0.71257
0.715424
0.718602
0.721287
0.723799
0.726996
0.729453
0.732829
0.735602
0.738475
0.74127
0.746385
0.74966
0.753117
0.756461
0.759363
0.763098
0.766589
0.769874
0.773978
0.777917
0.781803
0.786158
0.789391
0.793281
0.797527
0.802997
0.807698
0.81226
0.817421
0.822059
0.826678
0.83191
0.838796
0.844166
0.850753
0.855694
0.860449
0.865246
0.871379
0.87631
0.88262
0.889161
0.895186
0.901908
0.907602
0.914372
0.923192
0.931825
0.939662
0.947739
0.956322
0.964703
0.974418
0.985033
0.99385
1.00222
1.01
1.01886
1.02983
1.03881
1.04926
1.06525
1.0863
1.10699
1.1241
1.14221
1.16058
1.18394
1.2291
1.27455
1.34623
1.40502
1.58611
