0.15254
0.15254
0.152611
0.152611
0.152934
0.152934
0.15374
0.15374
0.154254
0.154254
0.155295
0.155295
0.15862
0.15862
0.159546
0.159546
0.160781
0.160781
0.160852
0.160852
0.164189
0.164189
0.165994
0.165994
0.166953
0.166953
0.167748
0.167748
0.168345
0.168345
0.168583
0.168583
0.170306
0.170306
0.170541
0.170541
0.176041
0.176041
0.176285
0.176285
0.176592
0.176592
0.186793
0.190156
0.190156
0.193431
0.199776
0.201534
0.202967
0.202967
0.203622
0.203622
0.203635
0.205915
0.205915
0.206797
0.206797
0.208554
0.208554
0.217263
0.217263
0.217495
0.217495
0.218864
0.218864
0.223717
0.223717
0.227811
0.227811
0.232179
0.232179
0.234872
0.237398
0.237398
0.238683
0.238683
0.244603
0.244603
0.246869
0.246869
0.247243
0.247243
0.251788
0.252543
0.252543
0.253214
0.253214
0.255515
0.255515
0.258325
0.258865
0.260912
0.260912
0.261842
0.261842
0.26553
0.26553
0.266053
0.266852
0.266852
0.267494
0.270196
0.270196
0.273036
0.273036
0.274781
0.274781
0.276903
0.276903
0.277194
0.277988
0.277988
0.277999
0.277999
0.278538
0.278538
0.27903
0.282176
0.282176
0.2826
0.284165
0.287219
0.287219
0.290028
0.290028
0.292416
0.294165
0.294419
0.294419
0.297203
0.297203
0.300432
0.300658
0.300658
0.303135
0.303135
0.306618
0.306618
0.306661
0.306661
0.310662
0.310662
0.313501
0.313501
0.314591
0.314591
0.316891
0.317076
0.318425
0.323198
0.323369
0.323369
0.327963
0.327963
0.333129
0.336688
0.341516
0.342703
0.342703
0.344548
0.346683
0.348585
0.348742
0.348742
0.348863
0.354217
0.354217
0.35472
0.35472
0.355222
0.355222
0.357211
0.35809
0.35809
0.359942
0.362857
0.362857
0.364554
0.365317
0.365638
0.365638
0.369086
0.369086
0.369689
0.371245
0.371245
0.371312
0.373077
0.373077
0.374296
0.374296
0.37458
0.37458
0.376111
0.377727
0.379734
0.379734
0.380822
0.380822
0.38214
0.38214
0.385849
0.38635
0.38635
0.387768
0.387903
0.387903
0.389897
0.390857
0.391123
0.393808
0.393808
0.397289
0.398704
0.400515
0.404003
0.404003
0.404255
0.404255
0.405672
0.405672
0.406214
0.406214
0.407753
0.409402
0.409671
0.409671
0.410181
0.410181
0.411215
0.412471
0.412471
0.413488
0.413488
0.413821
0.414534
0.414574
0.4151
0.419123
0.421549
0.422194
0.422982
0.424734
0.424734
0.424857
0.424857
0.425271
0.425271
0.426705
0.42897
0.42897
0.429035
0.429035
0.437441
0.437441
0.439774
0.4405
0.440893
0.440893
0.440936
0.440936
0.444371
0.449576
0.449576
0.451419
0.451419
0.452934
0.455475
0.455475
0.456473
0.457547
0.457547
0.459171
0.459282
0.459282
0.462852
0.464245
0.465641
0.466346
0.467957
0.472366
0.472366
0.47473
0.47473
0.475595
0.476848
0.478288
0.478918
0.479775
0.479775
0.481958
0.482622
0.485536
0.485799
0.485799
0.486823
0.489204
0.49305
0.495388
0.498564
0.499504
0.500931
0.500931
0.501617
0.502813
0.503285
0.510167
0.510167
0.510168
0.510168
0.511398
0.511591
0.511775
0.514165
0.514165
0.516921
0.516921
0.519028
0.519582
0.52719
0.530177
0.531161
0.53461
0.536088
0.536088
0.538006
0.538006
0.539165
0.539771
0.545456
0.545456
0.545625
0.545687
0.546514
0.547463
0.547824
0.553367
0.553367
0.554591
0.554591
0.564995
0.566172
0.571547
0.571547
0.571596
0.573786
0.573924
0.57438
0.57438
0.576708
0.582056
0.582916
0.586984
0.591012
0.593315
0.594977
0.595785
0.599124
0.599609
0.603853
0.603853
0.605952
0.610861
0.613147
0.617087
0.617311
0.619067
0.619067
0.619072
0.619945
0.619945
0.620337
0.62577
0.62577
0.637667
0.637667
0.641998
0.641998
0.649116
0.649511
0.649511
0.649677
0.650872
0.650872
0.654263
0.654263
0.657818
0.658415
0.658415
0.660211
0.660211
0.661751
0.66486
0.673923
0.673923
0.674582
0.675695
0.676325
0.681638
0.681686
0.681686
0.692249
0.692249
0.692922
0.692922
0.693295
0.695298
0.695298
0.697659
0.699797
0.699797
0.705438
0.710235
0.711741
0.712005
0.712776
0.716782
0.716888
0.728189
0.733852
0.735569
0.737977
0.737977
0.739861
0.740107
0.741366
0.746433
0.759743
0.759743
0.764021
0.764021
0.767333
0.767705
0.768251
0.768496
0.768496
0.772599
0.772599
0.774085
0.78009
0.788692
0.792147
0.795995
0.795995
0.800521
0.807418
0.808423
0.826553
0.835125
0.835411
0.839444
0.839786
0.852778
0.860718
0.860913
0.860913
0.861357
0.865504
0.865504
0.885599
0.890297
0.890536
0.902383
0.902383
0.90409
0.921806
0.922449
0.929397
0.929397
0.947905
0.971708
0.988516
1.02534
1.02604
1.02604
1.02869
1.02906
1.04858
1.05453
1.05874
1.06225
1.06432
1.06505
1.06796
1.07958
1.0817
1.09747
1.10507
1.10587
1.12363
1.13848
1.1568
1.21692
1.25521
1.26136
1.26136
1.28581
1.28581
1.39525
1.50618
