0.212529
0.212529
0.300159
0.300159
0.354982
0.354982
0.385362
0.385362
0.419433
0.419433
0.424851
0.424851
0.471751
0.471751
0.561656
0.561656
0.5998
0.5998
0.60333
0.619717
0.619717
0.622287
0.622287
0.623853
0.633799
0.633799
0.650349
0.650349
0.658491
0.658491
0.699729
0.699729
0.700299
0.71316
0.71316
0.726222
0.764124
0.767295
0.767295
0.804234
0.804234
0.816521
0.854746
0.876017
0.876017
0.905519
0.905519
0.925091
0.9394
0.9394
0.95721
0.961655
0.981281
0.995081
1.01117
1.05352
1.05352
1.10041
1.12187
1.17218
1.18442
1.18882
1.18882
1.18962
1.20394
1.21066
1.23168
1.23168
1.2622
1.2622
1.30084
1.31077
1.31146
1.31146
1.3438
1.41367
1.4359
1.45673
1.45892
1.45892
1.48243
1.54037
1.60862
1.64146
1.76717
1.79051
1.80611
1.81627
1.81627
1.96087
1.97868
2.06123
2.06789
2.19321
2.20316
2.24339
2.24958
2.42479
3.00796
3.32087
