0.06
0.26
0.47
0.58
0.67
0.7
0.74
0.78
0.79
0.8
0.8
0.8
0.81
0.82
0.83
0.83
0.83
0.83
0.84
0.85
0.85
0.86
0.87
0.89
0.9
0.95
0.98
1
1.02
1.03
1.06
1.09
1.1
1.18
1.2
1.24
1.28
1.36
1.41
1.44
1.48
1.5
1.53
1.57
1.6
1.62
1.65
1.68
1.69
1.73
1.74
1.76
1.77
1.78
1.78
1.8
1.8
1.8
1.8
1.8
1.8
1.82
1.83
1.84
1.88
1.9
1.92
1.93
1.95
1.97
1.98
2
2.03
2.04
2.06
2.07
2.13
2.15
2.18
2.23
2.27
2.29
2.31
2.34
2.45
2.5
2.53
2.55
2.58
2.6
2.63
2.65
2.67
2.69
2.7
2.72
2.74
2.75
2.76
2.78
2.81
2.84
2.87
2.9
2.93
2.97
3.04
3.12
3.21
3.26
3.28
3.34
3.37
3.4
3.44
3.49
3.51
3.55
3.59
3.65
3.69
3.77
3.85
3.96
4.08
4.15
4.26
4.28
4.41
4.53
4.58
4.66
4.8
5.05
5.3
5.58
5.84
6.1
6.68
7.56
8.12
8.73
9.64
10.41
11.08
12.12
13.27
16.56
18.35
20.66
