0.328
0.328
0.329
0.33
0.333
0.334
0.334
0.335
0.339
0.34
0.34
0.341
0.341
0.343
0.344
0.344
0.346
0.347
0.348
0.35
0.352
0.352
0.356
0.358
0.359
0.359
0.36
0.362
0.364
0.364
0.369
0.37
0.371
0.375
0.378
0.379
0.379
0.38
0.381
0.381
0.382
0.383
0.384
0.388
0.389
0.391
0.393
0.395
0.399
0.403
0.404
0.407
0.41
0.413
0.415
0.418
0.422
0.423
0.424
0.426
0.427
0.43
0.43
0.431
0.433
0.433
0.434
0.437
0.44
0.442
0.449
0.452
0.454
0.458
0.459
0.46
0.462
0.463
0.47
0.474
0.475
0.476
0.479
0.481
0.486
0.49
0.494
0.499
0.501
0.505
0.505
0.508
0.508
0.514
0.517
0.517
0.519
0.521
0.522
0.522
0.523
0.525
0.525
0.527
0.53
0.535
0.536
0.539
0.541
0.543
0.545
0.546
0.551
0.554
0.559
0.563
0.565
0.566
0.567
0.569
0.572
0.575
0.577
0.581
0.586
0.589
0.591
0.595
0.596
0.598
0.6
0.603
0.604
0.605
0.605
0.608
0.608
0.613
0.615
0.617
0.619
0.625
0.627
0.63
0.633
0.634
0.639
0.642
0.644
0.647
0.651
0.656
0.659
0.659
0.662
0.666
0.671
0.674
0.676
0.677
0.677
0.677
0.677
0.68
0.686
0.689
0.691
0.693
0.698
0.698
0.699
0.7
0.703
0.704
0.706
0.712
0.714
0.717
0.724
0.727
0.728
0.73
0.732
0.735
0.737
0.738
0.74
0.742
0.744
0.745
0.749
0.751
0.751
0.755
0.755
0.756
0.757
0.76
0.763
0.767
0.77
0.771
0.774
0.774
0.778
0.785
0.786
0.791
0.793
0.795
0.802
0.805
0.808
0.812
0.814
0.815
0.816
0.819
0.821
0.822
0.822
0.824
0.829
0.832
0.833
0.835
0.836
0.84
0.841
0.842
0.845
0.847
0.849
0.854
0.854
0.854
0.856
0.859
0.861
0.863
0.872
0.874
0.882
0.883
0.89
0.891
0.892
0.896
0.896
0.898
0.899
0.903
0.905
0.907
0.91
0.911
0.914
0.914
0.914
0.915
0.917
0.918
0.919
0.92
0.923
0.925
0.925
0.928
0.929
0.932
0.934
0.94
0.94
0.945
0.948
0.948
0.949
0.95
0.953
0.957
0.958
0.961
0.963
0.964
0.968
0.973
0.975
0.983
0.991
0.991
0.994
0.998
1.001
1.005
1.007
1.011
1.012
1.014
1.016
1.019
1.023
1.025
1.027
1.031
1.032
1.035
1.037
1.038
1.041
1.041
1.042
1.043
1.043
1.043
1.045
1.047
1.048
1.048
1.048
1.049
1.051
1.054
1.055
1.058
1.06
1.062
1.067
1.07
1.074
1.075
1.076
1.081
1.084
1.086
1.088
1.093
1.096
1.1
1.103
1.106
1.109
1.11
1.116
1.118
1.122
1.123
1.123
1.125
1.126
1.126
1.131
1.132
1.134
1.137
1.14
1.141
1.144
1.145
1.148
1.15
1.15
1.155
1.159
1.161
1.163
1.168
1.169
1.172
1.173
1.174
1.176
1.179
1.184
1.184
1.188
1.189
1.192
1.195
1.198
1.2
1.203
1.206
1.208
1.21
1.212
1.212
1.212
1.215
1.217
1.217
1.22
1.222
1.225
1.225
1.228
1.234
1.238
1.24
1.243
1.245
1.246
1.25
1.254
1.254
1.254
1.256
1.257
1.258
1.26
1.263
1.266
1.267
1.272
1.276
1.278
1.279
1.28
1.281
1.283
1.285
1.286
1.291
1.294
1.298
1.304
1.305
1.306
1.307
1.31
1.314
1.317
1.318
1.319
1.322
1.325
1.326
1.326
1.327
1.327
1.328
1.329
1.332
1.333
1.334
1.339
1.341
1.343
1.344
1.349
1.355
1.355
1.357
1.357
1.357
1.359
1.362
1.368
1.369
1.372
1.376
1.379
1.379
1.381
1.384
1.387
1.391
1.392
1.393
1.396
1.398
1.398
1.4
1.401
1.402
1.403
1.407
1.408
1.41
1.411
1.413
1.414
1.414
1.415
1.419
1.423
1.424
1.427
1.43
1.432
1.435
1.438
1.438
1.442
1.444
1.446
1.447
1.448
1.45
1.451
1.455
1.456
1.457
1.46
1.463
1.464
1.464
1.466
1.472
1.473
1.476
1.477
1.48
1.48
1.483
1.486
1.486
1.491
1.493
1.493
1.493
1.493
1.498
1.503
1.504
1.506
1.507
1.51
1.512
1.513
1.515
1.516
1.52
1.522
1.523
1.526
1.528
1.528
1.528
1.53
1.534
1.536
1.539
1.541
1.544
1.548
1.548
1.549
1.554
1.555
1.559
1.559
1.562
1.564
1.565
1.568
1.571
1.573
1.574
1.575
1.578
1.58
1.581
1.583
1.585
1.586
1.587
1.587
1.588
1.589
1.589
1.591
1.592
1.592
1.593
1.596
1.598
1.6
1.603
1.607
1.61
1.615
1.62
1.62
1.623
1.626
1.63
1.631
1.634
1.636
1.64
1.641
1.642
1.644
1.647
1.65
1.652
1.653
1.653
1.655
1.655
1.656
1.657
1.66
1.662
1.664
1.664
1.666
1.666
1.667
1.67
1.672
1.675
1.676
1.678
1.68
1.68
1.684
1.688
1.693
1.699
1.701
1.703
1.703
1.704
1.709
1.711
1.714
1.718
1.72
1.721
1.723
1.725
1.726
1.727
1.727
1.73
1.732
1.732
1.735
1.736
1.74
1.74
1.742
1.744
1.745
1.747
1.749
1.752
1.755
1.757
1.762
1.764
1.766
1.768
1.772
1.774
1.775
1.778
1.782
1.783
1.784
1.786
1.787
1.789
1.79
1.791
1.793
1.796
1.798
1.799
1.802
1.804
1.805
1.808
1.81
1.811
1.814
1.814
1.816
1.819
1.82
1.822
1.826
1.829
1.829
1.835
1.836
1.84
1.845
1.846
1.849
1.852
1.854
1.855
1.859
1.862
1.863
1.865
1.866
1.867
1.868
1.871
1.872
1.875
1.878
1.881
1.884
1.885
1.887
1.89
1.892
1.893
1.896
1.897
1.898
1.898
1.902
1.903
1.904
1.909
1.909
1.912
1.914
1.917
1.921
1.924
1.927
1.933
1.933
1.938
1.938
1.939
1.941
1.943
1.945
1.946
1.946
1.951
1.954
1.957
1.958
1.959
1.96
1.963
1.964
1.965
1.969
1.971
1.975
1.978
1.981
1.986
1.991
1.991
1.996
1.997
2
2.001
2.005
2.007
2.01
2.014
2.017
2.019
2.022
2.022
2.022
2.023
2.026
2.027
2.029
2.031
2.034
2.038
2.039
2.041
2.041
2.047
2.049
2.054
2.058
2.063
2.068
2.071
2.072
2.073
2.075
2.078
2.079
2.082
2.085
2.086
2.09
2.093
2.096
2.099
2.102
2.102
2.103
2.106
2.111
2.114
2.117
2.122
2.125
2.128
2.129
2.136
2.136
2.136
2.138
2.14
2.145
2.147
2.151
2.152
2.154
2.156
2.16
2.163
2.169
2.173
2.176
2.176
2.178
2.179
2.185
2.187
2.19
2.192
2.195
2.199
2.201
2.206
2.209
2.212
2.217
2.219
2.222
2.225
2.227
2.231
2.238
2.242
2.245
2.245
2.252
2.257
2.257
2.26
2.263
2.266
2.269
2.27
2.272
2.274
2.276
2.279
2.283
2.286
2.29
2.294
2.299
2.301
2.303
2.31
2.314
2.317
2.321
2.323
2.326
2.329
2.333
2.337
2.339
2.343
2.346
2.35
2.353
2.355
2.356
2.358
2.362
2.362
2.369
2.376
2.385
2.388
2.391
2.395
2.4
2.401
2.404
2.405
2.407
2.412
2.417
2.42
2.427
2.43
2.435
2.436
2.436
2.445
2.452
2.459
2.464
2.468
2.474
2.478
2.481
2.484
2.488
2.489
2.491
2.496
2.502
2.511
2.514
2.518
2.526
2.53
2.537
2.542
2.544
2.551
2.555
2.56
2.561
2.568
2.574
2.579
2.588
2.595
2.599
2.605
2.607
2.614
2.622
2.627
2.633
2.642
2.646
2.653
2.658
2.665
2.673
2.681
2.693
2.698
2.707
2.714
2.718
2.723
2.732
2.742
2.75
2.76
2.769
2.781
2.792
2.799
2.806
2.812
2.824
2.833
2.848
2.857
2.869
2.879
2.892
2.905
2.92
2.931
2.946
2.96
2.973
2.996
3.012
3.03
3.049
3.064
3.08
3.098
3.11
3.133
3.147
3.169
3.187
3.207
3.228
3.252
3.268
3.304
3.331
3.364
3.397
3.469
3.552
3.683
