0.148246
0.148246
0.149865
0.149865
0.151266
0.151266
0.151901
0.151901
0.152215
0.152215
0.152653
0.152653
0.152697
0.152697
0.153353
0.153353
0.153407
0.153407
0.153657
0.153657
0.153773
0.153773
0.155712
0.155712
0.157897
0.157897
0.159572
0.159572
0.160051
0.160051
0.162172
0.162172
0.162282
0.162282
0.162405
0.164313
0.164313
0.165111
0.165111
0.16617
0.16617
0.167783
0.167783
0.16793
0.16793
0.170574
0.170574
0.171023
0.171023
0.171249
0.171249
0.171327
0.171898
0.171898
0.17268
0.174089
0.174089
0.174095
0.174095
0.175697
0.175697
0.178043
0.178043
0.179889
0.179889
0.179966
0.180034
0.180034
0.181069
0.181069
0.183738
0.183738
0.184549
0.184549
0.185239
0.185239
0.185434
0.185434
0.185973
0.185973
0.186258
0.186258
0.186737
0.186737
0.187291
0.187291
0.188765
0.188765
0.1889
0.1889
0.191049
0.19131
0.19131
0.197711
0.197711
0.198002
0.198467
0.198467
0.198484
0.198484
0.199115
0.199115
0.200506
0.200506
0.20143
0.20143
0.201446
0.202152
0.202152
0.202887
0.202887
0.203215
0.203817
0.203817
0.203982
0.203982
0.205226
0.205226
0.206104
0.206104
0.206639
0.208753
0.208753
0.208914
0.208914
0.209078
0.209078
0.209843
0.209843
0.21052
0.21052
0.211257
0.211257
0.212203
0.212203
0.213451
0.213451
0.213956
0.213956
0.21418
0.21418
0.21478
0.215432
0.215832
0.2165
0.216678
0.216678
0.216718
0.216799
0.216799
0.219182
0.219182
0.22295
0.22295
0.223454
0.223454
0.223533
0.223533
0.226206
0.226206
0.22723
0.22723
0.228355
0.229937
0.229937
0.232295
0.232295
0.233069
0.233069
0.233105
0.233105
0.233164
0.233164
0.235318
0.235318
0.235482
0.235482
0.235818
0.235818
0.235936
0.235936
0.23627
0.23627
0.236548
0.236577
0.236577
0.236824
0.236824
0.238098
0.238098
0.238383
0.239124
0.239124
0.240763
0.240763
0.241522
0.241522
0.241846
0.241846
0.242059
0.2428
0.2428
0.24308
0.24308
0.243216
0.24379
0.24379
0.244549
0.244549
0.245029
0.245029
0.245832
0.245832
0.246513
0.247068
0.247425
0.247425
0.248327
0.249113
0.249113
0.250198
0.250198
0.250892
0.250892
0.251132
0.251132
0.251299
0.251299
0.251449
0.252006
0.252006
0.253387
0.253387
0.253576
0.25411
0.25411
0.255868
0.255868
0.25592
0.25592
0.256073
0.256142
0.256142
0.256846
0.256846
0.257077
0.257077
0.257235
0.257235
0.259745
0.259745
0.260763
0.261549
0.26253
0.262786
0.262786
0.265686
0.266005
0.266504
0.266504
0.266912
0.267522
0.267522
0.267634
0.268347
0.268492
0.268492
0.268709
0.268709
0.269015
0.269015
0.26929
0.269723
0.270419
0.270419
0.271705
0.271705
0.272345
0.272345
0.272458
0.272458
0.272682
0.272682
0.273536
0.273536
0.273558
0.274455
0.27498
0.27498
0.275649
0.276153
0.276692
0.276692
0.276787
0.276787
0.277409
0.279305
0.279305
0.280378
0.280378
0.280649
0.280649
0.281274
0.281274
0.281785
0.281885
0.28297
0.284723
0.28498
0.28498
0.285779
0.285779
0.286288
0.286288
0.286448
0.286448
0.286663
0.286663
0.287059
0.287059
0.287095
0.287095
0.287347
0.287469
0.287469
0.288218
0.288218
0.28828
0.28828
0.288814
0.290469
0.290469
0.29056
0.291298
0.291298
0.292433
0.292815
0.292815
0.292931
0.292931
0.292951
0.293224
0.29374
0.295433
0.295557
0.295557
0.295601
0.296329
0.296329
0.296969
0.297964
0.297964
0.298205
0.298205
0.298647
0.299544
0.299544
0.299975
0.299975
0.300194
0.300194
0.300277
0.300685
0.300979
0.301169
0.301169
0.301403
0.301403
0.302244
0.302949
0.302949
0.303032
0.303032
0.303231
0.303473
0.303473
0.304037
0.304037
0.304377
0.304377
0.304396
0.304396
0.30476
0.305028
0.305774
0.305774
0.305935
0.305935
0.306093
0.306531
0.306875
0.307151
0.307926
0.308039
0.308039
0.309293
0.309462
0.309462
0.309527
0.309627
0.309744
0.309744
0.309817
0.309817
0.310268
0.310268
0.310564
0.310564
0.31066
0.31066
0.310703
0.310703
0.311231
0.311231
0.311666
0.311666
0.312016
0.312016
0.312042
0.312307
0.312307
0.31237
0.31237
0.314022
0.31433
0.31433
0.315895
0.316163
0.316775
0.316775
0.316905
0.316905
0.317026
0.317026
0.317757
0.317757
0.318176
0.318176
0.318488
0.318488
0.31923
0.320474
0.320551
0.320551
0.321149
0.321514
0.321966
0.32232
0.32232
0.323691
0.323691
0.323959
0.324672
0.324673
0.324673
0.325829
0.325829
0.327163
0.327375
0.327375
0.327701
0.327701
0.327848
0.327848
0.328132
0.328132
0.328294
0.32849
0.32849
0.328926
0.329029
0.329029
0.329106
0.329164
0.329476
0.329476
0.329494
0.329494
0.331907
0.331907
0.33207
0.33207
0.332437
0.332561
0.332561
0.333173
0.333524
0.333873
0.33464
0.336233
0.336984
0.338218
0.338523
0.338599
0.338818
0.338818
0.33903
0.33903
0.339295
0.339295
0.34118
0.34118
0.341292
0.34146
0.342243
0.342328
0.343086
0.343086
0.344359
0.344359
0.344608
0.345109
0.345337
0.345773
0.346043
0.346043
0.346467
0.346467
0.346973
0.347128
0.347128
0.347164
0.348085
0.348237
0.348593
0.348593
0.34886
0.34886
0.348983
0.348983
0.349427
0.349689
0.349689
0.350005
0.350005
0.350312
0.350707
0.350707
0.350899
0.350994
0.352078
0.352225
0.352225
0.353858
0.354607
0.354607
0.354965
0.354965
0.355545
0.355545
0.355927
0.355927
0.356221
0.356575
0.356575
0.356594
0.356594
0.356717
0.356717
0.356788
0.356838
0.356838
0.357525
0.357525
0.357734
0.357826
0.357826
0.358255
0.358255
0.360385
0.360385
0.360556
0.360576
0.360576
0.361637
0.363107
0.36341
0.36341
0.36384
0.36384
0.364078
0.364078
0.364084
0.364453
0.364747
0.364938
0.366222
0.366222
0.366516
0.36655
0.366761
0.366761
0.367146
0.367224
0.367224
0.368052
0.368052
0.368691
0.368853
0.369186
0.369564
0.369564
0.369585
0.370048
0.370048
0.370075
0.37048
0.370553
0.370954
0.370973
0.371204
0.371577
0.371997
0.372094
0.372593
0.373026
0.373026
0.373516
0.373838
0.374153
0.375185
0.375546
0.375607
0.375657
0.375814
0.375847
0.375847
0.375987
0.376596
0.378097
0.378097
0.378164
0.378861
0.378872
0.378883
0.379151
0.379527
0.379578
0.381061
0.381154
0.381154
0.38167
0.382382
0.382686
0.382686
0.382786
0.382874
0.383014
0.383014
0.383617
0.383617
0.383733
0.383972
0.383972
0.384767
0.385279
0.386269
0.386559
0.387328
0.387328
0.389398
0.389411
0.389411
0.389792
0.38996
0.390009
0.390017
0.390017
0.390438
0.390438
0.391788
0.393526
0.393666
0.394795
0.394795
0.395529
0.395896
0.395942
0.396059
0.396758
0.396758
0.398149
0.398149
0.398295
0.398821
0.398821
0.399135
0.399681
0.399681
0.399809
0.399809
0.400637
0.400648
0.401745
0.402013
0.40453
0.405151
0.405151
0.405343
0.405841
0.405841
0.406063
0.406296
0.406559
0.407028
0.40752
0.40752
0.407875
0.407942
0.408069
0.409907
0.410863
0.411161
0.411193
0.411193
0.413092
0.415605
0.415758
0.417227
0.417227
0.417945
0.417945
0.417986
0.418004
0.418004
0.419337
0.420257
0.420767
0.4211
0.4211
0.421424
0.421956
0.4232
0.4232
0.423571
0.423571
0.423919
0.425589
0.425769
0.426406
0.426544
0.426807
0.428089
0.428089
0.428873
0.428873
0.429178
0.429669
0.430067
0.431183
0.431183
0.431368
0.431368
0.433348
0.433454
0.433456
0.433765
0.434531
0.435342
0.43539
0.43653
0.436966
0.436966
0.43734
0.43734
0.437606
0.438116
0.438163
0.438163
0.438651
0.438871
0.439572
0.440593
0.440593
0.44064
0.440789
0.440841
0.441857
0.442331
0.442482
0.442906
0.442906
0.444423
0.44516
0.446531
0.446903
0.447396
0.447766
0.448214
0.448214
0.448906
0.448906
0.449439
0.449959
0.450354
0.450354
0.452415
0.45291
0.45291
0.453048
0.45322
0.453713
0.454479
0.455122
0.455122
0.455248
0.455764
0.456104
0.456104
0.456648
0.456729
0.456914
0.4577
0.459276
0.459314
0.459345
0.460174
0.460364
0.462135
0.463489
0.46406
0.46406
0.464968
0.467214
0.467328
0.467328
0.468334
0.469431
0.469565
0.470966
0.470966
0.471884
0.47375
0.47375
0.474259
0.476423
0.477705
0.480155
0.480155
0.480508
0.480545
0.481617
0.484292
0.485235
0.485235
0.487068
0.487068
0.487375
0.488002
0.488104
0.488104
0.488408
0.488767
0.491141
0.491903
0.493416
0.496091
0.501432
0.503205
0.503872
0.504038
0.504516
0.508211
0.509328
0.509328
0.51055
0.511354
0.51231
0.512315
0.513105
0.513105
0.51513
0.516073
0.516073
0.517076
0.517379
0.517379
0.518978
0.519068
0.519935
0.522039
0.522405
0.524716
0.525245
0.525245
0.529795
0.531754
0.533004
0.533817
0.535341
0.536466
0.537119
0.537185
0.537185
0.538106
0.540755
0.541609
0.542475
0.543006
0.547123
0.548012
0.54894
0.549116
0.550489
0.55526
0.555883
0.556226
0.556276
0.558447
0.559058
0.559491
0.559563
0.563418
0.564016
0.564566
0.5647
0.564873
0.566385
0.566829
0.569353
0.571165
0.573747
0.574864
0.576285
0.577425
0.577555
0.578421
0.578421
0.583301
0.584636
0.585301
0.587062
0.591349
0.593207
0.597063
0.597331
0.597558
0.599887
0.600355
0.600901
0.601479
0.601673
0.603558
0.604234
0.604733
0.607341
0.607622
0.609899
0.611912
0.61841
0.622661
0.626793
0.632997
0.635283
0.63676
0.641649
0.642196
0.642942
0.648642
0.652782
0.652791
0.657922
0.661334
0.663626
0.665282
0.66627
0.680542
0.683473
0.689811
0.691428
0.709204
0.710981
0.71392
0.716229
0.71848
0.723821
0.724617
0.733459
0.734676
0.741026
0.741591
0.751062
0.761385
0.762038
0.770716
0.785888
0.78846
0.811412
0.824261
0.834429
0.845547
0.870798
0.878479
0.884712
0.895582
0.928248
0.961672
1.09637
1.11168
1.22496
