0.232543
0.232543
0.259909
0.259909
0.271226
0.271226
0.278145
0.278145
0.347624
0.347624
0.384572
0.384572
0.387204
0.387204
0.393291
0.393291
0.424946
0.424946
0.440109
0.440109
0.450051
0.450051
0.453911
0.453911
0.495612
0.496429
0.496429
0.499623
0.499623
0.503265
0.503265
0.510741
0.512204
0.512204
0.534712
0.549162
0.549162
0.5557
0.575548
0.575548
0.576687
0.576687
0.578541
0.578541
0.582131
0.58991
0.58991
0.601076
0.607728
0.612592
0.613724
0.613724
0.619199
0.62608
0.62608
0.634112
0.641687
0.647999
0.647999
0.652451
0.660665
0.660665
0.663799
0.663799
0.67384
0.67384
0.680215
0.699441
0.702045
0.71099
0.723281
0.724488
0.724488
0.76212
0.768828
0.769375
0.793248
0.796678
0.798324
0.798324
0.806458
0.806458
0.828905
0.828905
0.859213
0.859213
0.871268
0.871268
0.887923
0.888189
0.888189
0.890386
0.890386
0.892865
0.917825
0.917825
0.923638
0.927682
0.949386
0.967704
0.982749
0.982749
0.989664
1.00831
1.0172
1.0172
1.02469
1.05316
1.05548
1.06754
1.09163
1.12095
1.12095
1.15199
1.1567
1.19458
1.21264
1.23893
1.23893
1.25577
1.36909
1.36909
1.37125
1.40455
1.42277
1.42277
1.42591
1.42591
1.43994
1.44404
1.45204
1.49265
1.52183
1.53204
1.55477
1.5595
1.72868
1.82352
1.82352
1.85466
1.86716
1.88775
1.90656
1.98657
2.05219
2.06839
2.07886
2.16609
2.2502
2.32653
