0.328
0.328
0.328
0.328
0.328
0.328
0.328
0.328
0.328
0.328
0.328
0.328
0.329
0.329
0.331
0.331
0.333
0.334
0.334
0.335
0.336
0.336
0.336
0.337
0.337
0.338
0.34
0.341
0.342
0.344
0.346
0.347
0.352
0.355
0.358
0.359
0.361
0.367
0.373
0.376
0.382
0.386
0.391
0.397
0.404
0.407
0.414
0.42
0.429
0.435
0.44
0.445
0.448
0.453
0.456
0.46
0.469
0.479
0.481
0.485
0.496
0.501
0.508
0.513
0.526
0.536
0.547
0.556
0.563
0.568
0.575
0.586
0.595
0.602
0.61
0.621
0.635
0.646
0.659
0.667
0.678
0.688
0.697
0.715
0.722
0.732
0.752
0.765
0.781
0.794
0.813
0.823
0.841
0.857
0.871
0.888
0.906
0.924
0.946
0.965
0.985
1.005
1.034
1.062
1.08
1.099
1.115
1.142
1.171
1.199
1.213
1.236
1.274
1.3
1.323
1.361
1.384
1.413
1.442
1.481
1.51
1.542
1.58
1.609
1.649
1.698
1.74
1.79
1.832
1.881
1.921
1.979
2.03
2.081
2.133
2.192
2.298
2.44
2.643
2.845
2.998
3.146
3.272
3.602
4.009
4.261
4.448
4.613
4.833
5.213
