0.150547
0.150547
0.1949
0.1949
0.228269
0.228269
0.241711
0.241711
0.25112
0.25112
0.257996
0.257996
0.275959
0.275959
0.279118
0.279118
0.282142
0.282142
0.326283
0.326283
0.336843
0.348843
0.348843
0.372666
0.372666
0.374019
0.374019
0.375497
0.375497
0.388665
0.388665
0.394295
0.394295
0.400999
0.400999
0.439314
0.442009
0.452075
0.452075
0.454461
0.454461
0.455284
0.455284
0.467312
0.472001
0.472001
0.474621
0.474621
0.482814
0.483234
0.483234
0.510215
0.510215
0.516561
0.518053
0.518053
0.531312
0.531312
0.533644
0.533644
0.540643
0.54427
0.54427
0.552409
0.552409
0.553216
0.553216
0.563194
0.563194
0.567821
0.573822
0.573822
0.589864
0.589864
0.595178
0.595178
0.595476
0.596499
0.601223
0.603491
0.609495
0.609495
0.620537
0.625476
0.627987
0.630469
0.641117
0.641117
0.656192
0.656808
0.664014
0.664014
0.664146
0.667089
0.667089
0.689198
0.689198
0.695285
0.695285
0.701649
0.703646
0.703646
0.70401
0.70401
0.713049
0.726556
0.72852
0.736821
0.742941
0.742941
0.746009
0.750048
0.750048
0.75201
0.768303
0.768303
0.770045
0.771086
0.771086
0.772285
0.772285
0.778795
0.778795
0.781631
0.781631
0.783675
0.783675
0.785306
0.785306
0.787494
0.787494
0.812104
0.814072
0.820887
0.829466
0.829466
0.838893
0.838893
0.845533
0.845533
0.846552
0.846552
0.868869
0.89294
0.895154
0.90157
0.90695
0.921582
0.922193
0.936962
0.945303
0.971957
0.975089
0.975089
0.978182
0.983496
0.989952
0.989952
1.044
1.0584
1.05874
1.06304
1.06945
1.08277
1.08822
1.10169
1.1271
1.14942
1.14942
1.18637
1.19683
1.19683
1.22677
1.22942
1.23543
1.23714
1.25098
1.25955
1.26349
1.27836
1.28452
1.29118
1.29296
1.29647
1.29647
1.29843
1.30034
1.30034
1.30226
1.39298
1.40343
1.42533
1.49727
1.5231
1.53414
1.57574
1.59772
1.75202
2.02925
2.30051
