0.15596
0.15596
0.164151
0.164151
0.174193
0.174193
0.186827
0.186827
0.199357
0.199693
0.212216
0.213127
0.224098
0.227254
0.237277
0.238888
0.247229
0.249632
0.259603
0.262195
0.273735
0.27503
0.283286
0.284657
0.291161
0.292763
0.298613
0.301482
0.305968
0.308629
0.312783
0.316864
0.320431
0.323973
0.326935
0.330399
0.333313
0.336655
0.339625
0.342592
0.34583
0.348043
0.351112
0.353786
0.356685
0.359314
0.36154
0.365176
0.367486
0.371152
0.37353
0.377139
0.379633
0.383337
0.385891
0.389339
0.392348
0.395357
0.397831
0.400855
0.403447
0.406141
0.40862
0.411679
0.414056
0.416882
0.419596
0.422302
0.424354
0.426773
0.429493
0.431838
0.434299
0.436666
0.439744
0.44253
0.444777
0.446528
0.449438
0.451787
0.454989
0.457476
0.460413
0.462929
0.465653
0.468303
0.470884
0.473609
0.477242
0.480412
0.484275
0.487004
0.489785
0.492492
0.495479
0.498401
0.501015
0.504758
0.50738
0.510458
0.513423
0.517005
0.519912
0.523203
0.52567
0.529421
0.532996
0.535914
0.538998
0.542493
0.545694
0.548234
0.552067
0.556173
0.559156
0.562739
0.566425
0.569514
0.573352
0.576643
0.579862
0.583629
0.587265
0.590534
0.593251
0.595443
0.598629
0.601758
0.604765
0.607611
0.611115
0.614094
0.616836
0.619525
0.622966
0.626947
0.629967
0.633877
0.637926
0.641314
0.644768
0.648969
0.652152
0.655913
0.658898
0.662092
0.665633
0.668971
0.671895
0.674475
0.678355
0.681699
0.685651
0.689456
0.693271
0.696728
0.701861
0.706681
0.710386
0.714021
0.718363
0.722401
0.726278
0.730239
0.733917
0.737971
0.741985
0.746165
0.750386
0.754593
0.759181
0.763053
0.768706
0.773111
0.77852
0.783896
0.789536
0.794791
0.800454
0.805282
0.810474
0.814945
0.820103
0.825014
0.828913
0.833102
0.837481
0.843272
0.847318
0.852715
0.857052
0.861954
0.868362
0.875337
0.881553
0.888043
0.896261
0.902677
0.910312
0.9188
0.926017
0.93313
0.940674
0.948848
0.957001
0.963869
0.971742
0.980392
0.988373
0.996406
1.00325
1.01362
1.02136
1.02875
1.03853
1.0464
1.05608
1.06566
1.07371
1.08592
1.09995
1.11736
1.13212
1.1476
1.16394
1.18155
1.19726
1.21463
1.2307
1.24116
1.25594
1.26533
1.28166
1.29754
1.3126
1.32812
1.34228
1.35938
1.37755
1.39864
1.4206
1.43893
1.45464
1.46901
1.49723
1.53633
1.59481
1.6901
1.81273
2.43374
