0.328
0.328
0.328
0.328
0.328
0.328
0.328
0.328
0.328
0.328
0.328
0.328
0.328
0.33
0.33
0.331
0.331
0.332
0.333
0.333
0.333
0.334
0.335
0.335
0.335
0.335
0.336
0.336
0.337
0.337
0.337
0.338
0.341
0.343
0.344
0.346
0.349
0.351
0.353
0.357
0.361
0.367
0.369
0.371
0.379
0.38
0.384
0.392
0.396
0.399
0.402
0.408
0.409
0.413
0.418
0.422
0.425
0.436
0.444
0.45
0.455
0.457
0.46
0.463
0.466
0.466
0.472
0.474
0.477
0.482
0.485
0.49
0.499
0.506
0.515
0.519
0.524
0.527
0.531
0.537
0.539
0.543
0.548
0.553
0.559
0.565
0.573
0.581
0.592
0.6
0.604
0.611
0.621
0.624
0.629
0.632
0.638
0.647
0.648
0.655
0.664
0.67
0.677
0.685
0.689
0.696
0.703
0.711
0.715
0.723
0.73
0.739
0.749
0.756
0.762
0.769
0.779
0.787
0.79
0.799
0.806
0.816
0.825
0.832
0.833
0.839
0.848
0.862
0.867
0.88
0.896
0.908
0.916
0.926
0.931
0.936
0.945
0.956
0.966
0.974
0.981
0.989
1.003
1.012
1.018
1.026
1.039
1.048
1.056
1.066
1.077
1.086
1.099
1.105
1.113
1.127
1.14
1.15
1.158
1.165
1.174
1.182
1.192
1.2
1.211
1.224
1.23
1.239
1.247
1.266
1.279
1.285
1.291
1.302
1.311
1.322
1.333
1.351
1.359
1.363
1.368
1.382
1.399
1.409
1.421
1.439
1.445
1.46
1.468
1.477
1.488
1.504
1.517
1.532
1.548
1.561
1.572
1.583
1.593
1.61
1.622
1.639
1.651
1.664
1.679
1.69
1.704
1.719
1.738
1.753
1.766
1.781
1.795
1.816
1.833
1.85
1.867
1.884
1.903
1.926
1.957
1.977
2.004
2.035
2.057
2.078
2.106
2.125
2.167
2.209
2.253
2.316
2.382
2.433
2.499
2.555
2.63
2.685
2.763
2.836
2.904
3.025
3.222
3.305
3.421
3.58
3.844
4.344
4.557
4.935
