0.04
0.11
0.22
0.4
0.51
0.61
0.7
0.73
0.74
0.77
0.8
0.82
0.86
0.89
0.9
0.92
0.92
0.94
0.95
0.95
0.95
0.97
0.97
0.98
0.99
1
1.01
1.03
1.05
1.07
1.07
1.08
1.09
1.09
1.09
1.1
1.13
1.14
1.17
1.2
1.23
1.25
1.26
1.29
1.36
1.38
1.39
1.42
1.43
1.43
1.46
1.48
1.51
1.51
1.53
1.54
1.55
1.57
1.57
1.6
1.66
1.68
1.7
1.72
1.76
1.8
1.86
1.89
1.91
1.94
1.95
1.98
2.02
2.05
2.05
2.1
2.11
2.12
2.12
2.15
2.18
2.2
2.23
2.28
2.28
2.29
2.3
2.3
2.3
2.33
2.35
2.35
2.37
2.37
2.4
2.44
2.48
2.5
2.51
2.55
2.55
2.56
2.58
2.6
2.63
2.67
2.68
2.72
2.72
2.73
2.75
2.76
2.77
2.8
2.81
2.82
2.86
2.89
2.91
2.91
2.93
2.97
3
3.06
3.1
3.16
3.17
3.18
3.18
3.19
3.26
3.28
3.3
3.33
3.35
3.39
3.41
3.44
3.52
3.54
3.58
3.6
3.64
3.66
3.68
3.69
3.73
3.79
3.81
3.85
3.88
3.92
3.93
3.95
3.96
3.99
4.02
4.02
4.05
4.09
4.1
4.13
4.16
4.19
4.25
4.26
4.28
4.36
4.41
4.46
4.46
4.47
4.48
4.51
4.54
4.57
4.59
4.66
4.7
4.75
4.79
4.8
4.84
4.88
4.92
4.96
4.98
5.04
5.07
5.14
5.15
5.17
5.2
5.26
5.27
5.31
5.35
5.36
5.36
5.43
5.45
5.47
5.52
5.56
5.59
5.61
5.67
5.71
5.74
5.77
5.8
5.83
5.9
5.95
5.98
6.02
6.07
6.13
6.15
6.19
6.21
6.26
6.31
6.34
6.37
6.39
6.46
6.48
6.54
6.58
6.6
6.64
6.65
6.69
6.72
6.76
6.82
6.9
6.97
6.99
7.03
7.08
7.16
7.18
7.22
7.25
7.27
7.31
7.38
7.43
7.48
7.5
7.56
7.59
7.66
7.74
7.85
7.86
7.91
7.98
8.01
8.05
8.09
8.15
8.22
8.3
8.35
8.4
8.43
8.5
8.56
8.58
8.61
8.67
8.77
8.83
8.9
8.94
9.03
9.08
9.16
9.22
9.29
9.34
9.38
9.45
9.54
9.59
9.64
9.7
9.79
9.85
9.93
10.06
10.12
10.17
10.24
10.25
10.38
10.46
10.51
10.56
10.67
10.76
10.86
10.94
11.01
11.11
11.2
11.26
11.36
11.5
11.59
11.72
11.83
11.98
12.11
12.2
12.27
12.42
12.55
12.68
12.76
12.93
13.12
13.25
13.39
13.53
13.72
13.88
14.12
14.36
14.59
14.79
15.03
15.33
15.64
15.91
16.24
16.61
17
17.46
17.96
18.71
19.55
20.36
21.38
22.93
27.11
32.56
