0.156494
0.156494
0.165148
0.165148
0.174298
0.174298
0.185298
0.185298
0.193934
0.193934
0.20337
0.20337
0.213921
0.214176
0.222615
0.223345
0.232905
0.233223
0.240294
0.241069
0.247826
0.248859
0.255264
0.256804
0.263656
0.265194
0.271548
0.272839
0.2775
0.278946
0.283411
0.284856
0.288109
0.290327
0.2928
0.294726
0.297322
0.299504
0.30173
0.304904
0.306795
0.309421
0.311096
0.314691
0.316036
0.318552
0.320013
0.322367
0.323917
0.32669
0.328627
0.331321
0.333378
0.335681
0.338075
0.339975
0.342159
0.344463
0.346172
0.348013
0.349995
0.352097
0.353594
0.355626
0.357367
0.359343
0.361436
0.363549
0.36483
0.366467
0.367991
0.369992
0.371436
0.373093
0.37528
0.377068
0.379338
0.380931
0.382793
0.38459
0.386686
0.388375
0.390078
0.391822
0.393867
0.395503
0.396593
0.398588
0.40054
0.402518
0.404375
0.406446
0.408123
0.41069
0.412197
0.414309
0.4158
0.41801
0.419809
0.422009
0.423719
0.426177
0.428035
0.429922
0.432196
0.43399
0.435861
0.437299
0.439033
0.441059
0.442754
0.444558
0.44713
0.448869
0.451058
0.452637
0.455039
0.457292
0.458875
0.461295
0.463216
0.465454
0.467472
0.469188
0.471732
0.47346
0.475705
0.477295
0.47936
0.481
0.483192
0.485342
0.487126
0.488919
0.491071
0.492846
0.494676
0.497232
0.499386
0.501928
0.504836
0.507321
0.509701
0.511765
0.514148
0.516001
0.51798
0.520431
0.522479
0.52436
0.52633
0.528746
0.530584
0.533217
0.535313
0.537512
0.540048
0.542447
0.545204
0.547217
0.549571
0.551818
0.55373
0.556417
0.559091
0.561894
0.56443
0.567667
0.570818
0.572821
0.57464
0.577035
0.579558
0.581958
0.58544
0.587904
0.591082
0.593792
0.596258
0.599191
0.601875
0.604953
0.607357
0.611082
0.614499
0.617141
0.620313
0.623461
0.626489
0.628718
0.631516
0.634783
0.637554
0.640395
0.643378
0.646771
0.649613
0.652661
0.655824
0.659575
0.663083
0.666427
0.670759
0.674456
0.677907
0.680646
0.683925
0.686329
0.689581
0.692702
0.696178
0.69907
0.70219
0.705674
0.708087
0.711136
0.71367
0.716555
0.719562
0.723349
0.727467
0.730641
0.733684
0.737691
0.741
0.744461
0.747812
0.752085
0.756238
0.760689
0.765811
0.770264
0.775359
0.779505
0.784262
0.788993
0.792969
0.797731
0.802276
0.806315
0.810706
0.814949
0.819517
0.825382
0.830465
0.834827
0.839371
0.844357
0.849901
0.856316
0.862099
0.868024
0.873888
0.878876
0.885181
0.891988
0.897312
0.903028
0.909642
0.916181
0.922671
0.929409
0.936804
0.942836
0.94871
0.957103
0.964399
0.972819
0.982241
0.99319
1.00305
1.01392
1.02205
1.03054
1.04015
1.04961
1.05932
1.0696
1.08163
1.09348
1.11082
1.12759
1.14289
1.15819
1.17475
1.19488
1.21222
1.22972
1.24989
1.27065
1.29889
1.32454
1.35181
1.39057
1.42324
1.46116
1.50258
1.55738
1.6479
2.43442
