0.150784
0.150784
0.152975
0.152975
0.154344
0.154344
0.155991
0.156002
0.157855
0.157885
0.160334
0.160419
0.163071
0.163317
0.16696
0.167231
0.170369
0.171066
0.174106
0.174582
0.177447
0.177919
0.18031
0.181153
0.184487
0.185409
0.188569
0.189535
0.191936
0.193084
0.195276
0.19682
0.199185
0.200549
0.202593
0.203912
0.206078
0.207784
0.209772
0.21129
0.213491
0.215084
0.217226
0.218654
0.220784
0.222125
0.225086
0.226644
0.228845
0.230344
0.233133
0.234822
0.236624
0.237795
0.240459
0.242057
0.244284
0.245804
0.247664
0.249134
0.251173
0.252455
0.254794
0.255973
0.258092
0.259647
0.261604
0.262966
0.264646
0.265997
0.268076
0.269395
0.270883
0.272496
0.274036
0.275761
0.276951
0.278792
0.28016
0.281518
0.282688
0.284296
0.285498
0.286818
0.287962
0.288987
0.289986
0.290985
0.292343
0.293814
0.295148
0.296602
0.298071
0.298826
0.30015
0.301315
0.302609
0.303778
0.305193
0.306451
0.307827
0.309241
0.31038
0.311936
0.312959
0.314205
0.315238
0.316583
0.317568
0.318876
0.320113
0.321287
0.322418
0.323632
0.324717
0.325814
0.327158
0.328641
0.329794
0.330892
0.332028
0.332965
0.334185
0.33537
0.336851
0.337832
0.338749
0.339671
0.340646
0.341636
0.342638
0.343706
0.344821
0.345992
0.346995
0.348021
0.349201
0.350198
0.351375
0.35253
0.353557
0.354868
0.356286
0.357061
0.358067
0.359126
0.360274
0.361345
0.362463
0.363564
0.364429
0.365707
0.366892
0.368033
0.369107
0.370386
0.37163
0.372842
0.373725
0.374836
0.376123
0.377537
0.378638
0.379782
0.3809
0.382411
0.383394
0.384591
0.385693
0.386894
0.388287
0.389527
0.39053
0.392012
0.392961
0.394011
0.395351
0.396225
0.397483
0.398715
0.399922
0.400998
0.40206
0.403103
0.404519
0.406062
0.407462
0.408658
0.410155
0.411707
0.412742
0.41407
0.415377
0.416573
0.417734
0.419102
0.420455
0.421721
0.422661
0.423896
0.425316
0.426294
0.427525
0.428596
0.429765
0.430798
0.432442
0.433521
0.434917
0.435977
0.437045
0.43826
0.439467
0.440475
0.441676
0.442724
0.444003
0.445209
0.446959
0.448076
0.449513
0.45083
0.452233
0.453353
0.454689
0.456092
0.457411
0.45866
0.460008
0.461214
0.462483
0.463692
0.465071
0.466119
0.467157
0.468538
0.46985
0.471051
0.472225
0.473316
0.474837
0.476103
0.477337
0.478613
0.480071
0.48118
0.482843
0.484265
0.485636
0.487067
0.488468
0.48984
0.491147
0.492581
0.493947
0.495715
0.496902
0.498066
0.499675
0.500855
0.502383
0.503497
0.504671
0.506206
0.50761
0.509098
0.510605
0.5119
0.513146
0.514141
0.515435
0.516697
0.51799
0.519746
0.52141
0.523009
0.524709
0.526172
0.528184
0.529365
0.530779
0.532507
0.534007
0.535892
0.53728
0.538369
0.540097
0.541352
0.542864
0.544484
0.545814
0.547399
0.548936
0.550958
0.55259
0.554861
0.55666
0.558581
0.560312
0.562225
0.563572
0.565791
0.56746
0.569095
0.571027
0.572871
0.574777
0.576359
0.578158
0.579993
0.581883
0.583904
0.585524
0.586788
0.588102
0.589585
0.591442
0.592934
0.595026
0.596953
0.598766
0.600988
0.602537
0.60425
0.606005
0.60802
0.609954
0.611999
0.613475
0.615818
0.617552
0.619823
0.622047
0.624397
0.626664
0.628549
0.630581
0.632758
0.634681
0.63712
0.639252
0.641268
0.643355
0.64582
0.647632
0.650226
0.652236
0.654214
0.656961
0.658837
0.661248
0.663722
0.665363
0.668063
0.670237
0.672458
0.675343
0.67805
0.680854
0.683855
0.686874
0.689312
0.692129
0.695135
0.697596
0.700824
0.703805
0.706388
0.709591
0.711904
0.715121
0.718264
0.720792
0.724165
0.727442
0.730299
0.732674
0.735249
0.738948
0.742251
0.745123
0.748122
0.751349
0.755625
0.759334
0.762052
0.765613
0.768628
0.77264
0.776197
0.780297
0.784339
0.788608
0.792647
0.796741
0.800354
0.804073
0.808987
0.813449
0.81741
0.822051
0.826968
0.830812
0.835174
0.841262
0.844774
0.849191
0.854115
0.858867
0.863132
0.866989
0.870205
0.874876
0.879397
0.884842
0.889548
0.895114
0.899339
0.905737
0.91116
0.916264
0.922192
0.92845
0.935594
0.942607
0.950696
0.959271
0.966594
0.976502
0.987775
0.999779
1.0096
1.0224
1.03351
1.04743
1.06278
1.07812
1.09166
1.10826
1.12288
1.14083
1.15702
1.17862
1.20276
1.23413
1.26288
1.32307
1.3903
1.49055
1.70052
