0.151213
0.151213
0.154407
0.154407
0.15756
0.15756
0.161332
0.161372
0.165926
0.166156
0.170228
0.170354
0.17407
0.174382
0.178456
0.178749
0.18225
0.182841
0.186815
0.187319
0.191493
0.192139
0.196165
0.196955
0.201537
0.202139
0.205994
0.206734
0.210441
0.21159
0.215181
0.216597
0.21984
0.220909
0.224032
0.225528
0.228545
0.229886
0.232887
0.234111
0.23661
0.23818
0.240605
0.242605
0.244521
0.246096
0.248155
0.249936
0.25203
0.253622
0.255518
0.256722
0.258697
0.260211
0.261821
0.263359
0.265191
0.26719
0.269446
0.271558
0.27317
0.274746
0.277067
0.278506
0.280531
0.281889
0.284043
0.285594
0.287721
0.289041
0.291352
0.293037
0.295486
0.297354
0.298788
0.301195
0.302726
0.304971
0.306283
0.308536
0.309491
0.31121
0.312386
0.314261
0.315749
0.316964
0.318114
0.3198
0.32113
0.32266
0.323749
0.324751
0.325924
0.327583
0.328881
0.330136
0.331465
0.332782
0.334221
0.335684
0.336651
0.337674
0.338711
0.340055
0.341247
0.342983
0.344312
0.345633
0.346914
0.347922
0.349417
0.350578
0.351625
0.352773
0.353953
0.35543
0.356784
0.357883
0.359153
0.360537
0.361701
0.363035
0.364194
0.365191
0.366447
0.367794
0.368766
0.370173
0.371483
0.37277
0.37389
0.374906
0.376323
0.377037
0.378308
0.37939
0.380776
0.381842
0.383464
0.384677
0.385849
0.386775
0.388422
0.389797
0.390897
0.391872
0.393529
0.394683
0.396218
0.397305
0.398801
0.399968
0.401286
0.40287
0.40406
0.405581
0.406949
0.408307
0.40949
0.410788
0.412406
0.413414
0.415209
0.416684
0.418232
0.419547
0.420773
0.421784
0.423084
0.424778
0.426086
0.427531
0.428458
0.430155
0.431126
0.432655
0.4337
0.43504
0.436147
0.437543
0.438677
0.44013
0.441595
0.44289
0.44453
0.445564
0.446841
0.448262
0.449307
0.451462
0.452725
0.454186
0.455684
0.457635
0.458994
0.460397
0.461697
0.463654
0.464816
0.466226
0.467906
0.469125
0.470254
0.471701
0.473166
0.474616
0.476162
0.477695
0.478969
0.480438
0.482315
0.483799
0.485328
0.487113
0.48879
0.49033
0.491367
0.49295
0.494308
0.495972
0.497355
0.498965
0.500609
0.501896
0.503728
0.505255
0.50655
0.508053
0.50948
0.511286
0.512437
0.514028
0.51534
0.517347
0.519159
0.52074
0.522526
0.524236
0.526189
0.527551
0.529335
0.530791
0.53238
0.534165
0.535657
0.536987
0.538859
0.54048
0.542106
0.54328
0.544935
0.546578
0.54792
0.549639
0.551587
0.553521
0.554907
0.556693
0.558058
0.559746
0.561425
0.563069
0.564429
0.566019
0.567965
0.569614
0.571339
0.57321
0.57514
0.577058
0.579651
0.581815
0.584077
0.586593
0.588312
0.590541
0.592647
0.594584
0.596436
0.598549
0.600243
0.6022
0.604433
0.606831
0.609168
0.611554
0.613732
0.615898
0.617552
0.619785
0.62197
0.623957
0.626477
0.628238
0.630412
0.633102
0.635232
0.637214
0.639841
0.642402
0.64455
0.646921
0.649396
0.652198
0.655131
0.658961
0.661965
0.664885
0.667643
0.670727
0.672814
0.675062
0.678092
0.680689
0.683043
0.685966
0.688902
0.691875
0.6943
0.696642
0.699798
0.702607
0.705341
0.708694
0.711388
0.714813
0.717859
0.721315
0.724124
0.727413
0.730219
0.733361
0.735888
0.739515
0.742989
0.745919
0.749244
0.753404
0.757257
0.761043
0.765199
0.769049
0.77315
0.777465
0.781792
0.787584
0.793738
0.798079
0.802105
0.807017
0.810453
0.814786
0.818572
0.82292
0.826533
0.831579
0.836168
0.840783
0.845429
0.850173
0.854863
0.85974
0.86465
0.87025
0.876382
0.881258
0.886832
0.892479
0.89845
0.904704
0.912765
0.919464
0.926071
0.935487
0.946474
0.955195
0.963993
0.972533
0.979315
0.988198
0.997425
1.00492
1.01689
1.02803
1.03891
1.04896
1.06292
1.07881
1.09616
1.11798
1.14852
1.16813
1.20832
1.26737
1.33088
1.38237
1.43745
1.47499
1.52134
1.64654
