0.05
0.12
0.24
0.34
0.44
0.53
0.57
0.62
0.66
0.72
0.78
0.81
0.86
0.93
0.96
0.98
0.98
0.98
0.98
0.98
0.98
0.98
0.98
0.98
0.98
0.99
1
1
1.03
1.12
1.19
1.27
1.32
1.36
1.4
1.42
1.44
1.46
1.47
1.5
1.51
1.53
1.56
1.59
1.62
1.62
1.68
1.7
1.72
1.74
1.76
1.78
1.8
1.82
1.84
1.86
1.88
1.88
1.9
1.91
1.94
1.95
1.99
2.02
2.06
2.07
2.08
2.09
2.12
2.13
2.17
2.22
2.26
2.27
2.31
2.34
2.35
2.37
2.38
2.39
2.39
2.41
2.41
2.43
2.45
2.45
2.47
2.47
2.47
2.47
2.48
2.48
2.5
2.5
2.51
2.52
2.54
2.56
2.61
2.68
2.72
2.79
2.83
2.86
2.9
2.93
2.96
2.99
3.04
3.07
3.11
3.17
3.18
3.22
3.24
3.25
3.29
3.31
3.33
3.33
3.33
3.33
3.33
3.34
3.36
3.37
3.37
3.4
3.4
3.42
3.45
3.48
3.51
3.52
3.55
3.57
3.58
3.6
3.62
3.65
3.69
3.74
3.77
3.79
3.81
3.84
3.89
3.9
3.92
3.95
3.96
3.96
4.02
4.03
4.07
4.1
4.11
4.12
4.13
4.13
4.15
4.17
4.19
4.21
4.24
4.27
4.3
4.35
4.39
4.44
4.47
4.5
4.5
4.53
4.54
4.6
4.64
4.66
4.68
4.7
4.72
4.73
4.73
4.75
4.77
4.79
4.8
4.8
4.84
4.89
4.89
4.9
4.92
4.99
5.01
5.04
5.05
5.07
5.11
5.13
5.15
5.17
5.2
5.22
5.25
5.32
5.34
5.36
5.41
5.43
5.44
5.45
5.5
5.54
5.59
5.6
5.61
5.62
5.63
5.65
5.68
5.69
5.71
5.72
5.73
5.73
5.74
5.76
5.78
5.8
5.85
5.91
5.95
6
6.05
6.07
6.11
6.14
6.16
6.22
6.28
6.3
6.35
6.38
6.43
6.46
6.47
6.47
6.49
6.53
6.55
6.57
6.59
6.63
6.65
6.68
6.7
6.74
6.81
6.86
6.92
6.97
7
7.03
7.06
7.08
7.12
7.18
7.18
7.19
7.24
7.27
7.3
7.32
7.33
7.36
7.39
7.43
7.48
7.55
7.6
7.63
7.7
7.7
7.78
7.82
7.84
7.86
7.88
7.9
7.93
7.98
8
8.04
8.06
8.1
8.16
8.18
8.24
8.26
8.36
8.39
8.43
8.47
8.52
8.54
8.59
8.62
8.65
8.71
8.72
8.74
8.78
8.81
8.85
8.94
8.99
9.06
9.08
9.13
9.18
9.21
9.27
9.29
9.38
9.4
9.43
9.46
9.49
9.52
9.55
9.6
9.69
9.76
9.8
9.85
9.88
9.93
9.97
10.02
10.05
10.1
10.13
10.2
10.22
10.26
10.31
10.37
10.46
10.5
10.53
10.57
10.65
10.7
10.76
10.8
10.84
10.86
10.92
11
11.07
11.14
11.2
11.21
11.26
11.31
11.35
11.41
11.5
11.53
11.6
11.65
11.67
11.7
11.77
11.88
11.94
12.02
12.08
12.14
12.19
12.25
12.32
12.35
12.4
12.49
12.57
12.6
12.65
12.71
12.75
12.78
12.86
12.93
13.01
13.05
13.15
13.2
13.25
13.3
13.37
13.43
13.51
13.56
13.63
13.67
13.75
13.79
13.91
13.95
14.05
14.08
14.16
14.22
14.28
14.31
14.39
14.48
14.54
14.61
14.66
14.71
14.75
14.87
14.95
15.05
15.12
15.18
15.27
15.37
15.44
15.49
15.57
15.63
15.73
15.81
15.9
15.96
16.02
16.1
16.23
16.29
16.37
16.4
16.54
16.64
16.7
16.82
16.88
16.97
17.01
17.12
17.23
17.34
17.44
17.5
17.59
17.69
17.82
17.93
18.03
18.13
18.21
18.28
18.35
18.46
18.62
18.76
18.9
19
19.16
19.31
19.48
19.57
19.77
19.9
20.02
20.23
20.45
20.61
20.81
21.02
21.2
21.47
21.75
22.06
22.31
22.59
22.92
23.22
23.61
24.09
24.47
25.14
25.84
26.71
27.88
28.93
31.24
34.65
