0.328
0.328
0.328
0.328
0.328
0.328
0.328
0.328
0.328
0.329
0.33
0.33
0.331
0.332
0.332
0.332
0.332
0.332
0.334
0.334
0.334
0.335
0.335
0.335
0.336
0.337
0.338
0.338
0.339
0.339
0.339
0.339
0.34
0.341
0.342
0.342
0.343
0.343
0.344
0.345
0.345
0.345
0.346
0.348
0.35
0.352
0.352
0.353
0.353
0.353
0.354
0.354
0.354
0.354
0.355
0.359
0.362
0.368
0.37
0.374
0.376
0.382
0.389
0.392
0.398
0.401
0.404
0.408
0.413
0.415
0.425
0.428
0.433
0.437
0.438
0.443
0.444
0.447
0.447
0.448
0.451
0.451
0.456
0.458
0.459
0.46
0.46
0.46
0.462
0.464
0.464
0.465
0.466
0.466
0.468
0.472
0.474
0.477
0.478
0.483
0.486
0.489
0.494
0.499
0.503
0.51
0.512
0.515
0.52
0.528
0.533
0.535
0.537
0.541
0.542
0.545
0.548
0.55
0.555
0.556
0.559
0.562
0.564
0.565
0.568
0.569
0.573
0.574
0.577
0.581
0.581
0.583
0.586
0.594
0.597
0.597
0.607
0.614
0.617
0.621
0.625
0.625
0.631
0.635
0.639
0.641
0.645
0.647
0.649
0.65
0.652
0.655
0.657
0.661
0.663
0.664
0.667
0.67
0.676
0.682
0.687
0.69
0.694
0.698
0.707
0.713
0.716
0.719
0.722
0.727
0.729
0.73
0.733
0.733
0.735
0.738
0.739
0.743
0.745
0.749
0.752
0.756
0.762
0.771
0.776
0.783
0.788
0.791
0.795
0.802
0.805
0.811
0.816
0.819
0.82
0.822
0.823
0.826
0.827
0.829
0.831
0.833
0.836
0.84
0.846
0.85
0.855
0.859
0.862
0.869
0.873
0.876
0.88
0.887
0.895
0.897
0.902
0.906
0.908
0.913
0.914
0.916
0.919
0.924
0.929
0.933
0.943
0.945
0.949
0.953
0.96
0.962
0.962
0.964
0.97
0.973
0.977
0.978
0.981
0.985
0.99
0.992
0.993
1.005
1.009
1.011
1.015
1.02
1.027
1.036
1.041
1.046
1.049
1.054
1.057
1.058
1.064
1.066
1.068
1.074
1.074
1.078
1.084
1.089
1.092
1.102
1.107
1.11
1.117
1.123
1.133
1.139
1.143
1.147
1.15
1.155
1.159
1.163
1.165
1.168
1.173
1.181
1.183
1.185
1.189
1.19
1.196
1.204
1.209
1.212
1.219
1.222
1.226
1.23
1.233
1.237
1.24
1.242
1.247
1.249
1.256
1.258
1.265
1.271
1.273
1.276
1.282
1.285
1.289
1.295
1.298
1.301
1.304
1.311
1.316
1.321
1.325
1.327
1.329
1.333
1.339
1.343
1.348
1.357
1.362
1.367
1.373
1.375
1.38
1.383
1.387
1.391
1.395
1.398
1.402
1.409
1.412
1.417
1.42
1.428
1.432
1.439
1.442
1.447
1.452
1.458
1.461
1.465
1.469
1.471
1.477
1.48
1.486
1.487
1.492
1.498
1.503
1.504
1.511
1.519
1.527
1.537
1.545
1.549
1.552
1.554
1.558
1.562
1.564
1.567
1.573
1.577
1.583
1.59
1.595
1.606
1.614
1.62
1.626
1.63
1.635
1.643
1.646
1.652
1.658
1.662
1.666
1.67
1.677
1.682
1.689
1.698
1.706
1.71
1.719
1.724
1.735
1.739
1.742
1.748
1.753
1.758
1.766
1.773
1.778
1.784
1.794
1.8
1.806
1.811
1.818
1.826
1.83
1.837
1.845
1.85
1.857
1.862
1.868
1.872
1.877
1.889
1.895
1.9
1.909
1.918
1.926
1.931
1.936
1.938
1.95
1.958
1.965
1.977
1.989
1.99
1.998
2.009
2.017
2.027
2.031
2.034
2.043
2.057
2.064
2.075
2.082
2.094
2.104
2.11
2.12
2.132
2.142
2.152
2.155
2.165
2.171
2.183
2.197
2.207
2.216
2.224
2.235
2.251
2.266
2.274
2.284
2.297
2.306
2.319
2.334
2.35
2.365
2.382
2.395
2.405
2.424
2.438
2.45
2.467
2.483
2.502
2.523
2.548
2.573
2.597
2.622
2.654
2.683
2.721
2.775
2.827
2.873
2.941
3.003
3.063
3.178
3.501
3.751
4.061
