0.328
0.328
0.328
0.328
0.329
0.33
0.331
0.331
0.331
0.332
0.332
0.334
0.334
0.334
0.335
0.335
0.335
0.335
0.337
0.339
0.339
0.339
0.34
0.34
0.34
0.342
0.343
0.344
0.344
0.344
0.345
0.346
0.348
0.349
0.351
0.351
0.352
0.354
0.358
0.361
0.366
0.37
0.372
0.375
0.377
0.378
0.38
0.388
0.392
0.397
0.399
0.403
0.408
0.41
0.415
0.422
0.43
0.432
0.434
0.437
0.44
0.441
0.442
0.447
0.45
0.452
0.454
0.455
0.457
0.458
0.46
0.462
0.462
0.462
0.464
0.466
0.469
0.473
0.476
0.481
0.484
0.486
0.491
0.495
0.499
0.505
0.508
0.512
0.518
0.522
0.528
0.532
0.534
0.536
0.539
0.54
0.543
0.546
0.547
0.548
0.551
0.551
0.553
0.555
0.557
0.558
0.561
0.568
0.572
0.576
0.579
0.582
0.588
0.59
0.592
0.599
0.601
0.604
0.604
0.61
0.614
0.616
0.619
0.62
0.623
0.627
0.628
0.633
0.638
0.638
0.639
0.642
0.646
0.65
0.656
0.659
0.662
0.664
0.667
0.673
0.683
0.686
0.687
0.695
0.701
0.703
0.705
0.706
0.707
0.708
0.711
0.715
0.716
0.72
0.723
0.728
0.729
0.732
0.733
0.736
0.74
0.74
0.742
0.747
0.751
0.76
0.766
0.772
0.774
0.777
0.78
0.781
0.784
0.788
0.79
0.791
0.795
0.796
0.798
0.799
0.804
0.807
0.81
0.812
0.816
0.816
0.817
0.817
0.82
0.826
0.83
0.838
0.842
0.845
0.848
0.852
0.855
0.86
0.867
0.869
0.872
0.875
0.876
0.88
0.881
0.881
0.882
0.882
0.882
0.883
0.884
0.884
0.886
0.89
0.894
0.896
0.9
0.907
0.908
0.912
0.918
0.927
0.933
0.937
0.941
0.947
0.948
0.952
0.954
0.957
0.961
0.964
0.968
0.969
0.969
0.973
0.976
0.979
0.985
0.987
0.989
0.991
0.991
0.993
0.995
1.0
1.003
1.004
1.007
1.013
1.019
1.023
1.024
1.026
1.028
1.03
1.034
1.037
1.037
1.042
1.045
1.048
1.054
1.056
1.062
1.066
1.068
1.072
1.073
1.076
1.076
1.078
1.08
1.084
1.087
1.09
1.093
1.097
1.1
1.103
1.109
1.115
1.117
1.122
1.124
1.126
1.127
1.131
1.132
1.135
1.138
1.141
1.143
1.145
1.147
1.149
1.153
1.157
1.158
1.16
1.162
1.163
1.167
1.174
1.179
1.186
1.191
1.196
1.2
1.203
1.205
1.212
1.213
1.216
1.218
1.22
1.222
1.223
1.223
1.223
1.223
1.225
1.226
1.227
1.227
1.231
1.232
1.236
1.239
1.244
1.245
1.249
1.254
1.26
1.266
1.269
1.276
1.277
1.28
1.285
1.288
1.294
1.296
1.296
1.298
1.3
1.3
1.301
1.302
1.305
1.307
1.308
1.312
1.313
1.314
1.316
1.32
1.325
1.331
1.333
1.335
1.337
1.34
1.345
1.35
1.355
1.359
1.361
1.365
1.367
1.37
1.371
1.374
1.376
1.378
1.381
1.386
1.386
1.387
1.387
1.389
1.389
1.393
1.397
1.399
1.402
1.403
1.406
1.41
1.417
1.421
1.423
1.426
1.429
1.433
1.436
1.437
1.441
1.442
1.444
1.451
1.451
1.453
1.455
1.456
1.457
1.461
1.462
1.464
1.471
1.474
1.48
1.487
1.488
1.494
1.494
1.494
1.497
1.501
1.503
1.504
1.506
1.508
1.51
1.514
1.518
1.52
1.525
1.528
1.529
1.533
1.537
1.539
1.54
1.543
1.547
1.554
1.556
1.557
1.559
1.56
1.562
1.567
1.569
1.571
1.573
1.576
1.577
1.581
1.585
1.591
1.591
1.598
1.601
1.607
1.609
1.609
1.613
1.616
1.618
1.621
1.624
1.626
1.629
1.63
1.633
1.633
1.637
1.638
1.641
1.644
1.65
1.654
1.657
1.661
1.665
1.67
1.675
1.68
1.686
1.687
1.689
1.693
1.693
1.693
1.696
1.697
1.699
1.7
1.704
1.706
1.709
1.712
1.716
1.719
1.724
1.727
1.732
1.735
1.739
1.743
1.747
1.752
1.757
1.762
1.763
1.764
1.764
1.765
1.766
1.767
1.774
1.776
1.782
1.788
1.791
1.796
1.799
1.803
1.811
1.813
1.815
1.817
1.819
1.822
1.825
1.829
1.831
1.835
1.838
1.84
1.844
1.847
1.849
1.854
1.856
1.858
1.862
1.868
1.871
1.873
1.874
1.876
1.881
1.884
1.886
1.889
1.894
1.901
1.907
1.91
1.912
1.917
1.918
1.922
1.923
1.927
1.932
1.936
1.94
1.94
1.941
1.942
1.945
1.95
1.95
1.959
1.96
1.965
1.967
1.969
1.977
1.98
1.985
1.988
1.992
1.996
1.999
2.002
2.004
2.009
2.012
2.018
2.025
2.027
2.031
2.033
2.036
2.038
2.042
2.045
2.046
2.051
2.054
2.062
2.067
2.075
2.079
2.085
2.089
2.094
2.099
2.102
2.104
2.107
2.109
2.114
2.117
2.117
2.119
2.121
2.122
2.129
2.136
2.144
2.149
2.153
2.159
2.161
2.167
2.169
2.173
2.177
2.179
2.185
2.191
2.195
2.2
2.205
2.211
2.215
2.219
2.227
2.228
2.234
2.238
2.243
2.246
2.248
2.254
2.257
2.26
2.268
2.275
2.277
2.282
2.284
2.287
2.291
2.295
2.297
2.301
2.309
2.313
2.32
2.328
2.328
2.331
2.337
2.343
2.348
2.349
2.353
2.362
2.369
2.373
2.377
2.38
2.383
2.391
2.394
2.405
2.408
2.415
2.42
2.424
2.429
2.436
2.439
2.446
2.451
2.462
2.467
2.476
2.48
2.482
2.487
2.502
2.51
2.516
2.522
2.53
2.537
2.542
2.55
2.559
2.568
2.577
2.582
2.588
2.6
2.604
2.606
2.616
2.623
2.632
2.642
2.653
2.656
2.669
2.683
2.693
2.703
2.715
2.725
2.734
2.749
2.76
2.77
2.785
2.801
2.809
2.819
2.833
2.85
2.858
2.872
2.884
2.907
2.924
2.934
2.948
2.962
2.984
3.007
3.023
3.05
3.067
3.088
3.121
3.144
3.176
3.224
3.271
3.32
3.365
3.416
3.465
3.559
3.676
