0.162946
0.162946
0.177316
0.177686
0.193168
0.194238
0.213801
0.216894
0.241392
0.254433
0.263973
0.275141
0.283768
0.29317
0.302734
0.312674
0.320118
0.328737
0.336205
0.342966
0.353793
0.364323
0.372419
0.380098
0.387012
0.397933
0.40755
0.420123
0.429511
0.438313
0.446738
0.45476
0.472024
0.482781
0.494126
0.501809
0.511757
0.519265
0.527397
0.536463
0.543319
0.550438
0.561867
0.574015
0.585715
0.594441
0.605023
0.612471
0.62099
0.629069
0.638947
0.647719
0.659086
0.671534
0.684417
0.693311
0.702416
0.713281
0.723372
0.731022
0.738496
0.74844
0.759681
0.767089
0.774736
0.781738
0.790756
0.798667
0.806318
0.813828
0.819282
0.825751
0.833313
0.839743
0.847263
0.853481
0.861281
0.86604
0.872721
0.878783
0.886957
0.892272
0.89938
0.906139
0.911564
0.919855
0.928057
0.934882
0.941395
0.947905
0.953268
0.960195
0.966369
0.972646
0.97981
0.987506
0.994234
1.00189
1.00936
1.0168
1.02629
1.03612
1.04448
1.05195
1.05985
1.0665
1.07373
1.07879
1.08643
1.09412
1.10274
1.10952
1.11764
1.12518
1.13269
1.14067
1.14842
1.15826
1.16539
1.17418
1.18168
1.19006
1.19994
1.20692
1.21688
1.22929
1.23911
1.2486
1.26072
1.27256
1.28544
1.3029
1.31654
1.3262
1.34106
1.35669
1.38624
1.41065
1.43879
1.46958
1.50768
1.53947
1.56393
1.59839
1.6229
1.68596
1.73866
1.8007
2.29258
2.56278
