0.13
0.36
0.59
0.71
0.83
0.95
1.04
1.12
1.18
1.24
1.26
1.29
1.31
1.42
1.47
1.53
1.61
1.68
1.75
1.83
1.88
1.93
1.98
2.04
2.08
2.11
2.15
2.2
2.24
2.27
2.33
2.37
2.42
2.5
2.59
2.65
2.71
2.73
2.77
2.81
2.88
2.94
2.95
3.01
3.03
3.12
3.15
3.23
3.26
3.3
3.39
3.44
3.51
3.54
3.57
3.62
3.66
3.67
3.7
3.73
3.76
3.85
3.9
3.93
3.99
4.01
4.06
4.1
4.14
4.18
4.22
4.28
4.29
4.31
4.32
4.36
4.42
4.47
4.55
4.62
4.67
4.69
4.71
4.74
4.77
4.79
4.85
4.88
4.9
4.93
4.96
4.98
4.99
5
5.06
5.09
5.14
5.17
5.23
5.24
5.35
5.4
5.49
5.53
5.55
5.57
5.62
5.64
5.64
5.66
5.69
5.76
5.8
5.82
5.86
5.88
5.89
5.91
5.95
5.97
6.02
6.08
6.17
6.23
6.3
6.33
6.41
6.44
6.51
6.55
6.57
6.59
6.61
6.62
6.64
6.69
6.72
6.73
6.74
6.76
6.79
6.85
6.9
6.96
7.02
7.07
7.12
7.13
7.21
7.25
7.28
7.32
7.34
7.35
7.37
7.41
7.44
7.49
7.55
7.61
7.66
7.73
7.79
7.8
7.83
7.86
7.89
7.9
7.92
7.97
7.99
8.02
8.11
8.14
8.16
8.18
8.21
8.25
8.29
8.34
8.4
8.49
8.5
8.51
8.53
8.55
8.59
8.66
8.71
8.77
8.77
8.79
8.82
8.83
8.86
8.94
8.97
9.01
9.06
9.13
9.18
9.2
9.21
9.24
9.3
9.31
9.34
9.38
9.39
9.44
9.48
9.48
9.49
9.52
9.54
9.56
9.6
9.65
9.67
9.73
9.78
9.83
9.87
9.96
9.97
9.98
10
10.03
10.06
10.09
10.09
10.11
10.15
10.17
10.2
10.23
10.28
10.29
10.33
10.37
10.41
10.46
10.5
10.54
10.59
10.65
10.67
10.71
10.75
10.78
10.79
10.81
10.83
10.87
10.89
10.91
10.94
10.96
11.03
11.06
11.08
11.09
11.15
11.16
11.19
11.2
11.23
11.28
11.33
11.35
11.37
11.42
11.47
11.5
11.54
11.56
11.6
11.62
11.64
11.67
11.68
11.72
11.74
11.76
11.78
11.8
11.81
11.85
11.88
11.89
11.92
12
12.01
12.02
12.05
12.07
12.11
12.15
12.18
12.23
12.26
12.28
12.3
12.33
12.39
12.45
12.46
12.49
12.52
12.53
12.54
12.56
12.58
12.59
12.61
12.64
12.66
12.7
12.73
12.73
12.79
12.86
12.87
12.9
12.93
12.97
12.99
13.02
13.05
13.08
13.1
13.12
13.14
13.15
13.15
13.17
13.21
13.23
13.28
13.32
13.36
13.38
13.39
13.42
13.42
13.46
13.48
13.49
13.5
13.56
13.61
13.63
13.66
13.69
13.71
13.74
13.76
13.78
13.8
13.81
13.85
13.87
13.89
13.91
13.91
13.93
13.94
13.94
14
14.02
14.04
14.07
14.1
14.16
14.18
14.21
14.21
14.24
14.32
14.33
14.34
14.36
14.4
14.41
14.43
14.45
14.46
14.47
14.5
14.52
14.54
14.57
14.58
14.61
14.64
14.66
14.67
14.7
14.71
14.74
14.75
14.75
14.78
14.79
14.84
14.88
14.94
14.95
14.96
14.97
14.97
14.98
15.01
15.03
15.09
15.11
15.13
15.16
15.19
15.23
15.28
15.31
15.33
15.37
15.37
15.4
15.4
15.42
15.45
15.47
15.47
15.5
15.55
15.56
15.61
15.62
15.62
15.62
15.63
15.65
15.68
15.7
15.72
15.74
15.76
15.78
15.79
15.81
15.82
15.84
15.84
15.89
15.96
16
16.04
16.08
16.09
16.15
16.18
16.18
16.23
16.25
16.27
16.27
16.28
16.31
16.32
16.33
16.37
16.38
16.39
16.4
16.4
16.41
16.41
16.42
16.48
16.5
16.52
16.54
16.56
16.56
16.59
16.61
16.63
16.66
16.69
16.75
16.77
16.79
16.81
16.82
16.84
16.87
16.89
16.91
16.97
17
17.01
17.05
17.08
17.11
17.14
17.15
17.16
17.18
17.19
17.19
17.2
17.22
17.24
17.26
17.3
17.32
17.34
17.36
17.38
17.39
17.41
17.41
17.41
17.44
17.45
17.47
17.49
17.52
17.54
17.59
17.61
17.63
17.65
17.67
17.67
17.73
17.75
17.81
17.85
17.87
17.9
17.93
17.96
17.99
18
18.01
18.03
18.08
18.1
18.13
18.13
18.14
18.14
18.17
18.19
18.2
18.23
18.24
18.26
18.27
18.28
18.28
18.3
18.31
18.33
18.38
18.38
18.4
18.41
18.47
18.48
18.49
18.53
18.55
18.59
18.61
18.63
18.65
18.67
18.67
18.71
18.77
18.83
18.86
18.88
18.89
18.91
18.92
18.95
18.98
18.98
19.02
19.03
19.05
19.05
19.08
19.09
19.09
19.1
19.13
19.14
19.17
19.19
19.19
19.2
19.21
19.25
19.29
19.3
19.31
19.32
19.34
19.37
19.41
19.47
19.48
19.51
19.52
19.54
19.56
19.59
19.65
19.66
19.68
19.72
19.75
19.76
19.77
19.78
19.8
19.82
19.83
19.87
19.88
19.91
19.91
19.91
19.93
19.96
19.97
19.98
20.01
20.02
20.04
20.06
20.07
20.08
20.11
20.13
20.18
20.23
20.26
20.32
20.34
20.35
20.38
20.44
20.45
20.48
20.52
20.57
20.59
20.61
20.61
20.62
20.65
20.66
20.68
20.69
20.7
20.71
20.75
20.76
20.78
20.78
20.78
20.83
20.84
20.86
20.87
20.87
20.87
20.87
20.88
20.96
21.01
21.02
21.03
21.08
21.14
21.16
21.19
21.23
21.26
21.31
21.33
21.35
21.4
21.42
21.48
21.51
21.54
21.55
21.55
21.56
21.58
21.58
21.6
21.6
21.62
21.63
21.65
21.67
21.68
21.7
21.72
21.73
21.76
21.79
21.83
21.89
21.91
21.92
21.94
21.96
21.98
22.01
22.03
22.05
22.08
22.13
22.17
22.19
22.2
22.21
22.24
22.26
22.28
22.33
22.37
22.39
22.44
22.45
22.46
22.48
22.51
22.53
22.57
22.57
22.59
22.61
22.65
22.66
22.7
22.75
22.77
22.81
22.84
22.85
22.87
22.9
22.92
22.97
22.99
23.02
23.03
23.07
23.13
23.16
23.17
23.18
23.2
23.24
23.27
23.32
23.32
23.33
23.35
23.38
23.43
23.45
23.49
23.54
23.54
23.56
23.58
23.61
23.65
23.68
23.71
23.77
23.8
23.82
23.83
23.87
23.88
23.9
23.93
23.96
23.99
24.03
24.05
24.07
24.13
24.15
24.15
24.18
24.2
24.23
24.26
24.31
24.39
24.42
24.45
24.48
24.53
24.57
24.6
24.65
24.65
24.67
24.73
24.74
24.76
24.78
24.81
24.82
24.85
24.87
24.91
24.97
24.98
25.02
25.05
25.09
25.17
25.23
25.27
25.3
25.33
25.35
25.37
25.39
25.43
25.46
25.5
25.51
25.53
25.57
25.64
25.68
25.7
25.72
25.78
25.81
25.83
25.87
25.95
25.99
26.01
26.04
26.08
26.13
26.16
26.23
26.31
26.36
26.37
26.42
26.47
26.5
26.52
26.57
26.59
26.62
26.66
26.68
26.69
26.78
26.81
26.85
26.92
26.99
27.02
27.07
27.09
27.15
27.2
27.24
27.28
27.32
27.34
27.42
27.45
27.51
27.61
27.65
27.67
27.74
27.79
27.85
27.9
27.99
28.03
28.07
28.13
28.19
28.23
28.26
28.29
28.36
28.44
28.48
28.54
28.58
28.61
28.66
28.69
28.77
28.83
28.86
28.94
29.02
29.03
29.14
29.21
29.26
29.31
29.36
29.45
29.52
29.63
29.73
29.82
29.86
29.92
30
30.04
30.05
30.13
30.23
30.32
30.38
30.47
30.52
30.56
30.63
30.72
30.84
30.89
30.97
31.06
31.17
31.2
31.35
31.46
31.57
31.65
31.71
31.8
31.86
31.91
31.96
32.06
32.23
32.31
32.44
32.58
32.67
32.74
32.82
32.95
33.06
33.18
33.28
33.39
33.51
33.66
33.88
34.09
34.27
34.43
34.58
34.86
35.01
35.2
35.44
35.72
35.93
36.17
36.48
36.89
37.26
37.73
38.12
38.73
39.3
39.87
40.56
41.38
42.75
45.26
