0.328
0.328
0.328
0.328
0.328
0.329
0.329
0.329
0.331
0.332
0.333
0.333
0.336
0.338
0.34
0.341
0.342
0.346
0.348
0.351
0.359
0.366
0.374
0.377
0.386
0.394
0.4
0.406
0.411
0.414
0.419
0.424
0.431
0.44
0.45
0.472
0.477
0.485
0.493
0.5
0.51
0.516
0.522
0.53
0.537
0.543
0.55
0.564
0.572
0.586
0.595
0.606
0.614
0.621
0.634
0.638
0.651
0.662
0.674
0.688
0.696
0.71
0.724
0.737
0.749
0.761
0.774
0.782
0.796
0.804
0.816
0.829
0.85
0.863
0.88
0.891
0.914
0.93
0.943
0.955
0.971
0.984
1.004
1.017
1.041
1.058
1.077
1.095
1.111
1.132
1.148
1.176
1.199
1.214
1.231
1.254
1.266
1.291
1.314
1.339
1.362
1.39
1.41
1.426
1.453
1.48
1.499
1.518
1.551
1.576
1.613
1.636
1.658
1.69
1.712
1.736
1.769
1.794
1.818
1.854
1.89
1.926
1.962
1.994
2.037
2.087
2.141
2.197
2.249
2.326
2.391
2.496
2.564
2.693
2.804
2.897
3.005
3.086
3.161
3.241
3.378
3.551
3.894
4.123
4.231
4.388
4.632
4.827
5.111
5.24
