0.29
0.47
0.51
0.56
0.58
0.62
0.69
0.73
0.78
0.8
0.85
0.96
1.07
1.11
1.16
1.18
1.21
1.26
1.29
1.29
1.29
1.31
1.36
1.4
1.45
1.48
1.51
1.51
1.51
1.52
1.53
1.55
1.59
1.62
1.63
1.66
1.71
1.74
1.78
1.84
1.88
1.9
1.96
1.99
2.02
2.03
2.05
2.07
2.1
2.11
2.14
2.19
2.19
2.2
2.21
2.21
2.21
2.22
2.24
2.26
2.29
2.31
2.34
2.38
2.44
2.56
2.61
2.65
2.66
2.7
2.75
2.77
2.78
2.82
2.85
2.87
2.9
2.94
2.96
2.97
2.99
3.04
3.11
3.14
3.19
3.23
3.3
3.37
3.39
3.4
3.44
3.47
3.48
3.51
3.56
3.57
3.6
3.64
3.68
3.69
3.71
3.76
3.83
3.88
3.9
3.92
3.94
3.99
4.03
4.13
4.15
4.19
4.21
4.24
4.27
4.35
4.4
4.47
4.53
4.6
4.66
4.7
4.72
4.79
4.81
4.9
4.98
5.01
5.05
5.11
5.21
5.23
5.25
5.28
5.31
5.38
5.45
5.51
5.61
5.65
5.68
5.79
5.85
5.91
5.97
6
6.1
6.16
6.23
6.31
6.36
6.37
6.46
6.57
6.7
6.86
6.91
7.02
7.12
7.22
7.27
7.32
7.38
7.47
7.62
7.77
7.88
8.01
8.11
8.31
8.38
8.52
8.65
8.78
8.99
9.15
9.29
9.49
9.69
9.9
10.05
10.35
10.69
10.91
11.1
11.29
11.56
11.87
12.29
12.69
13.29
14.01
14.86
15.62
16.44
17.65
19.27
20.37
22.14
28.78
