0.07
0.22
0.28
0.33
0.42
0.49
0.52
0.61
0.69
0.72
0.74
0.77
0.78
0.8
0.82
0.85
0.86
0.88
0.92
0.97
0.99
1.01
1.02
1.06
1.08
1.09
1.12
1.13
1.14
1.14
1.15
1.17
1.2
1.21
1.21
1.24
1.25
1.26
1.26
1.26
1.28
1.3
1.32
1.32
1.35
1.39
1.42
1.45
1.49
1.49
1.55
1.63
1.68
1.71
1.72
1.75
1.77
1.77
1.8
1.82
1.84
1.85
1.87
1.89
1.89
1.9
1.91
1.93
1.95
1.96
1.98
1.99
2.02
2.04
2.06
2.08
2.08
2.1
2.12
2.14
2.14
2.16
2.17
2.22
2.24
2.26
2.28
2.28
2.3
2.3
2.32
2.36
2.39
2.39
2.44
2.48
2.5
2.54
2.56
2.58
2.62
2.64
2.68
2.69
2.73
2.78
2.81
2.85
2.87
2.89
2.92
2.96
2.98
3.01
3.08
3.1
3.12
3.17
3.22
3.25
3.27
3.3
3.32
3.33
3.37
3.38
3.39
3.41
3.42
3.46
3.48
3.5
3.53
3.57
3.61
3.62
3.65
3.68
3.7
3.74
3.75
3.8
3.82
3.87
3.91
3.92
3.94
3.97
3.98
4.01
4.06
4.07
4.16
4.24
4.32
4.42
4.44
4.49
4.6
4.64
4.64
4.68
4.72
4.76
4.77
4.77
4.84
4.87
4.95
4.98
5.01
5.04
5.09
5.12
5.15
5.2
5.27
5.31
5.37
5.42
5.46
5.56
5.64
5.7
5.75
5.84
5.89
6.02
6.07
6.11
6.18
6.28
6.35
6.42
6.45
6.54
6.64
6.71
6.73
6.78
6.89
6.94
7.08
7.12
7.22
7.31
7.39
7.44
7.56
7.72
7.83
7.97
8.08
8.24
8.35
8.42
8.56
8.65
8.72
8.92
9
9.17
9.41
9.55
9.79
9.99
10.16
10.39
10.65
10.89
11.22
11.46
11.71
11.99
12.35
12.72
13.05
13.48
14.08
14.89
15.55
16.18
16.92
17.89
18.63
19.57
20.7
22.18
28.6
43.52
