0.328
0.328
0.328
0.328
0.328
0.328
0.328
0.328
0.328
0.329
0.33
0.331
0.332
0.332
0.332
0.332
0.333
0.333
0.335
0.335
0.336
0.336
0.337
0.338
0.34
0.343
0.344
0.344
0.345
0.347
0.348
0.348
0.35
0.354
0.356
0.358
0.358
0.36
0.362
0.363
0.364
0.365
0.368
0.37
0.372
0.374
0.381
0.383
0.389
0.389
0.392
0.392
0.394
0.395
0.401
0.405
0.407
0.41
0.418
0.424
0.431
0.434
0.439
0.443
0.444
0.451
0.46
0.461
0.464
0.473
0.477
0.485
0.49
0.493
0.498
0.504
0.505
0.511
0.513
0.516
0.52
0.523
0.524
0.528
0.534
0.541
0.543
0.549
0.555
0.558
0.562
0.57
0.577
0.582
0.588
0.591
0.596
0.6
0.605
0.615
0.625
0.632
0.64
0.643
0.65
0.655
0.661
0.669
0.674
0.681
0.686
0.692
0.695
0.699
0.705
0.71
0.72
0.729
0.739
0.748
0.752
0.758
0.762
0.773
0.781
0.793
0.805
0.808
0.814
0.818
0.825
0.831
0.838
0.851
0.856
0.864
0.872
0.886
0.894
0.902
0.91
0.918
0.924
0.934
0.94
0.945
0.957
0.968
0.975
0.982
0.99
1
1.009
1.019
1.032
1.038
1.053
1.061
1.067
1.075
1.087
1.097
1.105
1.113
1.123
1.138
1.148
1.158
1.17
1.175
1.184
1.192
1.202
1.213
1.226
1.236
1.247
1.255
1.263
1.277
1.291
1.303
1.316
1.321
1.327
1.34
1.351
1.364
1.37
1.38
1.393
1.404
1.416
1.422
1.437
1.45
1.462
1.474
1.489
1.506
1.52
1.536
1.544
1.555
1.57
1.583
1.603
1.619
1.633
1.649
1.678
1.703
1.726
1.745
1.772
1.799
1.824
1.852
1.877
1.905
1.93
1.96
1.979
2.008
2.04
2.06
2.096
2.131
2.159
2.195
2.231
2.277
2.338
2.402
2.455
2.528
2.646
2.716
2.787
2.877
2.981
3.088
3.255
3.529
4.31
4.448
4.744
4.888
5.082
5.378
