0.242658
0.242658
0.264901
0.264901
0.270194
0.270194
0.27391
0.27391
0.289448
0.289448
0.291505
0.291505
0.294508
0.294508
0.300026
0.300026
0.306857
0.306857
0.311672
0.311672
0.313094
0.313094
0.315211
0.316442
0.316442
0.317345
0.317345
0.319452
0.328789
0.338497
0.338497
0.342682
0.342682
0.343276
0.343276
0.348225
0.351755
0.351755
0.351899
0.351899
0.352263
0.352263
0.362594
0.362594
0.367118
0.367118
0.367261
0.367261
0.367341
0.367973
0.371131
0.387205
0.387205
0.397117
0.397117
0.405771
0.405771
0.417303
0.419815
0.438253
0.441555
0.455782
0.455782
0.461466
0.483645
0.483645
0.486432
0.486432
0.50666
0.509396
0.509396
0.531475
0.532429
0.533644
0.533644
0.539552
0.539552
0.540553
0.540553
0.542155
0.54545
0.54545
0.547725
0.547725
0.557968
0.557968
0.558357
0.559286
0.562266
0.563152
0.563152
0.564383
0.564383
0.576754
0.576754
0.599216
0.604969
0.615339
0.615339
0.631618
0.634419
0.648079
0.648079
0.663439
0.678484
0.682964
0.687408
0.697
0.697
0.703996
0.703996
0.705914
0.706462
0.709672
0.715049
0.734394
0.738725
0.757105
0.777172
0.789632
0.789632
0.792233
0.803456
0.803456
0.816867
0.816867
0.817279
0.839643
0.839643
0.84379
0.84659
0.84659
0.861855
0.871848
0.874724
0.874724
0.877028
0.882714
0.896647
0.91039
0.91039
0.916966
0.916966
0.919092
0.919092
0.940712
0.9496
0.949725
0.95778
0.959031
0.986488
0.997262
0.999887
0.999887
1.01598
1.02609
1.02746
1.03368
1.03675
1.06616
1.103
1.10795
1.10967
1.11266
1.12313
1.12922
1.13692
1.13925
1.1582
1.16092
1.16138
1.16138
1.16972
1.17845
1.18657
1.18657
1.24325
1.27532
1.33499
1.34449
1.3457
1.35792
1.36656
1.37943
1.39636
1.39961
1.41408
1.418
1.44234
1.44674
1.44686
1.5749
1.65843
1.71819
1.76579
1.90615
1.92784
2.07786
2.67342
2.97579
