0.155624
0.155624
0.156171
0.156171
0.159354
0.159354
0.171982
0.171982
0.18415
0.18415
0.204726
0.204726
0.209394
0.209571
0.209571
0.212023
0.212023
0.215287
0.215287
0.230554
0.230554
0.233555
0.233555
0.234742
0.234742
0.245587
0.245587
0.246633
0.246633
0.248044
0.248044
0.249142
0.249142
0.258338
0.258338
0.262162
0.262162
0.268172
0.268172
0.268995
0.269631
0.269631
0.27178
0.27178
0.274938
0.276182
0.276182
0.277945
0.277945
0.279311
0.279311
0.279481
0.279481
0.282894
0.284016
0.295151
0.295151
0.301205
0.301205
0.301456
0.303278
0.303278
0.310421
0.310421
0.313757
0.313757
0.315544
0.317594
0.317594
0.321629
0.321629
0.323527
0.329445
0.329445
0.331566
0.331566
0.346229
0.346229
0.346585
0.346585
0.349574
0.349574
0.351325
0.351325
0.35237
0.357537
0.358974
0.36119
0.364669
0.364669
0.372665
0.372665
0.373826
0.373826
0.376765
0.376765
0.384232
0.384232
0.385838
0.385838
0.389556
0.389556
0.394433
0.394433
0.395495
0.399817
0.399817
0.400067
0.400067
0.406301
0.406301
0.407401
0.411483
0.411483
0.4222
0.424468
0.424468
0.424518
0.424518
0.426504
0.427004
0.427004
0.430815
0.431014
0.431014
0.432714
0.432714
0.434353
0.436919
0.436919
0.440742
0.442044
0.442044
0.442263
0.442263
0.44438
0.44438
0.452766
0.452766
0.453252
0.453252
0.454957
0.463365
0.464669
0.464669
0.468413
0.468421
0.468421
0.470243
0.470243
0.470249
0.471256
0.474078
0.474078
0.482759
0.48421
0.48421
0.484365
0.484365
0.485552
0.485552
0.489123
0.489123
0.491557
0.491557
0.494178
0.495746
0.495746
0.497727
0.50404
0.511566
0.511566
0.513516
0.513516
0.517495
0.518143
0.518143
0.518856
0.518856
0.519908
0.519908
0.523181
0.523672
0.523672
0.526626
0.526626
0.528513
0.529835
0.531595
0.532298
0.532298
0.532696
0.535796
0.53858
0.546754
0.546838
0.54832
0.553504
0.555502
0.56019
0.572702
0.584276
0.587628
0.587628
0.587829
0.592436
0.592436
0.594698
0.598119
0.602456
0.602456
0.607296
0.60801
0.609
0.609
0.611754
0.615063
0.6188
0.6188
0.620288
0.620288
0.629312
0.634579
0.63702
0.638187
0.638564
0.638756
0.639005
0.639023
0.640048
0.645809
0.646423
0.649633
0.651221
0.65836
0.661091
0.661735
0.661735
0.671949
0.673155
0.673155
0.683585
0.683585
0.686504
0.686504
0.688256
0.68926
0.691179
0.69553
0.69553
0.695537
0.697187
0.700112
0.707313
0.707505
0.711119
0.714402
0.719602
0.730607
0.745584
0.745584
0.746855
0.759707
0.759707
0.76095
0.767978
0.772262
0.784098
0.78526
0.785341
0.785702
0.793462
0.801986
0.801986
0.803451
0.804512
0.805079
0.806394
0.813737
0.827504
0.828834
0.828834
0.833887
0.83535
0.83535
0.837934
0.837934
0.845576
0.845576
0.859177
0.861654
0.861654
0.868065
0.875397
0.876322
0.888358
0.894456
0.894456
0.899258
0.902746
0.905669
0.909887
0.922346
0.93097
0.932538
0.942774
0.947282
0.958803
0.958803
0.961827
0.964092
0.974602
0.977313
0.977313
0.981785
0.997211
1.00951
1.01204
1.01204
1.02255
1.02309
1.04714
1.04812
1.06263
1.06881
1.08039
1.08349
1.08349
1.08437
1.08613
1.08613
1.099
1.13701
1.13781
1.14728
1.14728
1.15329
1.15836
1.24713
1.26805
1.28482
1.28835
1.38332
1.438
1.45025
1.46897
1.5545
1.60636
1.73347
1.81221
