0.328
0.328
0.328
0.328
0.328
0.328
0.328
0.328
0.328
0.328
0.329
0.33
0.33
0.33
0.33
0.33
0.33
0.33
0.332
0.332
0.332
0.332
0.333
0.333
0.334
0.334
0.334
0.334
0.334
0.335
0.335
0.336
0.336
0.337
0.337
0.338
0.339
0.339
0.339
0.34
0.343
0.343
0.343
0.344
0.344
0.344
0.345
0.345
0.346
0.346
0.346
0.346
0.347
0.351
0.353
0.354
0.355
0.355
0.356
0.36
0.361
0.366
0.368
0.372
0.38
0.385
0.387
0.39
0.392
0.393
0.395
0.396
0.397
0.401
0.405
0.406
0.407
0.41
0.411
0.414
0.417
0.419
0.422
0.428
0.43
0.435
0.44
0.442
0.448
0.449
0.451
0.453
0.454
0.456
0.461
0.463
0.466
0.47
0.472
0.478
0.485
0.488
0.49
0.493
0.493
0.494
0.496
0.497
0.499
0.501
0.501
0.502
0.504
0.507
0.508
0.509
0.509
0.511
0.513
0.519
0.526
0.534
0.536
0.539
0.545
0.547
0.554
0.562
0.569
0.573
0.574
0.579
0.58
0.583
0.588
0.593
0.596
0.598
0.601
0.602
0.603
0.606
0.606
0.607
0.61
0.615
0.621
0.625
0.632
0.633
0.639
0.645
0.652
0.66
0.667
0.67
0.673
0.678
0.682
0.684
0.686
0.688
0.692
0.698
0.702
0.707
0.71
0.712
0.714
0.716
0.719
0.726
0.735
0.74
0.744
0.753
0.763
0.765
0.771
0.775
0.777
0.779
0.782
0.787
0.788
0.79
0.793
0.798
0.802
0.81
0.818
0.826
0.834
0.839
0.846
0.847
0.849
0.855
0.858
0.864
0.87
0.873
0.878
0.884
0.888
0.891
0.898
0.904
0.91
0.913
0.917
0.923
0.932
0.942
0.947
0.952
0.96
0.963
0.966
0.966
0.971
0.974
0.976
0.978
0.985
0.986
0.989
0.994
0.999
1.009
1.012
1.016
1.021
1.028
1.03
1.037
1.04
1.048
1.055
1.056
1.062
1.063
1.066
1.07
1.076
1.084
1.089
1.094
1.097
1.101
1.111
1.115
1.118
1.126
1.131
1.134
1.14
1.146
1.148
1.154
1.163
1.172
1.178
1.184
1.186
1.192
1.198
1.206
1.212
1.217
1.224
1.23
1.24
1.244
1.251
1.255
1.259
1.262
1.265
1.268
1.273
1.283
1.289
1.297
1.303
1.311
1.318
1.323
1.325
1.33
1.334
1.344
1.352
1.359
1.369
1.374
1.381
1.387
1.392
1.399
1.404
1.411
1.417
1.42
1.426
1.434
1.437
1.445
1.45
1.454
1.46
1.466
1.473
1.478
1.486
1.492
1.496
1.504
1.508
1.515
1.52
1.527
1.534
1.541
1.55
1.557
1.563
1.571
1.582
1.586
1.596
1.605
1.61
1.615
1.62
1.629
1.64
1.649
1.657
1.664
1.669
1.675
1.685
1.696
1.698
1.706
1.715
1.725
1.733
1.74
1.75
1.758
1.763
1.768
1.772
1.781
1.789
1.795
1.806
1.818
1.824
1.832
1.84
1.85
1.86
1.868
1.876
1.886
1.896
1.904
1.907
1.916
1.925
1.935
1.942
1.946
1.959
1.967
1.977
1.989
2
2.006
2.011
2.019
2.028
2.043
2.058
2.066
2.075
2.08
2.091
2.1
2.114
2.125
2.135
2.148
2.16
2.172
2.187
2.205
2.22
2.238
2.248
2.262
2.277
2.295
2.313
2.328
2.341
2.355
2.369
2.383
2.404
2.422
2.44
2.449
2.458
2.489
2.502
2.518
2.539
2.554
2.574
2.598
2.623
2.642
2.665
2.682
2.711
2.743
2.765
2.798
2.823
2.849
2.884
2.914
2.949
2.984
3.021
3.076
3.127
3.187
3.28
3.431
3.723
4.21
4.365
4.558
4.832
5.095
