0.14583
0.14583
0.154291
0.154336
0.159473
0.159598
0.165165
0.16556
0.170826
0.171039
0.175674
0.176331
0.181014
0.18182
0.186201
0.187283
0.191044
0.19208
0.195436
0.196636
0.200021
0.201001
0.204197
0.205584
0.208019
0.209465
0.212465
0.213818
0.216878
0.218205
0.22165
0.223044
0.225942
0.227092
0.229481
0.230531
0.232873
0.233887
0.236686
0.238488
0.240461
0.241889
0.244103
0.245717
0.248253
0.249432
0.251884
0.253156
0.255061
0.256443
0.258964
0.260361
0.262394
0.26352
0.265398
0.266997
0.26887
0.270395
0.272605
0.273952
0.275717
0.277084
0.278632
0.280176
0.281811
0.283291
0.284514
0.286233
0.287915
0.290056
0.291612
0.293682
0.294824
0.296563
0.297711
0.299482
0.300748
0.301988
0.303604
0.305294
0.306524
0.307819
0.309086
0.310417
0.311966
0.313263
0.314366
0.315528
0.317097
0.318302
0.319683
0.320879
0.32249
0.323772
0.324934
0.326629
0.327738
0.329143
0.330373
0.3317
0.33321
0.334357
0.335297
0.33641
0.337847
0.339303
0.34026
0.341543
0.342528
0.343738
0.344613
0.345768
0.347172
0.348063
0.34962
0.351069
0.352275
0.35344
0.354676
0.35608
0.356959
0.358187
0.35928
0.360883
0.362336
0.364138
0.365165
0.366652
0.3676
0.369317
0.370862
0.37209
0.374012
0.375212
0.376846
0.377768
0.379435
0.380597
0.382767
0.384014
0.385741
0.387415
0.388993
0.390664
0.392572
0.394488
0.395889
0.397507
0.398794
0.400208
0.401963
0.403807
0.405557
0.4073
0.408817
0.410209
0.411424
0.412982
0.41488
0.417016
0.418479
0.420393
0.421663
0.423154
0.424505
0.426132
0.427629
0.429106
0.430956
0.432211
0.433806
0.435161
0.436567
0.437914
0.439098
0.44055
0.442102
0.443519
0.444895
0.446707
0.44812
0.449623
0.450978
0.452422
0.453994
0.455435
0.456992
0.458081
0.459149
0.460867
0.462623
0.46444
0.4658
0.467346
0.468963
0.47078
0.472722
0.473977
0.475738
0.477099
0.478788
0.48036
0.481519
0.48313
0.484555
0.485941
0.487915
0.489286
0.49079
0.492302
0.493569
0.494814
0.496604
0.497715
0.499439
0.500896
0.502455
0.503898
0.505548
0.506842
0.508373
0.509542
0.511248
0.513131
0.514461
0.515833
0.517397
0.519017
0.520972
0.522371
0.524106
0.525549
0.527432
0.528991
0.53066
0.532392
0.534484
0.536514
0.538293
0.540036
0.542076
0.543579
0.545692
0.547584
0.54959
0.55175
0.553166
0.555119
0.557184
0.558812
0.561114
0.562823
0.564791
0.566899
0.568846
0.570607
0.572725
0.574664
0.576372
0.577951
0.579595
0.581568
0.584266
0.586212
0.587915
0.589299
0.591235
0.593649
0.596063
0.598226
0.600178
0.601999
0.60426
0.60602
0.607833
0.610021
0.612168
0.614074
0.615981
0.618108
0.620129
0.622228
0.624622
0.626583
0.628609
0.630791
0.633481
0.635634
0.638344
0.640662
0.643022
0.645722
0.647946
0.650463
0.652848
0.655601
0.658397
0.660498
0.662678
0.665399
0.668213
0.671095
0.67391
0.676808
0.679651
0.683061
0.686513
0.689642
0.692529
0.69594
0.698974
0.701876
0.705484
0.70954
0.713458
0.716991
0.72069
0.724337
0.727668
0.731454
0.734309
0.739189
0.742789
0.745916
0.749949
0.754842
0.758106
0.762283
0.765433
0.769313
0.77317
0.777315
0.781308
0.785339
0.789606
0.794284
0.798461
0.802183
0.807283
0.810905
0.814705
0.818665
0.823164
0.827459
0.831111
0.834697
0.839491
0.844711
0.84933
0.854045
0.859143
0.86334
0.868153
0.87237
0.877153
0.880842
0.884988
0.888605
0.89322
0.898024
0.90212
0.906887
0.9116
0.916293
0.921592
0.927893
0.933043
0.939088
0.945185
0.952814
0.958819
0.964002
0.970429
0.97826
0.985275
0.995264
1.00475
1.0166
1.02902
1.03996
1.04979
1.06106
1.07626
1.09215
1.10654
1.12275
1.13709
1.14865
1.16388
1.17596
1.19163
1.20699
1.22793
1.26187
1.29443
1.33118
1.41042
1.53795
1.6023
1.68822
