0.153681
0.153681
0.157454
0.157454
0.163339
0.163339
0.163748
0.163748
0.164353
0.164353
0.170648
0.170648
0.171598
0.171598
0.174041
0.174041
0.177676
0.177676
0.181238
0.181238
0.182361
0.182361
0.183448
0.183448
0.190311
0.190311
0.193834
0.193834
0.193869
0.193869
0.194494
0.194494
0.196401
0.196401
0.197947
0.197947
0.198815
0.199194
0.199194
0.200459
0.200459
0.204683
0.204683
0.209524
0.209524
0.214541
0.214541
0.21866
0.21866
0.219745
0.222614
0.222614
0.224487
0.224487
0.229234
0.237256
0.237256
0.241586
0.241586
0.244061
0.244061
0.249384
0.249384
0.24998
0.24998
0.25166
0.25166
0.2539
0.2539
0.256718
0.256718
0.257214
0.257214
0.262966
0.262966
0.263442
0.265495
0.265495
0.268958
0.268958
0.270031
0.270031
0.279982
0.284461
0.284461
0.287483
0.287483
0.289162
0.289162
0.292098
0.292098
0.293822
0.294247
0.294355
0.294355
0.296084
0.296425
0.296425
0.297702
0.297702
0.300322
0.300322
0.30033
0.30148
0.302232
0.302232
0.306553
0.306553
0.309532
0.309532
0.309954
0.309954
0.311897
0.313654
0.315245
0.316253
0.316602
0.316602
0.316951
0.316951
0.317344
0.317344
0.317629
0.317629
0.321429
0.321429
0.328987
0.328987
0.330698
0.330698
0.332147
0.332147
0.332556
0.332556
0.333277
0.333277
0.337833
0.337833
0.339117
0.339117
0.339419
0.339419
0.342543
0.342543
0.342919
0.342919
0.342929
0.344074
0.344074
0.347836
0.348314
0.354065
0.354065
0.35462
0.356084
0.356793
0.359586
0.359586
0.364414
0.364414
0.366238
0.366238
0.367499
0.367499
0.368008
0.368008
0.368611
0.368611
0.370399
0.370399
0.371911
0.371911
0.371948
0.374148
0.376569
0.377314
0.377314
0.377334
0.377334
0.380081
0.380081
0.382421
0.382421
0.384812
0.384812
0.385302
0.385302
0.387763
0.387763
0.388715
0.389407
0.390568
0.390692
0.390692
0.393217
0.393671
0.393671
0.397589
0.398768
0.398768
0.40113
0.40113
0.402892
0.402954
0.402954
0.406546
0.41011
0.41011
0.414619
0.416831
0.416831
0.419814
0.420342
0.421957
0.421957
0.422107
0.423298
0.423519
0.424969
0.426068
0.428692
0.431921
0.434972
0.438467
0.44327
0.44327
0.44487
0.44487
0.448332
0.448332
0.45523
0.458187
0.459331
0.459331
0.461708
0.461769
0.462268
0.463202
0.464287
0.464287
0.470202
0.470202
0.471416
0.471416
0.477291
0.478381
0.478648
0.48244
0.482849
0.486406
0.492577
0.493115
0.493115
0.495943
0.49682
0.49682
0.497843
0.497843
0.499857
0.505205
0.505205
0.507378
0.513549
0.514677
0.514677
0.514812
0.515271
0.515317
0.515317
0.518138
0.518188
0.522161
0.522694
0.522694
0.523054
0.523054
0.528303
0.528303
0.531242
0.537027
0.537027
0.540186
0.540186
0.54127
0.54127
0.545412
0.545601
0.545601
0.552627
0.554437
0.555612
0.556617
0.556617
0.558677
0.558677
0.560162
0.563623
0.563623
0.565633
0.565633
0.568765
0.568765
0.572322
0.572322
0.575146
0.575544
0.575544
0.576682
0.576682
0.577119
0.577119
0.577439
0.578297
0.578609
0.580582
0.580935
0.585846
0.587784
0.587784
0.588733
0.589278
0.59006
0.591861
0.591861
0.594916
0.594916
0.596687
0.604458
0.606913
0.619947
0.62138
0.622463
0.623362
0.623776
0.623776
0.627176
0.627176
0.631414
0.632944
0.637271
0.638719
0.638773
0.638948
0.640714
0.640714
0.641876
0.645609
0.646752
0.652017
0.654943
0.656918
0.675614
0.675614
0.675901
0.678966
0.679688
0.680024
0.680024
0.682696
0.682696
0.683422
0.684116
0.689673
0.689673
0.691585
0.691585
0.691986
0.693651
0.697792
0.702509
0.703014
0.70419
0.720893
0.722199
0.726236
0.730926
0.732274
0.739181
0.741504
0.741504
0.74778
0.748256
0.748256
0.750333
0.750333
0.752001
0.761167
0.764193
0.772704
0.779901
0.780364
0.79309
0.801072
0.801524
0.801524
0.803264
0.808455
0.819464
0.824354
0.833604
0.836483
0.844224
0.845138
0.846563
0.847198
0.860685
0.862243
0.863106
0.876327
0.876761
0.879875
0.884344
0.910556
0.913619
0.92088
0.945274
0.951385
0.951385
0.965122
0.983948
1.00688
1.01971
1.04893
1.04986
1.05217
1.05286
1.06662
1.0852
1.09407
1.09407
1.09757
1.13116
1.15101
1.15101
1.15664
1.18767
1.18767
1.22174
1.22174
1.22922
1.25267
1.28691
1.32944
1.36948
1.39719
1.46215
1.47135
1.48687
1.49564
1.57066
