0.04
0.15
0.33
0.57
0.78
0.89
0.95
0.99
1.02
1.04
1.06
1.08
1.12
1.18
1.31
1.41
1.51
1.63
1.71
1.73
1.79
1.85
1.88
1.92
1.96
2.01
2.03
2.07
2.1
2.14
2.2
2.25
2.32
2.38
2.4
2.52
2.58
2.62
2.68
2.74
2.8
2.85
2.88
2.94
2.98
3.07
3.13
3.16
3.17
3.19
3.2
3.22
3.24
3.26
3.26
3.27
3.33
3.39
3.45
3.53
3.64
3.74
3.77
3.82
3.92
3.99
4.03
4.08
4.08
4.11
4.13
4.15
4.16
4.19
4.23
4.27
4.31
4.36
4.43
4.48
4.54
4.59
4.62
4.66
4.74
4.76
4.78
4.82
4.86
4.88
4.9
4.97
5.04
5.07
5.12
5.17
5.2
5.23
5.28
5.32
5.4
5.49
5.51
5.53
5.55
5.58
5.64
5.67
5.71
5.71
5.71
5.74
5.8
5.82
5.85
5.91
5.94
6.05
6.11
6.22
6.25
6.31
6.32
6.37
6.41
6.44
6.45
6.46
6.49
6.5
6.53
6.58
6.62
6.66
6.72
6.77
6.8
6.86
6.92
6.96
7.01
7.04
7.08
7.13
7.18
7.24
7.27
7.28
7.31
7.34
7.37
7.4
7.45
7.47
7.5
7.52
7.54
7.57
7.58
7.63
7.68
7.71
7.78
7.81
7.84
7.88
7.89
7.95
7.97
8.02
8.04
8.05
8.08
8.15
8.18
8.22
8.26
8.28
8.32
8.35
8.39
8.43
8.44
8.44
8.46
8.47
8.5
8.54
8.55
8.62
8.69
8.73
8.74
8.75
8.82
8.88
8.93
8.97
8.99
9.01
9.03
9.05
9.07
9.11
9.13
9.17
9.21
9.25
9.26
9.27
9.29
9.32
9.33
9.38
9.39
9.43
9.47
9.5
9.57
9.59
9.61
9.63
9.65
9.66
9.72
9.75
9.8
9.86
9.9
9.92
9.96
9.97
10.03
10.03
10.08
10.11
10.14
10.18
10.22
10.23
10.23
10.28
10.34
10.37
10.39
10.42
10.45
10.47
10.49
10.52
10.53
10.55
10.56
10.57
10.61
10.65
10.68
10.71
10.71
10.72
10.79
10.85
10.9
10.96
10.97
11.02
11.05
11.11
11.11
11.14
11.18
11.2
11.27
11.28
11.29
11.32
11.33
11.33
11.34
11.35
11.38
11.42
11.42
11.44
11.48
11.52
11.54
11.56
11.6
11.63
11.67
11.71
11.74
11.76
11.78
11.83
11.87
11.94
11.95
11.95
11.96
12
12.06
12.1
12.14
12.16
12.18
12.22
12.22
12.26
12.28
12.29
12.33
12.35
12.37
12.37
12.38
12.39
12.45
12.5
12.56
12.57
12.6
12.64
12.68
12.71
12.74
12.77
12.79
12.81
12.85
12.87
12.93
12.94
12.97
12.99
13.01
13.05
13.06
13.08
13.1
13.1
13.14
13.15
13.15
13.17
13.21
13.25
13.32
13.37
13.39
13.4
13.43
13.46
13.49
13.52
13.56
13.6
13.61
13.63
13.66
13.72
13.74
13.78
13.83
13.84
13.87
13.89
13.91
13.92
13.94
13.95
13.99
14.02
14.04
14.07
14.09
14.12
14.14
14.15
14.19
14.22
14.28
14.31
14.32
14.33
14.36
14.39
14.42
14.43
14.45
14.5
14.55
14.56
14.58
14.64
14.66
14.69
14.71
14.75
14.75
14.79
14.8
14.82
14.85
14.85
14.89
14.89
14.9
14.92
14.93
14.98
15.02
15.05
15.06
15.08
15.09
15.12
15.16
15.21
15.23
15.24
15.26
15.27
15.32
15.34
15.35
15.36
15.39
15.45
15.48
15.5
15.5
15.52
15.54
15.55
15.58
15.61
15.63
15.64
15.65
15.67
15.69
15.7
15.72
15.77
15.8
15.84
15.85
15.89
15.89
15.93
15.95
15.96
15.99
16.01
16.01
16.06
16.08
16.11
16.14
16.18
16.2
16.22
16.23
16.24
16.29
16.31
16.33
16.38
16.39
16.42
16.49
16.51
16.52
16.55
16.57
16.58
16.59
16.61
16.63
16.64
16.67
16.7
16.73
16.76
16.78
16.79
16.8
16.8
16.82
16.85
16.86
16.87
16.9
16.93
16.98
16.99
17.01
17.03
17.07
17.08
17.09
17.11
17.13
17.16
17.18
17.18
17.2
17.21
17.22
17.27
17.31
17.34
17.36
17.39
17.41
17.45
17.48
17.5
17.52
17.53
17.54
17.54
17.57
17.57
17.61
17.65
17.67
17.7
17.71
17.71
17.73
17.75
17.76
17.8
17.84
17.86
17.87
17.9
17.93
17.96
17.97
17.98
18.01
18.03
18.06
18.09
18.12
18.13
18.19
18.21
18.23
18.24
18.26
18.3
18.32
18.34
18.35
18.41
18.42
18.43
18.44
18.45
18.47
18.48
18.5
18.5
18.52
18.54
18.55
18.61
18.62
18.64
18.64
18.65
18.68
18.74
18.77
18.78
18.79
18.82
18.85
18.86
18.89
18.91
18.92
18.95
18.98
19.01
19.03
19.04
19.07
19.11
19.14
19.16
19.19
19.22
19.25
19.25
19.26
19.27
19.27
19.28
19.29
19.33
19.35
19.37
19.4
19.41
19.45
19.46
19.49
19.56
19.58
19.61
19.62
19.65
19.67
19.67
19.69
19.77
19.78
19.8
19.81
19.84
19.87
19.88
19.89
19.91
19.91
19.94
19.95
19.96
19.99
20.01
20.04
20.04
20.06
20.1
20.13
20.16
20.16
20.23
20.26
20.28
20.32
20.36
20.39
20.41
20.45
20.47
20.5
20.52
20.53
20.54
20.56
20.59
20.6
20.6
20.61
20.64
20.65
20.67
20.71
20.73
20.77
20.77
20.79
20.82
20.85
20.87
20.9
20.9
20.93
20.97
21
21.01
21.07
21.1
21.12
21.13
21.14
21.15
21.19
21.2
21.22
21.24
21.26
21.32
21.34
21.37
21.4
21.41
21.48
21.51
21.52
21.56
21.59
21.61
21.62
21.63
21.65
21.68
21.7
21.72
21.73
21.76
21.76
21.78
21.8
21.83
21.86
21.87
21.92
21.95
21.96
21.98
22
22.04
22.07
22.1
22.13
22.15
22.18
22.21
22.23
22.32
22.34
22.38
22.39
22.4
22.43
22.44
22.46
22.48
22.5
22.54
22.54
22.59
22.61
22.62
22.63
22.64
22.68
22.69
22.7
22.73
22.77
22.78
22.8
22.83
22.86
22.94
22.96
23.02
23.05
23.06
23.09
23.14
23.17
23.19
23.22
23.25
23.28
23.3
23.31
23.36
23.38
23.41
23.44
23.48
23.49
23.53
23.55
23.57
23.62
23.65
23.67
23.71
23.72
23.73
23.79
23.79
23.81
23.83
23.87
23.91
23.94
23.98
24.01
24.04
24.04
24.06
24.09
24.14
24.19
24.22
24.26
24.28
24.34
24.39
24.41
24.43
24.49
24.51
24.52
24.55
24.59
24.62
24.65
24.72
24.73
24.74
24.8
24.81
24.83
24.87
24.88
24.92
24.95
25
25.03
25.05
25.15
25.19
25.24
25.27
25.29
25.31
25.34
25.39
25.44
25.45
25.46
25.5
25.53
25.59
25.64
25.66
25.69
25.74
25.77
25.83
25.89
25.91
25.93
25.99
26.04
26.1
26.13
26.17
26.21
26.25
26.31
26.32
26.36
26.38
26.41
26.44
26.49
26.55
26.59
26.64
26.7
26.73
26.75
26.83
26.88
26.93
26.95
26.99
27.04
27.07
27.09
27.12
27.17
27.18
27.23
27.3
27.34
27.41
27.42
27.52
27.54
27.59
27.65
27.7
27.74
27.78
27.82
27.89
27.97
28.04
28.11
28.14
28.19
28.22
28.29
28.34
28.4
28.44
28.49
28.55
28.59
28.65
28.72
28.81
28.84
28.89
28.95
29.01
29.07
29.13
29.19
29.23
29.3
29.35
29.46
29.52
29.56
29.61
29.67
29.73
29.79
29.84
29.93
29.96
30.04
30.14
30.24
30.32
30.38
30.48
30.54
30.59
30.65
30.71
30.75
30.84
30.94
31.03
31.14
31.25
31.36
31.4
31.44
31.5
31.58
31.64
31.77
31.86
31.99
32.07
32.18
32.31
32.38
32.53
32.61
32.69
32.74
32.9
33.05
33.18
33.25
33.39
33.59
33.75
33.94
34.07
34.16
34.34
34.52
34.63
34.89
35.08
35.26
35.46
35.63
35.92
36.11
36.33
36.53
36.91
37.13
37.37
37.73
38.04
38.37
38.77
39.21
39.67
40.07
40.67
41.23
41.92
42.74
43.72
45.06
47.63
