0.14443
0.14443
0.147881
0.147881
0.150447
0.150447
0.151157
0.151157
0.151771
0.151771
0.152136
0.152136
0.152517
0.152517
0.152875
0.152875
0.153164
0.153164
0.153447
0.153448
0.153786
0.153792
0.15407
0.154091
0.154392
0.154405
0.154678
0.154696
0.155004
0.155023
0.155394
0.155416
0.15572
0.155791
0.156099
0.156151
0.156596
0.156693
0.157096
0.157265
0.157626
0.15776
0.158084
0.158211
0.15869
0.158874
0.15935
0.159512
0.16009
0.160333
0.160755
0.16097
0.16139
0.161635
0.16207
0.162285
0.162746
0.163015
0.163396
0.163677
0.164051
0.164462
0.164908
0.165214
0.165721
0.166207
0.166558
0.16693
0.167366
0.167699
0.167998
0.16839
0.168749
0.169006
0.169457
0.169744
0.170194
0.170559
0.170956
0.171321
0.171836
0.172317
0.172615
0.172932
0.173297
0.173684
0.174052
0.174427
0.174806
0.175205
0.175522
0.17598
0.176395
0.176686
0.177031
0.177535
0.177904
0.17837
0.178766
0.179133
0.179571
0.179861
0.180263
0.180652
0.181039
0.181489
0.181914
0.182355
0.182656
0.183037
0.183394
0.183774
0.184233
0.184666
0.185032
0.185359
0.185671
0.186002
0.186408
0.186779
0.187188
0.187675
0.188026
0.188465
0.188792
0.189116
0.189432
0.18988
0.190249
0.190675
0.190944
0.191292
0.191598
0.191989
0.192374
0.192809
0.193175
0.193605
0.193983
0.19434
0.194644
0.195069
0.195423
0.195765
0.196148
0.196574
0.19683
0.197237
0.197551
0.197963
0.198332
0.198711
0.19904
0.199425
0.199875
0.200197
0.200618
0.201066
0.201414
0.201776
0.202164
0.202633
0.202975
0.203374
0.2037
0.204184
0.204565
0.204915
0.20545
0.205858
0.206227
0.206547
0.207044
0.207401
0.207879
0.208256
0.208736
0.209138
0.209522
0.209896
0.210316
0.210657
0.211017
0.211367
0.211766
0.21203
0.212478
0.212807
0.213118
0.213451
0.213927
0.214243
0.214673
0.21507
0.215505
0.215828
0.216209
0.216653
0.21703
0.217382
0.21778
0.218117
0.218442
0.218905
0.219227
0.21951
0.219893
0.220213
0.22064
0.221006
0.22143
0.221759
0.222201
0.222554
0.222932
0.223288
0.223527
0.223878
0.22427
0.224763
0.225061
0.225497
0.225864
0.226242
0.226672
0.227037
0.227466
0.227877
0.2283
0.228765
0.229124
0.229493
0.229857
0.230249
0.230744
0.231141
0.231517
0.231842
0.2322
0.232532
0.232935
0.233311
0.23371
0.233999
0.234484
0.234756
0.235108
0.235473
0.235893
0.236254
0.236591
0.236919
0.237287
0.237586
0.237917
0.238244
0.238538
0.238867
0.239285
0.239597
0.240045
0.24035
0.240692
0.241032
0.241386
0.24178
0.242145
0.242462
0.242916
0.243298
0.243636
0.244021
0.244309
0.244781
0.245153
0.245622
0.245943
0.246265
0.246579
0.246899
0.247298
0.247569
0.247941
0.24829
0.248617
0.248997
0.249311
0.249687
0.250018
0.250356
0.250672
0.250971
0.251299
0.2517
0.251999
0.252359
0.252689
0.253018
0.253382
0.253655
0.254051
0.254339
0.25462
0.255006
0.255326
0.255701
0.256
0.256405
0.256724
0.257032
0.257511
0.257792
0.258106
0.25846
0.258712
0.259015
0.259323
0.259706
0.260089
0.260401
0.260764
0.261173
0.261491
0.261895
0.262233
0.262487
0.262916
0.263275
0.26366
0.264006
0.264362
0.264665
0.265083
0.265398
0.265839
0.266248
0.266553
0.266995
0.267289
0.267652
0.267982
0.268368
0.268765
0.269115
0.26947
0.269883
0.270251
0.270553
0.270887
0.271257
0.271584
0.2719
0.272271
0.272659
0.273156
0.273611
0.273952
0.274342
0.27469
0.275109
0.275412
0.27576
0.276043
0.276382
0.276731
0.277055
0.277585
0.277928
0.278176
0.278577
0.279018
0.279436
0.279835
0.280187
0.280534
0.280878
0.281214
0.281553
0.28202
0.282347
0.282746
0.283066
0.283424
0.283837
0.284192
0.284603
0.284861
0.285286
0.285605
0.286006
0.286341
0.28667
0.287006
0.287411
0.287857
0.288207
0.288603
0.288944
0.289345
0.289794
0.290231
0.290646
0.291032
0.29132
0.291736
0.292077
0.29248
0.292818
0.293202
0.29361
0.294016
0.294408
0.294846
0.295147
0.295511
0.295876
0.296247
0.296676
0.297012
0.297416
0.297807
0.298195
0.298643
0.299112
0.299495
0.299892
0.300296
0.30067
0.30106
0.301505
0.301877
0.302359
0.302696
0.303064
0.303502
0.303854
0.304215
0.304565
0.304889
0.305307
0.305647
0.306052
0.306358
0.306736
0.307026
0.307384
0.307712
0.30804
0.308388
0.308782
0.309178
0.309508
0.309876
0.310204
0.310503
0.310836
0.311214
0.311531
0.311941
0.312323
0.312692
0.313117
0.313473
0.313878
0.314314
0.314713
0.315102
0.315373
0.315686
0.316054
0.31647
0.316869
0.317233
0.317553
0.317902
0.318306
0.318705
0.319062
0.319393
0.319836
0.320082
0.320386
0.320751
0.321106
0.321439
0.321866
0.322213
0.322661
0.323026
0.323373
0.323844
0.324235
0.324583
0.324951
0.325169
0.325535
0.325837
0.326119
0.326503
0.326893
0.327403
0.327772
0.328186
0.328633
0.328962
0.329291
0.329613
0.32998
0.330378
0.330716
0.331117
0.331459
0.331779
0.332122
0.332413
0.332803
0.333123
0.333454
0.333788
0.334099
0.334432
0.334848
0.335146
0.335518
0.335949
0.336298
0.336743
0.337196
0.337566
0.337908
0.338314
0.338631
0.339018
0.339428
0.339786
0.340172
0.340486
0.34082
0.341143
0.341528
0.341846
0.342242
0.342654
0.342979
0.34336
0.343646
0.344088
0.344421
0.344829
0.345127
0.345587
0.345963
0.346375
0.346819
0.347131
0.347451
0.347887
0.348302
0.348707
0.349187
0.349594
0.349845
0.350238
0.35059
0.351033
0.351386
0.351787
0.352079
0.352459
0.352815
0.353205
0.353554
0.353995
0.354323
0.354697
0.355039
0.355394
0.355801
0.356205
0.356488
0.356858
0.35727
0.357601
0.357917
0.35824
0.358644
0.35901
0.359407
0.359688
0.36002
0.360489
0.360894
0.36124
0.361601
0.362034
0.362399
0.362766
0.363085
0.363473
0.363819
0.364306
0.364596
0.365097
0.365487
0.365847
0.366178
0.366533
0.366904
0.367295
0.367609
0.367994
0.36842
0.368761
0.369163
0.369541
0.369931
0.370344
0.370684
0.371024
0.371349
0.371684
0.372086
0.372522
0.372849
0.373251
0.373584
0.374035
0.374532
0.374963
0.375395
0.375711
0.376136
0.37663
0.377054
0.377469
0.377932
0.378266
0.378676
0.379165
0.379604
0.380027
0.380464
0.380987
0.381391
0.381817
0.382247
0.382701
0.383076
0.383479
0.383904
0.384327
0.384734
0.385091
0.385459
0.385872
0.386297
0.386628
0.386963
0.387431
0.387929
0.388443
0.388875
0.389314
0.389769
0.390265
0.390703
0.391153
0.391639
0.392188
0.39264
0.393066
0.393548
0.394061
0.394433
0.394858
0.395322
0.395815
0.396223
0.3967
0.397112
0.397551
0.398007
0.398442
0.398875
0.399285
0.399731
0.400291
0.400734
0.401211
0.40163
0.402037
0.402413
0.402871
0.40333
0.403711
0.40417
0.404663
0.405016
0.405434
0.405901
0.406443
0.406955
0.407387
0.407816
0.408302
0.408746
0.409218
0.409662
0.410064
0.41057
0.410984
0.411505
0.411989
0.412447
0.412838
0.413237
0.413762
0.414321
0.414809
0.41531
0.415821
0.416316
0.416908
0.417334
0.417833
0.418345
0.418839
0.419353
0.419784
0.420279
0.420817
0.421394
0.422011
0.422508
0.423083
0.423582
0.424218
0.424701
0.42516
0.42554
0.426114
0.426506
0.42715
0.427699
0.4282
0.428746
0.429227
0.429698
0.430333
0.430811
0.431346
0.431933
0.432504
0.433064
0.433573
0.43415
0.434656
0.435164
0.435681
0.436301
0.436809
0.437354
0.437862
0.438444
0.438959
0.439569
0.440054
0.440547
0.441073
0.441529
0.442107
0.44249
0.44301
0.443568
0.444141
0.444788
0.445421
0.445931
0.446532
0.447111
0.447661
0.448256
0.448819
0.44935
0.449983
0.450709
0.45123
0.451801
0.452447
0.45303
0.453612
0.454356
0.454979
0.455488
0.456084
0.456657
0.457393
0.457947
0.458538
0.459126
0.459635
0.460241
0.460673
0.461277
0.46191
0.462566
0.463245
0.463774
0.464486
0.465203
0.465766
0.466506
0.467214
0.467921
0.468632
0.46933
0.470069
0.470643
0.47148
0.472071
0.472752
0.473479
0.474279
0.474936
0.475679
0.476375
0.477112
0.478005
0.478673
0.479334
0.480011
0.480784
0.481704
0.482434
0.48318
0.483814
0.484778
0.485604
0.486563
0.487451
0.488309
0.489067
0.48996
0.490742
0.491429
0.492124
0.492682
0.493456
0.494258
0.495372
0.496231
0.496956
0.497767
0.49868
0.499499
0.500284
0.501175
0.501926
0.502734
0.503561
0.504536
0.505452
0.506251
0.507098
0.508152
0.509275
0.510314
0.511198
0.512041
0.512936
0.513873
0.514959
0.515826
0.516842
0.517883
0.51882
0.519964
0.521112
0.522101
0.523141
0.524266
0.52531
0.526585
0.527389
0.528503
0.529595
0.530553
0.531402
0.532468
0.533768
0.535084
0.536235
0.53744
0.538532
0.53971
0.540954
0.54229
0.543563
0.544842
0.54612
0.54718
0.548486
0.549907
0.551255
0.552512
0.553887
0.555159
0.556684
0.557983
0.559334
0.56065
0.562027
0.563701
0.565115
0.56634
0.567882
0.56963
0.571512
0.573076
0.574458
0.57586
0.577657
0.578972
0.580585
0.582333
0.583724
0.585155
0.586735
0.588661
0.590525
0.592038
0.593878
0.595356
0.597389
0.599295
0.601201
0.603212
0.60472
0.606707
0.608579
0.610959
0.612922
0.615049
0.61684
0.618751
0.621058
0.622919
0.625397
0.627831
0.630387
0.632906
0.635536
0.638258
0.641083
0.644268
0.647817
0.650997
0.654272
0.657126
0.660186
0.66363
0.666882
0.669607
0.672964
0.676251
0.679835
0.683799
0.687544
0.691172
0.695512
0.699222
0.703144
0.70694
0.710842
0.716245
0.721025
0.72524
0.730055
0.735378
0.741838
0.748324
0.754716
0.762122
0.768683
0.775685
0.781467
0.787085
0.796259
0.804623
0.812771
0.825078
0.837127
0.853159
0.866159
0.883061
0.905052
0.928701
0.965878
1.02353
1.14604
