0.328
0.328
0.328
0.33
0.33
0.331
0.332
0.333
0.334
0.334
0.334
0.334
0.336
0.336
0.337
0.337
0.337
0.339
0.34
0.34
0.34
0.341
0.342
0.345
0.345
0.345
0.346
0.346
0.348
0.349
0.35
0.356
0.356
0.36
0.366
0.372
0.377
0.38
0.384
0.386
0.391
0.396
0.399
0.402
0.407
0.411
0.416
0.417
0.424
0.428
0.433
0.44
0.443
0.451
0.461
0.467
0.47
0.476
0.481
0.49
0.497
0.505
0.508
0.512
0.521
0.526
0.531
0.538
0.54
0.545
0.549
0.552
0.56
0.565
0.579
0.588
0.596
0.606
0.614
0.623
0.633
0.636
0.641
0.646
0.653
0.658
0.664
0.674
0.683
0.693
0.703
0.719
0.727
0.737
0.749
0.754
0.764
0.773
0.782
0.791
0.803
0.818
0.824
0.833
0.841
0.852
0.864
0.872
0.883
0.89
0.903
0.915
0.925
0.936
0.946
0.963
0.974
0.985
0.996
1.011
1.025
1.035
1.048
1.056
1.066
1.077
1.093
1.107
1.121
1.128
1.144
1.15
1.169
1.186
1.197
1.213
1.222
1.233
1.249
1.265
1.283
1.297
1.307
1.324
1.339
1.354
1.37
1.385
1.409
1.427
1.446
1.47
1.491
1.502
1.528
1.554
1.579
1.598
1.625
1.655
1.673
1.703
1.728
1.758
1.783
1.813
1.838
1.868
1.902
1.942
1.975
2.003
2.05
2.085
2.114
2.15
2.19
2.225
2.262
2.312
2.359
2.411
2.46
2.506
2.583
2.646
2.725
2.76
2.85
2.919
3.017
3.13
3.299
3.611
3.84
4.1
4.34
4.586
4.812
5.179
