0.328
0.328
0.328
0.328
0.328
0.328
0.329
0.33
0.33
0.332
0.332
0.332
0.332
0.332
0.333
0.334
0.334
0.334
0.334
0.338
0.339
0.339
0.339
0.339
0.34
0.345
0.346
0.348
0.352
0.355
0.358
0.362
0.365
0.368
0.37
0.374
0.377
0.378
0.383
0.386
0.39
0.39
0.393
0.397
0.4
0.403
0.412
0.422
0.426
0.431
0.433
0.436
0.44
0.442
0.445
0.451
0.455
0.46
0.469
0.475
0.487
0.493
0.5
0.503
0.511
0.513
0.518
0.524
0.528
0.535
0.537
0.542
0.547
0.553
0.561
0.566
0.571
0.575
0.581
0.591
0.595
0.598
0.603
0.616
0.621
0.629
0.64
0.649
0.657
0.669
0.678
0.682
0.685
0.694
0.697
0.7
0.705
0.709
0.719
0.727
0.735
0.742
0.749
0.76
0.763
0.768
0.774
0.781
0.787
0.795
0.804
0.812
0.824
0.827
0.832
0.839
0.842
0.848
0.855
0.862
0.87
0.885
0.896
0.905
0.91
0.913
0.919
0.923
0.932
0.938
0.943
0.948
0.955
0.963
0.974
0.983
0.995
1.001
1.013
1.016
1.019
1.025
1.03
1.037
1.045
1.058
1.066
1.076
1.081
1.087
1.093
1.1
1.115
1.12
1.134
1.145
1.151
1.16
1.167
1.176
1.182
1.19
1.201
1.209
1.221
1.23
1.236
1.239
1.249
1.255
1.267
1.281
1.294
1.306
1.311
1.325
1.334
1.343
1.353
1.368
1.38
1.389
1.4
1.412
1.433
1.446
1.458
1.467
1.478
1.489
1.508
1.521
1.535
1.553
1.564
1.583
1.596
1.618
1.632
1.648
1.668
1.685
1.702
1.72
1.743
1.76
1.777
1.798
1.814
1.836
1.854
1.88
1.902
1.921
1.94
1.966
1.991
2.014
2.036
2.067
2.092
2.115
2.148
2.187
2.218
2.252
2.285
2.317
2.365
2.404
2.441
2.509
2.569
2.611
2.656
2.728
2.791
2.834
2.904
2.966
3.042
3.122
3.179
3.284
3.48
3.623
3.825
4.455
5.093
5.373
