0.12
0.28
0.39
0.49
0.53
0.59
0.64
0.68
0.72
0.73
0.76
0.77
0.77
0.79
0.82
0.88
0.91
0.96
1.04
1.06
1.09
1.13
1.17
1.18
1.22
1.24
1.25
1.27
1.31
1.33
1.35
1.36
1.39
1.42
1.46
1.47
1.47
1.54
1.6
1.62
1.66
1.69
1.7
1.76
1.81
1.84
1.87
1.88
1.88
1.88
1.89
1.89
1.89
1.9
1.93
1.95
1.97
1.99
2.02
2.03
2.07
2.11
2.16
2.22
2.26
2.31
2.33
2.39
2.39
2.41
2.44
2.46
2.51
2.52
2.53
2.55
2.58
2.63
2.66
2.7
2.73
2.76
2.82
2.86
2.89
2.92
2.94
2.95
2.98
2.99
2.99
3.01
3.01
3.04
3.07
3.09
3.12
3.16
3.19
3.26
3.28
3.34
3.38
3.41
3.42
3.45
3.46
3.48
3.5
3.51
3.57
3.62
3.64
3.67
3.68
3.72
3.75
3.75
3.83
3.84
3.87
3.9
3.93
3.98
4.02
4.07
4.08
4.09
4.11
4.14
4.17
4.23
4.26
4.32
4.35
4.39
4.4
4.42
4.45
4.5
4.54
4.61
4.67
4.72
4.75
4.78
4.79
4.8
4.82
4.86
4.9
4.94
4.98
5.0
5.05
5.08
5.11
5.14
5.2
5.23
5.3
5.34
5.41
5.46
5.48
5.54
5.57
5.63
5.66
5.71
5.74
5.8
5.85
5.88
5.92
5.96
5.99
6.04
6.12
6.22
6.26
6.34
6.38
6.43
6.51
6.56
6.61
6.65
6.72
6.79
6.85
6.88
6.96
7.02
7.09
7.18
7.32
7.37
7.44
7.49
7.54
7.59
7.61
7.75
7.89
7.98
8.09
8.18
8.27
8.35
8.49
8.67
8.77
8.91
9.05
9.15
9.27
9.42
9.59
9.74
9.8
9.99
10.2
10.33
10.54
10.71
10.86
11.04
11.28
11.47
11.74
11.99
12.21
12.4
12.63
12.88
13.17
13.39
13.73
14.13
14.46
14.85
15.3
15.94
16.54
17.1
18.0
20.08
21.89
24.04
