0.150599
0.150599
0.152957
0.152957
0.154693
0.154693
0.156479
0.156479
0.156804
0.156804
0.158229
0.158229
0.158957
0.158957
0.168203
0.168203
0.169425
0.169975
0.169975
0.173578
0.173578
0.178395
0.178395
0.17921
0.17921
0.179856
0.179856
0.180482
0.180482
0.181938
0.181938
0.183796
0.183796
0.188167
0.188167
0.188523
0.188523
0.189072
0.189072
0.197069
0.197069
0.200553
0.200553
0.201285
0.210016
0.210016
0.211878
0.211878
0.212691
0.212691
0.215413
0.215413
0.215685
0.215685
0.22266
0.22266
0.234931
0.234931
0.240959
0.240959
0.244209
0.244209
0.248021
0.254496
0.254496
0.26615
0.26615
0.268172
0.268172
0.275882
0.275882
0.275911
0.275911
0.276049
0.276049
0.277955
0.280368
0.280368
0.283276
0.283276
0.288107
0.288107
0.28962
0.28962
0.290575
0.290575
0.29197
0.29197
0.296661
0.296661
0.300645
0.304142
0.304142
0.306017
0.31009
0.31009
0.316302
0.316302
0.317711
0.317711
0.319873
0.319873
0.324852
0.327209
0.327209
0.329496
0.329496
0.33384
0.33384
0.336639
0.336639
0.339845
0.344759
0.344759
0.345931
0.345931
0.350151
0.359365
0.359365
0.360379
0.360379
0.368062
0.368062
0.370527
0.370527
0.375588
0.3763
0.376558
0.376558
0.379819
0.380059
0.382657
0.382657
0.385767
0.385767
0.390997
0.390997
0.39163
0.392467
0.392467
0.393527
0.393527
0.393764
0.393764
0.394731
0.394731
0.398122
0.399971
0.399971
0.401609
0.402009
0.403482
0.403482
0.404347
0.40772
0.40772
0.411292
0.411292
0.411748
0.411748
0.414681
0.414681
0.4232
0.423607
0.425275
0.425275
0.428523
0.428523
0.431377
0.434959
0.435398
0.435844
0.436932
0.441375
0.441375
0.442374
0.4433
0.4433
0.444989
0.445004
0.445004
0.445056
0.445056
0.446654
0.446654
0.44835
0.451962
0.451962
0.45253
0.45253
0.452974
0.454646
0.455898
0.455898
0.456868
0.45773
0.45773
0.46264
0.463249
0.466219
0.466219
0.468652
0.468652
0.469474
0.471354
0.471354
0.478491
0.480338
0.483082
0.483082
0.487848
0.487848
0.492747
0.492747
0.495755
0.500496
0.500496
0.503791
0.503791
0.50464
0.506351
0.506351
0.510608
0.517465
0.519313
0.51969
0.519737
0.519737
0.520105
0.523528
0.52436
0.524411
0.524411
0.52465
0.52465
0.529745
0.530541
0.530766
0.532058
0.535451
0.535451
0.538205
0.538205
0.545285
0.554143
0.554143
0.554236
0.556078
0.556078
0.562653
0.56537
0.569101
0.569101
0.571293
0.573526
0.573526
0.575732
0.575732
0.584738
0.584738
0.586939
0.586939
0.587198
0.587198
0.592756
0.596778
0.604029
0.605012
0.605581
0.605695
0.611873
0.614241
0.614241
0.617336
0.617336
0.620993
0.620993
0.627777
0.627777
0.635236
0.635236
0.636301
0.637178
0.637178
0.637532
0.640914
0.642924
0.64407
0.64407
0.646725
0.64698
0.650707
0.650707
0.651553
0.653046
0.653046
0.658989
0.660696
0.664179
0.665781
0.665781
0.669466
0.669921
0.670041
0.670041
0.672495
0.682109
0.683642
0.691085
0.691085
0.692826
0.695721
0.698954
0.700909
0.702849
0.7083
0.708678
0.708678
0.712628
0.712628
0.716243
0.724734
0.725998
0.726706
0.726706
0.731748
0.731748
0.735162
0.735362
0.752422
0.755511
0.758118
0.758118
0.761291
0.761291
0.761415
0.768088
0.77025
0.77025
0.77046
0.780079
0.780079
0.780501
0.786439
0.790362
0.795306
0.803524
0.804865
0.810246
0.814425
0.815601
0.822835
0.82659
0.842222
0.842222
0.848032
0.849978
0.852225
0.865078
0.870109
0.886425
0.909127
0.921257
0.922746
0.942257
0.943095
0.943095
0.96578
0.968333
0.97094
0.97094
0.992964
0.99996
1.00592
1.01211
1.01246
1.02229
1.05103
1.05254
1.05278
1.05879
1.07314
1.10034
1.10661
1.1069
1.12208
1.12887
1.13506
1.13635
1.1515
1.16832
1.17788
1.19127
1.22237
1.24971
1.26641
1.28388
1.37491
1.53564
1.85179
