0.03
0.09
0.16
0.24
0.33
0.48
0.54
0.63
0.66
0.73
0.76
0.83
0.88
0.91
0.94
0.95
0.97
1.02
1.05
1.09
1.12
1.13
1.16
1.16
1.16
1.18
1.19
1.19
1.2
1.21
1.23
1.26
1.29
1.38
1.4
1.45
1.48
1.5
1.5
1.51
1.51
1.55
1.56
1.59
1.59
1.64
1.65
1.66
1.66
1.71
1.73
1.73
1.73
1.76
1.8
1.87
1.92
1.94
1.98
2.0
2.04
2.07
2.1
2.11
2.16
2.2
2.24
2.27
2.28
2.32
2.35
2.36
2.36
2.4
2.42
2.43
2.45
2.46
2.51
2.54
2.54
2.59
2.6
2.62
2.64
2.65
2.65
2.66
2.66
2.67
2.67
2.68
2.7
2.71
2.71
2.77
2.79
2.81
2.82
2.82
2.84
2.85
2.86
2.87
2.89
2.92
2.93
2.97
2.97
2.99
3.02
3.03
3.05
3.08
3.15
3.18
3.24
3.28
3.33
3.38
3.41
3.45
3.49
3.54
3.55
3.56
3.57
3.61
3.61
3.63
3.66
3.67
3.67
3.69
3.71
3.73
3.76
3.78
3.83
3.83
3.85
3.89
3.9
3.9
3.91
3.93
3.96
3.97
3.99
3.99
4.0
4.02
4.05
4.06
4.09
4.12
4.14
4.19
4.2
4.22
4.24
4.26
4.28
4.32
4.36
4.38
4.39
4.42
4.44
4.52
4.53
4.54
4.57
4.6
4.63
4.68
4.72
4.75
4.77
4.8
4.82
4.82
4.83
4.83
4.84
4.84
4.86
4.9
4.92
4.96
5.01
5.04
5.06
5.07
5.1
5.11
5.17
5.2
5.24
5.24
5.27
5.32
5.36
5.38
5.42
5.45
5.49
5.53
5.53
5.57
5.6
5.61
5.63
5.65
5.66
5.67
5.69
5.72
5.73
5.74
5.78
5.8
5.86
5.89
5.92
5.96
6.0
6.05
6.07
6.07
6.09
6.09
6.13
6.16
6.16
6.17
6.2
6.24
6.26
6.28
6.28
6.3
6.35
6.38
6.43
6.48
6.55
6.61
6.65
6.68
6.7
6.73
6.74
6.75
6.75
6.76
6.8
6.81
6.86
6.88
6.92
6.94
7.0
7.06
7.09
7.11
7.16
7.17
7.19
7.24
7.26
7.29
7.3
7.36
7.37
7.41
7.45
7.5
7.54
7.55
7.61
7.66
7.68
7.7
7.72
7.77
7.8
7.83
7.86
7.87
7.89
7.9
7.95
8.01
8.06
8.09
8.15
8.19
8.21
8.24
8.29
8.33
8.35
8.37
8.39
8.44
8.49
8.51
8.54
8.57
8.6
8.63
8.67
8.68
8.69
8.72
8.76
8.81
8.89
8.95
9.03
9.09
9.14
9.17
9.18
9.19
9.23
9.28
9.31
9.34
9.37
9.41
9.45
9.49
9.53
9.55
9.57
9.6
9.63
9.66
9.71
9.74
9.84
9.9
9.99
10.01
10.09
10.12
10.16
10.19
10.22
10.27
10.31
10.32
10.36
10.4
10.42
10.46
10.52
10.58
10.6
10.68
10.75
10.86
10.93
10.98
11.06
11.08
11.12
11.17
11.19
11.23
11.26
11.32
11.4
11.5
11.55
11.6
11.67
11.74
11.81
11.88
11.95
12.02
12.06
12.11
12.15
12.21
12.26
12.31
12.4
12.49
12.54
12.64
12.7
12.82
12.85
12.91
13.02
13.12
13.22
13.3
13.37
13.48
13.56
13.62
13.73
13.82
13.96
14.05
14.16
14.27
14.36
14.44
14.59
14.68
14.83
14.94
15.1
15.22
15.35
15.46
15.61
15.71
15.89
16.04
16.2
16.4
16.53
16.66
16.85
17.09
17.34
17.57
17.88
18.23
18.47
18.84
19.1
19.51
20.04
20.64
21.26
22.17
23.46
25.23
28.72
32.21
34.57
44.95
