0.01
0.11
0.17
0.3
0.42
0.52
0.54
0.62
0.71
0.75
0.79
0.86
0.92
0.94
0.95
0.96
0.98
0.98
0.98
0.98
0.98
0.98
0.98
0.98
0.98
0.99
1.01
1.02
1.03
1.07
1.09
1.16
1.2
1.23
1.26
1.27
1.28
1.29
1.33
1.37
1.42
1.42
1.45
1.47
1.5
1.56
1.61
1.61
1.64
1.67
1.69
1.7
1.72
1.74
1.75
1.78
1.78
1.81
1.83
1.83
1.86
1.86
1.88
1.91
1.95
1.95
1.96
1.98
1.99
2
2.02
2.03
2.03
2.04
2.06
2.07
2.1
2.12
2.12
2.14
2.17
2.18
2.22
2.24
2.27
2.3
2.33
2.36
2.37
2.39
2.4
2.4
2.4
2.42
2.42
2.43
2.44
2.48
2.51
2.54
2.56
2.56
2.58
2.59
2.59
2.6
2.62
2.62
2.62
2.64
2.67
2.68
2.7
2.71
2.71
2.72
2.77
2.79
2.82
2.89
2.92
2.95
2.99
3
3.03
3.09
3.13
3.14
3.15
3.21
3.23
3.23
3.26
3.29
3.32
3.32
3.32
3.36
3.36
3.37
3.38
3.39
3.42
3.42
3.43
3.45
3.49
3.49
3.52
3.56
3.57
3.62
3.62
3.63
3.68
3.71
3.71
3.71
3.71
3.73
3.76
3.81
3.84
3.86
3.89
3.9
3.94
3.99
4.01
4.03
4.05
4.06
4.11
4.13
4.15
4.16
4.18
4.18
4.2
4.2
4.21
4.21
4.23
4.26
4.27
4.3
4.33
4.34
4.34
4.35
4.42
4.47
4.48
4.49
4.5
4.53
4.59
4.64
4.71
4.75
4.78
4.8
4.81
4.84
4.86
4.91
4.93
5.02
5.03
5.07
5.08
5.08
5.1
5.11
5.11
5.12
5.16
5.18
5.19
5.21
5.23
5.25
5.27
5.3
5.32
5.32
5.37
5.43
5.49
5.54
5.6
5.67
5.7
5.71
5.74
5.78
5.85
5.86
5.92
5.94
5.96
6.01
6.01
6.05
6.08
6.09
6.13
6.14
6.14
6.15
6.16
6.19
6.22
6.25
6.27
6.28
6.29
6.34
6.35
6.37
6.39
6.43
6.49
6.54
6.58
6.67
6.73
6.79
6.83
6.87
6.9
6.93
6.94
6.96
7
7.05
7.06
7.08
7.1
7.13
7.14
7.19
7.19
7.2
7.2
7.21
7.24
7.26
7.3
7.35
7.38
7.41
7.45
7.53
7.6
7.63
7.67
7.72
7.77
7.79
7.85
7.88
7.89
7.92
7.97
8
8.04
8.07
8.11
8.15
8.17
8.18
8.22
8.23
8.28
8.3
8.33
8.36
8.37
8.39
8.4
8.45
8.5
8.54
8.63
8.67
8.71
8.76
8.81
8.86
8.9
8.94
8.99
9.02
9.02
9.06
9.1
9.13
9.17
9.19
9.2
9.25
9.31
9.32
9.4
9.42
9.5
9.58
9.62
9.67
9.73
9.79
9.85
9.91
9.91
9.95
10
10.04
10.05
10.07
10.08
10.12
10.14
10.21
10.24
10.31
10.35
10.47
10.49
10.53
10.56
10.61
10.67
10.73
10.75
10.8
10.88
10.9
10.94
10.98
11.03
11.06
11.08
11.15
11.18
11.23
11.27
11.29
11.31
11.41
11.49
11.59
11.65
11.67
11.69
11.71
11.8
11.87
11.98
12.04
12.06
12.11
12.15
12.23
12.25
12.28
12.35
12.41
12.47
12.57
12.62
12.68
12.72
12.78
12.82
12.86
12.98
12.99
13.03
13.09
13.18
13.26
13.32
13.34
13.41
13.51
13.59
13.69
13.75
13.82
13.91
13.95
14.03
14.13
14.19
14.25
14.36
14.42
14.45
14.52
14.58
14.69
14.79
14.88
14.97
15.07
15.14
15.19
15.28
15.37
15.47
15.55
15.67
15.75
15.84
15.94
16.02
16.12
16.19
16.31
16.4
16.5
16.58
16.72
16.84
16.91
16.99
17.18
17.32
17.43
17.59
17.68
17.82
17.97
18.11
18.32
18.45
18.53
18.76
18.96
19.11
19.29
19.46
19.73
19.91
20.17
20.52
20.75
21.04
21.53
22.03
22.59
23.13
23.75
24.54
25.71
27.11
29.94
32.37
35.51
