0.151532
0.151532
0.153317
0.153317
0.155446
0.155446
0.15748
0.157492
0.159742
0.159747
0.1634
0.163468
0.166134
0.166325
0.169272
0.16954
0.172449
0.172676
0.175669
0.176053
0.179256
0.179421
0.182416
0.182831
0.186104
0.186595
0.189229
0.189725
0.19312
0.193586
0.196308
0.196706
0.199626
0.200146
0.202225
0.202822
0.204781
0.205552
0.207468
0.20803
0.210236
0.210907
0.212798
0.213776
0.216101
0.216795
0.218876
0.219664
0.221454
0.222281
0.22415
0.224969
0.226856
0.227714
0.229261
0.230435
0.231892
0.23304
0.234323
0.235527
0.237176
0.238439
0.23976
0.240992
0.242502
0.244207
0.24523
0.246328
0.247475
0.248601
0.249576
0.250552
0.251709
0.252573
0.253578
0.25466
0.255731
0.25703
0.257909
0.259056
0.260221
0.261355
0.262713
0.263483
0.264616
0.26526
0.266465
0.267431
0.268876
0.269865
0.271121
0.271829
0.273199
0.274137
0.275689
0.276782
0.277828
0.278826
0.27994
0.281301
0.282085
0.283133
0.284171
0.285325
0.286222
0.287351
0.28812
0.289361
0.290288
0.291148
0.292276
0.293137
0.294273
0.295443
0.296375
0.297465
0.298524
0.299549
0.300676
0.30155
0.302788
0.303827
0.305066
0.306027
0.307103
0.308069
0.309105
0.309926
0.310866
0.311833
0.312612
0.313604
0.314578
0.315576
0.316411
0.317803
0.318864
0.319867
0.320926
0.321662
0.322791
0.323581
0.32442
0.32539
0.326556
0.327285
0.328207
0.328957
0.329789
0.33093
0.331995
0.332751
0.333616
0.334597
0.335451
0.336448
0.337485
0.338351
0.339506
0.3403
0.341544
0.342377
0.343406
0.344211
0.345347
0.346455
0.34731
0.348384
0.349402
0.350498
0.351292
0.35238
0.353335
0.354166
0.355331
0.356382
0.357481
0.35831
0.359304
0.360094
0.360967
0.36224
0.363356
0.364687
0.365692
0.366852
0.367903
0.368894
0.369724
0.371003
0.372197
0.373298
0.37444
0.375468
0.376662
0.377825
0.378881
0.37985
0.380933
0.382098
0.383217
0.38427
0.385252
0.386375
0.387608
0.388608
0.389593
0.390492
0.391572
0.392565
0.39346
0.394542
0.395682
0.396736
0.397675
0.398851
0.399796
0.400702
0.401662
0.402605
0.40375
0.404856
0.406076
0.407135
0.408215
0.409583
0.410645
0.41182
0.412902
0.413987
0.415135
0.416028
0.417032
0.418145
0.41927
0.420447
0.421724
0.422978
0.423913
0.425075
0.42602
0.42675
0.4279
0.42888
0.43003
0.430986
0.432185
0.433246
0.434254
0.435101
0.436196
0.437362
0.438743
0.439572
0.440773
0.441616
0.442832
0.443796
0.444975
0.446309
0.447763
0.448914
0.449925
0.451194
0.452337
0.453478
0.454626
0.455689
0.456973
0.458316
0.459289
0.460397
0.461488
0.462679
0.46383
0.465052
0.466442
0.467896
0.469405
0.470396
0.471954
0.473218
0.474734
0.476062
0.477133
0.478785
0.479966
0.481344
0.482768
0.484099
0.485652
0.487005
0.488455
0.489669
0.490866
0.492057
0.493154
0.494447
0.495911
0.497587
0.499075
0.500258
0.50153
0.50265
0.503979
0.505253
0.506521
0.5077
0.50873
0.510033
0.511352
0.5128
0.514116
0.515444
0.516561
0.517941
0.519133
0.520353
0.521427
0.522689
0.524221
0.525305
0.526702
0.527704
0.52888
0.530018
0.531596
0.532418
0.533819
0.53509
0.536337
0.537427
0.538682
0.540165
0.541295
0.542312
0.543428
0.544774
0.545776
0.547158
0.548474
0.549552
0.550996
0.552205
0.553447
0.554827
0.556062
0.557509
0.558716
0.560521
0.561933
0.562907
0.564194
0.565468
0.566542
0.567993
0.569414
0.571476
0.573257
0.574856
0.576079
0.577813
0.5795
0.581087
0.583032
0.584757
0.586225
0.587982
0.589689
0.591431
0.593278
0.595121
0.596773
0.59827
0.599603
0.600963
0.602418
0.6044
0.605738
0.606817
0.608848
0.610878
0.612445
0.613901
0.615727
0.617236
0.619124
0.620808
0.622505
0.624582
0.626194
0.627952
0.629801
0.632093
0.634263
0.635961
0.638191
0.64025
0.642282
0.644536
0.646471
0.648153
0.6497
0.651177
0.653087
0.655543
0.657462
0.659803
0.661368
0.66362
0.665734
0.668095
0.670183
0.67246
0.674713
0.677422
0.679753
0.681669
0.684531
0.686546
0.688717
0.691596
0.694433
0.69688
0.699371
0.701347
0.704139
0.706415
0.709434
0.71195
0.71427
0.717336
0.719975
0.722003
0.72463
0.727787
0.730525
0.733261
0.736993
0.739643
0.743118
0.746086
0.748912
0.751408
0.754455
0.758226
0.762232
0.765531
0.768629
0.772385
0.775786
0.779811
0.784276
0.788462
0.792851
0.798042
0.802393
0.807534
0.812498
0.818255
0.824376
0.8297
0.835791
0.841759
0.84885
0.85546
0.860803
0.866677
0.87297
0.878865
0.885963
0.893586
0.901685
0.908624
0.91614
0.92309
0.933056
0.94022
0.949189
0.956772
0.965733
0.974389
0.9838
0.996351
1.00845
1.02011
1.03512
1.05139
1.06451
1.07753
1.10124
1.14056
1.16661
1.20131
1.22428
1.25374
1.27799
1.3125
1.35311
1.52016
