0.11
0.38
0.54
0.69
0.71
0.74
0.76
0.78
0.81
0.83
0.83
0.84
0.86
0.86
0.86
0.89
0.93
1.0
1.04
1.16
1.19
1.21
1.27
1.29
1.34
1.38
1.41
1.47
1.55
1.57
1.58
1.62
1.62
1.63
1.63
1.66
1.67
1.67
1.67
1.68
1.7
1.72
1.73
1.74
1.74
1.75
1.76
1.78
1.82
1.86
1.89
1.92
1.95
1.96
1.97
2.01
2.07
2.13
2.15
2.18
2.22
2.31
2.36
2.4
2.42
2.46
2.46
2.52
2.56
2.57
2.6
2.62
2.65
2.69
2.7
2.7
2.71
2.76
2.76
2.79
2.85
2.86
2.9
2.95
2.99
3.04
3.1
3.16
3.25
3.28
3.35
3.4
3.49
3.55
3.58
3.6
3.62
3.65
3.67
3.68
3.73
3.76
3.89
3.95
4.04
4.09
4.17
4.2
4.24
4.3
4.35
4.4
4.51
4.54
4.69
4.78
4.89
5.01
5.11
5.2
5.29
5.38
5.5
5.58
5.67
5.83
5.98
6.11
6.25
6.41
6.56
6.72
6.84
7.05
7.27
7.53
7.76
8.18
8.57
8.88
9.48
10.01
10.65
11.41
12.12
13.13
14.28
15.84
18.29
28.89
