0.22
0.44
0.64
0.88
1.02
1.12
1.2
1.27
1.3
1.41
1.52
1.66
1.79
1.97
2.11
2.24
2.36
2.49
2.59
2.65
2.7
2.79
2.88
2.99
3.09
3.19
3.28
3.4
3.44
3.55
3.62
3.75
3.76
3.83
3.89
3.93
4
4.12
4.19
4.25
4.3
4.41
4.45
4.48
4.55
4.57
4.62
4.7
4.78
4.83
4.89
4.93
4.97
5.04
5.08
5.13
5.25
5.29
5.38
5.41
5.47
5.52
5.56
5.61
5.65
5.7
5.74
5.79
5.79
5.85
5.89
5.97
6.03
6.1
6.15
6.22
6.27
6.3
6.33
6.42
6.46
6.5
6.56
6.6
6.65
6.7
6.73
6.74
6.78
6.83
6.89
6.92
7
7.07
7.11
7.13
7.16
7.19
7.24
7.27
7.33
7.37
7.4
7.42
7.43
7.49
7.55
7.59
7.66
7.7
7.8
7.86
7.89
7.93
7.94
7.97
8.02
8.07
8.13
8.16
8.22
8.26
8.3
8.32
8.37
8.4
8.42
8.46
8.5
8.53
8.58
8.62
8.67
8.75
8.76
8.78
8.82
8.83
8.88
8.91
8.98
9
9.02
9.06
9.08
9.12
9.17
9.19
9.23
9.29
9.33
9.36
9.41
9.47
9.5
9.56
9.61
9.63
9.65
9.67
9.68
9.72
9.72
9.77
9.83
9.84
9.9
9.93
9.96
10
10.06
10.1
10.15
10.19
10.22
10.23
10.28
10.32
10.38
10.39
10.4
10.44
10.46
10.48
10.51
10.56
10.57
10.59
10.6
10.66
10.68
10.69
10.7
10.78
10.87
10.9
10.93
10.97
10.98
11.02
11.04
11.08
11.12
11.15
11.21
11.24
11.27
11.33
11.36
11.36
11.4
11.4
11.41
11.43
11.48
11.5
11.52
11.55
11.6
11.61
11.7
11.75
11.75
11.79
11.87
11.9
11.95
12.01
12.04
12.05
12.07
12.12
12.18
12.21
12.22
12.23
12.28
12.31
12.33
12.36
12.41
12.41
12.41
12.44
12.5
12.53
12.55
12.58
12.58
12.59
12.61
12.63
12.66
12.71
12.76
12.81
12.84
12.89
12.92
12.95
12.98
12.99
13.03
13.06
13.1
13.12
13.18
13.22
13.24
13.26
13.26
13.3
13.35
13.35
13.38
13.4
13.43
13.47
13.48
13.49
13.5
13.54
13.58
13.62
13.66
13.7
13.75
13.79
13.82
13.85
13.88
13.91
13.94
13.95
13.97
14
14.01
14.03
14.03
14.05
14.07
14.1
14.11
14.14
14.17
14.22
14.23
14.27
14.33
14.35
14.36
14.42
14.42
14.48
14.51
14.53
14.58
14.6
14.61
14.63
14.64
14.69
14.72
14.75
14.79
14.81
14.84
14.87
14.89
14.91
14.96
14.97
14.97
14.99
14.99
15
15.04
15.08
15.08
15.11
15.13
15.15
15.17
15.19
15.21
15.25
15.28
15.31
15.36
15.38
15.41
15.44
15.48
15.52
15.52
15.55
15.6
15.62
15.64
15.69
15.71
15.72
15.74
15.76
15.77
15.78
15.81
15.83
15.86
15.89
15.89
15.92
15.96
15.99
16.03
16.04
16.09
16.11
16.14
16.17
16.2
16.24
16.28
16.28
16.3
16.35
16.36
16.37
16.38
16.41
16.46
16.47
16.48
16.51
16.56
16.58
16.6
16.62
16.62
16.63
16.66
16.67
16.68
16.69
16.7
16.72
16.74
16.78
16.82
16.87
16.92
16.96
16.98
16.99
17.04
17.07
17.09
17.11
17.12
17.18
17.18
17.21
17.22
17.22
17.23
17.26
17.28
17.3
17.34
17.36
17.39
17.4
17.41
17.47
17.48
17.5
17.5
17.51
17.54
17.61
17.63
17.65
17.67
17.68
17.69
17.69
17.7
17.76
17.77
17.8
17.81
17.85
17.89
17.91
17.95
17.98
17.99
18.01
18.02
18.08
18.11
18.13
18.16
18.2
18.24
18.26
18.3
18.33
18.35
18.4
18.4
18.42
18.43
18.43
18.48
18.49
18.5
18.51
18.51
18.53
18.56
18.59
18.62
18.63
18.65
18.66
18.67
18.67
18.7
18.74
18.77
18.8
18.81
18.84
18.87
18.89
18.91
18.96
18.98
19.01
19.05
19.09
19.11
19.14
19.19
19.21
19.22
19.25
19.26
19.27
19.29
19.33
19.33
19.36
19.39
19.46
19.48
19.5
19.52
19.53
19.54
19.54
19.54
19.57
19.6
19.62
19.63
19.64
19.67
19.69
19.7
19.73
19.75
19.75
19.8
19.82
19.85
19.89
19.92
19.96
19.97
19.97
20
20.02
20.06
20.07
20.1
20.12
20.14
20.16
20.19
20.2
20.21
20.25
20.27
20.31
20.33
20.33
20.34
20.36
20.4
20.43
20.44
20.45
20.49
20.52
20.54
20.54
20.55
20.59
20.6
20.66
20.67
20.7
20.72
20.73
20.73
20.75
20.78
20.8
20.82
20.84
20.88
20.91
20.96
20.99
21
21.02
21.04
21.11
21.12
21.16
21.18
21.19
21.22
21.24
21.26
21.27
21.27
21.3
21.32
21.35
21.38
21.4
21.42
21.46
21.47
21.49
21.51
21.53
21.54
21.56
21.58
21.61
21.61
21.65
21.67
21.71
21.73
21.74
21.75
21.78
21.79
21.83
21.85
21.85
21.88
21.89
21.91
21.92
21.96
22.01
22.04
22.06
22.07
22.1
22.12
22.13
22.14
22.17
22.24
22.28
22.3
22.32
22.38
22.4
22.43
22.46
22.48
22.49
22.5
22.51
22.54
22.55
22.57
22.6
22.61
22.61
22.66
22.69
22.71
22.73
22.75
22.8
22.81
22.81
22.82
22.84
22.86
22.87
22.89
22.91
22.94
22.97
23.01
23.03
23.06
23.09
23.11
23.13
23.16
23.19
23.21
23.23
23.24
23.27
23.31
23.34
23.37
23.41
23.45
23.46
23.46
23.49
23.51
23.58
23.62
23.63
23.67
23.67
23.71
23.74
23.74
23.76
23.8
23.82
23.84
23.84
23.86
23.89
23.9
23.93
23.94
23.99
24.02
24.05
24.07
24.11
24.16
24.2
24.23
24.27
24.3
24.33
24.33
24.35
24.36
24.38
24.38
24.41
24.43
24.44
24.45
24.5
24.56
24.58
24.6
24.63
24.68
24.7
24.7
24.73
24.74
24.78
24.82
24.87
24.89
24.92
24.96
24.97
25.01
25.04
25.09
25.12
25.16
25.17
25.18
25.19
25.21
25.23
25.26
25.28
25.3
25.34
25.36
25.37
25.43
25.46
25.5
25.54
25.56
25.57
25.6
25.64
25.67
25.72
25.74
25.75
25.75
25.82
25.87
25.88
25.91
25.97
25.98
25.98
25.99
26.04
26.08
26.11
26.13
26.15
26.16
26.17
26.2
26.22
26.26
26.28
26.32
26.35
26.4
26.42
26.45
26.5
26.53
26.59
26.61
26.64
26.67
26.7
26.72
26.74
26.78
26.79
26.82
26.85
26.9
26.92
26.93
26.95
26.96
27.01
27.03
27.09
27.1
27.12
27.16
27.18
27.25
27.26
27.28
27.35
27.39
27.4
27.46
27.51
27.54
27.57
27.59
27.62
27.64
27.67
27.71
27.73
27.77
27.82
27.89
27.91
27.93
27.94
27.97
28
28.03
28.07
28.09
28.16
28.22
28.25
28.29
28.34
28.36
28.39
28.42
28.46
28.48
28.5
28.57
28.61
28.66
28.72
28.77
28.78
28.79
28.82
28.84
28.88
28.95
29
29.03
29.07
29.13
29.19
29.25
29.29
29.34
29.35
29.39
29.43
29.46
29.5
29.57
29.63
29.64
29.69
29.73
29.81
29.87
29.92
30.01
30.04
30.08
30.14
30.15
30.25
30.29
30.33
30.39
30.42
30.52
30.57
30.6
30.68
30.76
30.81
30.84
30.91
30.94
31.02
31.08
31.19
31.27
31.34
31.38
31.45
31.5
31.59
31.64
31.65
31.69
31.82
31.9
32
32.08
32.13
32.19
32.27
32.34
32.43
32.53
32.62
32.72
32.76
32.86
32.94
33.06
33.14
33.22
33.31
33.36
33.46
33.58
33.68
33.75
33.83
33.97
34.05
34.13
34.27
34.39
34.5
34.62
34.77
34.84
34.93
35.13
35.26
35.39
35.54
35.66
35.78
35.9
36
36.13
36.29
36.44
36.58
36.77
36.95
37.14
37.33
37.57
37.79
38
38.18
38.35
38.56
38.81
39.11
39.35
39.59
39.96
40.34
40.77
41.23
41.82
42.46
43.14
44.15
45.62
48.04
