0.152999
0.152999
0.153409
0.153409
0.154565
0.154565
0.162115
0.162115
0.164245
0.164245
0.165083
0.165083
0.167861
0.167861
0.179403
0.179403
0.180652
0.180652
0.189124
0.189124
0.18916
0.18916
0.192573
0.192573
0.192639
0.192639
0.192778
0.192778
0.194124
0.194124
0.194566
0.194566
0.195453
0.195597
0.195597
0.196116
0.196116
0.199067
0.199067
0.199944
0.199944
0.200883
0.200883
0.201231
0.201231
0.202197
0.202197
0.203825
0.203825
0.204144
0.204144
0.206935
0.206935
0.207082
0.208311
0.208311
0.209485
0.209485
0.215997
0.215997
0.21757
0.21757
0.218917
0.218917
0.219203
0.219203
0.219368
0.219368
0.220214
0.220286
0.220286
0.222412
0.222412
0.22341
0.22341
0.223873
0.223873
0.224501
0.224501
0.225872
0.225872
0.226672
0.226672
0.228142
0.228142
0.229852
0.229852
0.230797
0.230797
0.230985
0.230985
0.231892
0.231892
0.233959
0.233959
0.233999
0.233999
0.234193
0.234193
0.236616
0.236616
0.238212
0.238212
0.239463
0.239463
0.240176
0.240176
0.240217
0.240217
0.240755
0.240755
0.241521
0.241521
0.241782
0.241782
0.24187
0.242601
0.242601
0.243202
0.243588
0.243588
0.244184
0.244184
0.244802
0.244822
0.244822
0.245969
0.245969
0.24678
0.24678
0.247107
0.247752
0.247752
0.249102
0.249102
0.249238
0.249238
0.249368
0.249368
0.250109
0.251144
0.251144
0.251545
0.251545
0.254179
0.254179
0.254999
0.254999
0.256042
0.256336
0.256336
0.256621
0.256735
0.257038
0.258321
0.258809
0.259057
0.259057
0.259373
0.259373
0.259434
0.259634
0.259634
0.260487
0.260487
0.262436
0.262436
0.2629
0.2629
0.262909
0.262909
0.263459
0.263459
0.263682
0.263682
0.264054
0.264054
0.264784
0.264784
0.264818
0.264818
0.265459
0.265459
0.265463
0.265966
0.265966
0.266842
0.268985
0.270532
0.270532
0.270794
0.270794
0.271872
0.271872
0.273887
0.273887
0.274521
0.274521
0.274632
0.274632
0.274739
0.274739
0.275759
0.275759
0.27578
0.27578
0.277645
0.277645
0.279115
0.279115
0.279258
0.279258
0.279352
0.27958
0.27958
0.28014
0.28014
0.280801
0.280823
0.280823
0.281027
0.281542
0.281576
0.281908
0.281908
0.282099
0.282099
0.282862
0.282862
0.283839
0.283839
0.283983
0.283983
0.284192
0.284192
0.284576
0.284576
0.284781
0.284781
0.285004
0.28555
0.28555
0.285607
0.285607
0.285889
0.286012
0.286733
0.286733
0.286984
0.286984
0.287151
0.287151
0.287607
0.287624
0.288368
0.288368
0.288562
0.289117
0.289117
0.289164
0.289164
0.289608
0.289693
0.289928
0.289928
0.289988
0.290257
0.290257
0.291518
0.291518
0.291852
0.291852
0.29273
0.293503
0.293797
0.293797
0.294374
0.294374
0.294398
0.294398
0.294434
0.294434
0.295076
0.295076
0.295096
0.295277
0.295566
0.295682
0.295682
0.295684
0.295684
0.295898
0.295898
0.29614
0.296234
0.296735
0.296735
0.297309
0.297309
0.297775
0.297775
0.297852
0.297852
0.297891
0.297891
0.298282
0.298282
0.299083
0.299467
0.299467
0.299726
0.299726
0.300134
0.300134
0.300587
0.300587
0.30092
0.301077
0.301309
0.301309
0.302344
0.302765
0.303655
0.304174
0.304925
0.304925
0.305136
0.305362
0.306297
0.308074
0.308377
0.308377
0.308734
0.308734
0.309173
0.309173
0.309315
0.309315
0.309568
0.309568
0.310505
0.310505
0.310777
0.310777
0.310917
0.311242
0.311242
0.311276
0.311276
0.311876
0.312337
0.312337
0.312681
0.312681
0.313193
0.313567
0.315154
0.315154
0.315847
0.315847
0.316202
0.316202
0.317199
0.31725
0.31725
0.317428
0.317598
0.317598
0.31812
0.31812
0.318776
0.318776
0.318939
0.318939
0.319372
0.319381
0.319381
0.319565
0.319565
0.320029
0.320173
0.320739
0.320739
0.320833
0.320833
0.320847
0.320847
0.321208
0.322125
0.322125
0.322561
0.322561
0.322881
0.322881
0.322961
0.323914
0.324629
0.3248
0.3248
0.324858
0.325647
0.326592
0.327519
0.327519
0.327797
0.32858
0.32858
0.328589
0.32939
0.32939
0.329484
0.330065
0.330607
0.33071
0.3312
0.3312
0.33123
0.33123
0.331306
0.331306
0.331618
0.331618
0.331992
0.331992
0.332028
0.333613
0.33392
0.33392
0.333965
0.333965
0.334025
0.334025
0.334122
0.334726
0.334972
0.334972
0.335005
0.335005
0.3353
0.3353
0.335413
0.335569
0.335569
0.335573
0.335967
0.336475
0.336475
0.336575
0.336628
0.33666
0.337142
0.337448
0.337448
0.337737
0.337737
0.337891
0.337891
0.337941
0.337941
0.338643
0.339358
0.339358
0.339436
0.339479
0.339561
0.339774
0.339774
0.339806
0.339977
0.34132
0.34132
0.342605
0.342612
0.342793
0.342793
0.343297
0.344487
0.344487
0.344945
0.344945
0.345101
0.345111
0.345111
0.345469
0.345548
0.345548
0.345816
0.345816
0.345847
0.346495
0.346692
0.346817
0.347052
0.348232
0.348313
0.348313
0.348322
0.348915
0.349598
0.349747
0.349747
0.349802
0.349802
0.350028
0.350049
0.350686
0.3509
0.3509
0.351073
0.351211
0.351543
0.351863
0.352305
0.352305
0.352316
0.35236
0.353467
0.355041
0.355041
0.355857
0.356267
0.356267
0.356753
0.356753
0.357366
0.357372
0.357372
0.357588
0.357735
0.357735
0.358052
0.35873
0.358775
0.358775
0.359027
0.359027
0.359639
0.359639
0.359716
0.359716
0.360055
0.360055
0.360389
0.360389
0.361707
0.361973
0.362139
0.362805
0.362805
0.363479
0.363789
0.36388
0.36388
0.365256
0.365328
0.365328
0.365575
0.365601
0.366144
0.366433
0.367401
0.367401
0.367654
0.36784
0.36784
0.368222
0.368222
0.369573
0.369573
0.369942
0.369968
0.372449
0.373351
0.373605
0.373605
0.37384
0.375071
0.375373
0.375373
0.375665
0.375665
0.37606
0.37699
0.379625
0.379629
0.379629
0.380201
0.381365
0.381365
0.38229
0.382319
0.382708
0.382708
0.383662
0.384276
0.386197
0.386197
0.386214
0.386214
0.386631
0.386699
0.386699
0.386899
0.386899
0.388659
0.388711
0.388711
0.38883
0.388867
0.389938
0.390091
0.390091
0.390268
0.390453
0.390453
0.390855
0.390855
0.390935
0.391341
0.391341
0.391547
0.391547
0.392539
0.394106
0.394106
0.394409
0.394485
0.395909
0.396281
0.396781
0.398001
0.398122
0.398122
0.398124
0.398124
0.398372
0.398372
0.398428
0.399118
0.399331
0.399629
0.399629
0.400993
0.400993
0.401146
0.402303
0.402303
0.402492
0.402508
0.402633
0.403244
0.404508
0.404864
0.404864
0.404891
0.404891
0.405209
0.406362
0.406362
0.406988
0.40731
0.408091
0.408854
0.409069
0.409282
0.409441
0.409441
0.409557
0.409767
0.410531
0.411029
0.411549
0.411841
0.411971
0.411971
0.411983
0.412554
0.412554
0.413066
0.414197
0.414497
0.414497
0.415195
0.416786
0.417534
0.41779
0.418253
0.418253
0.418447
0.419695
0.419695
0.419763
0.419921
0.420577
0.421199
0.421199
0.421916
0.421916
0.422947
0.422947
0.423011
0.423011
0.423421
0.423664
0.423664
0.423979
0.424873
0.425562
0.425853
0.425853
0.427297
0.427518
0.427518
0.428137
0.429267
0.429952
0.430678
0.430768
0.431068
0.431068
0.431508
0.432474
0.433944
0.433944
0.433948
0.434359
0.434701
0.434812
0.436064
0.436601
0.437071
0.437239
0.437647
0.437859
0.438264
0.438264
0.43874
0.439458
0.439555
0.440042
0.440814
0.440814
0.440865
0.440865
0.441172
0.441172
0.441424
0.441451
0.441451
0.441654
0.44177
0.441893
0.441893
0.442425
0.443904
0.444763
0.445799
0.445915
0.445915
0.44694
0.447352
0.44788
0.448118
0.448164
0.448164
0.448852
0.450728
0.451197
0.452218
0.452511
0.453352
0.453411
0.453508
0.455155
0.455155
0.455166
0.457944
0.458867
0.459182
0.459806
0.460002
0.460635
0.460729
0.461162
0.462134
0.462337
0.462337
0.465637
0.466174
0.466282
0.468937
0.469369
0.470309
0.47032
0.471157
0.471733
0.471733
0.473308
0.47344
0.47344
0.473446
0.47374
0.473776
0.474602
0.475085
0.476141
0.476141
0.476276
0.476639
0.477349
0.478873
0.478873
0.479062
0.479571
0.480242
0.481071
0.481443
0.481847
0.482678
0.482678
0.482842
0.483222
0.483419
0.484511
0.48702
0.48702
0.487161
0.487565
0.487565
0.489001
0.489456
0.489902
0.491117
0.493185
0.493185
0.494746
0.495474
0.495673
0.49627
0.497137
0.499132
0.499858
0.500386
0.500679
0.501051
0.501374
0.50161
0.503049
0.505183
0.506726
0.506726
0.507796
0.508093
0.508999
0.511087
0.511323
0.511617
0.512183
0.513786
0.515502
0.516917
0.518212
0.518212
0.519305
0.520715
0.521056
0.521259
0.523307
0.524273
0.524273
0.526008
0.526335
0.526335
0.529517
0.529751
0.531942
0.532416
0.534568
0.535318
0.53762
0.539647
0.54466
0.546512
0.547074
0.547839
0.554312
0.555047
0.555047
0.557554
0.558138
0.558138
0.559062
0.560954
0.568658
0.570343
0.571155
0.571155
0.573711
0.57416
0.579428
0.58141
0.582344
0.594143
0.595096
0.595112
0.595112
0.598192
0.598192
0.603767
0.605037
0.605282
0.605282
0.608074
0.60833
0.60833
0.615835
0.616338
0.617538
0.619539
0.619899
0.619912
0.619912
0.620318
0.622552
0.62342
0.628054
0.628054
0.628437
0.628865
0.628865
0.629945
0.631153
0.631153
0.6324
0.634089
0.634089
0.634447
0.635387
0.636024
0.639885
0.644748
0.647494
0.648673
0.651412
0.651412
0.652634
0.652634
0.654075
0.654075
0.657048
0.660236
0.66268
0.666369
0.668346
0.671374
0.674478
0.678018
0.678199
0.681627
0.702541
0.70483
0.706678
0.708307
0.708802
0.711145
0.711954
0.711954
0.71648
0.730412
0.730835
0.737582
0.740154
0.748055
0.748055
0.756863
0.761088
0.768029
0.770049
0.774561
0.782754
0.816605
0.835124
0.835124
0.839578
0.873842
0.888277
0.895948
0.895948
0.896354
0.908388
0.924326
0.941846
1.06744
1.08157
1.09817
1.11663
1.11689
1.13651
1.21324
1.4498
