0.328
0.328
0.328
0.328
0.332
0.333
0.334
0.336
0.338
0.339
0.343
0.349
0.353
0.357
0.364
0.375
0.383
0.389
0.395
0.412
0.425
0.436
0.447
0.459
0.474
0.483
0.496
0.509
0.523
0.54
0.553
0.569
0.59
0.61
0.625
0.646
0.667
0.687
0.715
0.738
0.758
0.782
0.808
0.829
0.853
0.883
0.91
0.928
0.956
0.98
1.001
1.03
1.052
1.079
1.109
1.136
1.167
1.193
1.232
1.267
1.298
1.338
1.372
1.413
1.443
1.485
1.518
1.55
1.587
1.624
1.667
1.71
1.761
1.806
1.862
1.904
1.939
1.978
2.024
2.066
2.115
2.161
2.224
2.305
2.378
2.433
2.486
2.561
2.653
2.821
2.932
3.022
3.148
3.593
3.796
4.123
4.495
4.785
5.181
5.472
