0.154259
0.154259
0.161279
0.161279
0.190935
0.190935
0.194685
0.194685
0.195848
0.195848
0.206939
0.206939
0.216767
0.216767
0.245964
0.245964
0.249076
0.249076
0.259426
0.259426
0.260167
0.260167
0.267341
0.267341
0.270997
0.270997
0.272177
0.278033
0.278033
0.283896
0.283896
0.285778
0.285778
0.289131
0.289131
0.293991
0.293991
0.29468
0.29468
0.301154
0.301154
0.303168
0.303168
0.304132
0.304132
0.311938
0.311938
0.319576
0.319576
0.322271
0.322271
0.329001
0.329942
0.329942
0.332648
0.332648
0.339022
0.339022
0.356837
0.356837
0.360467
0.360467
0.361436
0.361436
0.365072
0.369618
0.369618
0.37544
0.382649
0.382649
0.38565
0.38565
0.386387
0.386387
0.389635
0.395322
0.405984
0.405984
0.410758
0.410758
0.423095
0.426462
0.426462
0.430925
0.430925
0.447948
0.449521
0.450945
0.459065
0.459065
0.469909
0.471901
0.472442
0.472442
0.476136
0.476136
0.479093
0.479583
0.481803
0.481803
0.484989
0.484989
0.487948
0.487948
0.489559
0.494872
0.506985
0.506985
0.512251
0.540998
0.540998
0.541167
0.541167
0.541931
0.541931
0.546303
0.546303
0.549384
0.553928
0.555595
0.558163
0.558163
0.564186
0.564186
0.568836
0.568836
0.57661
0.580304
0.589103
0.594673
0.599715
0.611382
0.619751
0.621263
0.623333
0.623567
0.623567
0.625879
0.632075
0.632122
0.637196
0.637196
0.641
0.641
0.646271
0.646271
0.646565
0.646565
0.652575
0.660292
0.661413
0.678192
0.689589
0.690466
0.690466
0.70078
0.70078
0.704573
0.706007
0.71191
0.713088
0.724122
0.724484
0.728385
0.73218
0.73218
0.733545
0.736186
0.744963
0.753731
0.758479
0.764851
0.771552
0.771552
0.775781
0.775781
0.781344
0.782687
0.789661
0.7943
0.7943
0.796133
0.799489
0.80261
0.81406
0.819824
0.821214
0.821214
0.830442
0.845253
0.859748
0.879398
0.882689
0.915813
0.915813
0.917521
0.917521
0.928887
0.929701
0.935716
0.944713
0.949548
0.976542
0.981023
0.998262
0.999467
1.01264
1.01921
1.02271
1.02827
1.05321
1.05321
1.05749
1.08128
1.08128
1.08293
1.09575
1.10919
1.10919
1.11462
1.11462
1.13014
1.13278
1.14693
1.16886
1.17079
1.20998
1.23511
1.23511
1.28783
1.2946
1.2946
1.31821
1.32308
1.33223
1.40403
1.40791
1.44452
1.4798
1.49555
1.52274
1.57447
1.604
1.64245
1.6563
1.68044
1.80845
1.85687
1.93352
2.37649
