0.11
0.38
0.5
0.55
0.58
0.63
0.67
0.69
0.7
0.73
0.75
0.79
0.81
0.83
0.83
0.88
0.91
0.95
1.0
1.05
1.09
1.16
1.21
1.26
1.26
1.29
1.3
1.33
1.38
1.38
1.38
1.42
1.43
1.43
1.45
1.47
1.48
1.51
1.54
1.54
1.56
1.57
1.58
1.6
1.61
1.64
1.64
1.66
1.7
1.72
1.74
1.77
1.8
1.84
1.87
1.88
1.91
1.95
1.96
1.99
2.0
2.04
2.09
2.09
2.1
2.12
2.15
2.18
2.21
2.24
2.26
2.31
2.35
2.4
2.42
2.46
2.49
2.55
2.59
2.59
2.62
2.66
2.67
2.69
2.72
2.72
2.73
2.75
2.77
2.79
2.79
2.83
2.84
2.92
2.92
2.93
2.96
2.97
2.98
3.02
3.03
3.05
3.06
3.08
3.1
3.12
3.13
3.15
3.15
3.19
3.21
3.25
3.28
3.32
3.38
3.43
3.48
3.56
3.61
3.67
3.7
3.74
3.76
3.77
3.8
3.82
3.85
3.88
3.91
3.93
4.02
4.07
4.11
4.13
4.17
4.22
4.25
4.32
4.33
4.37
4.38
4.4
4.42
4.5
4.54
4.59
4.65
4.72
4.74
4.77
4.83
4.91
4.97
5.01
5.05
5.09
5.15
5.22
5.31
5.35
5.37
5.42
5.49
5.55
5.6
5.67
5.74
5.84
5.92
6.03
6.13
6.18
6.28
6.34
6.4
6.49
6.54
6.64
6.72
6.82
6.91
7.0
7.1
7.16
7.28
7.42
7.49
7.54
7.62
7.7
7.74
7.85
7.92
8.05
8.2
8.26
8.42
8.57
8.66
8.78
8.85
8.98
9.13
9.22
9.32
9.43
9.6
9.7
9.84
9.97
10.08
10.22
10.31
10.46
10.63
10.77
10.9
11.05
11.17
11.38
11.53
11.76
11.92
12.12
12.36
12.56
12.68
12.85
13.09
13.36
13.55
13.86
14.08
14.39
14.74
15.08
15.41
15.7
16.03
16.34
16.84
17.33
17.79
18.35
18.96
19.51
20.48
22.06
23.94
27.04
