0.328
0.328
0.328
0.328
0.328
0.328
0.328
0.328
0.33
0.331
0.331
0.331
0.332
0.333
0.333
0.335
0.336
0.336
0.337
0.338
0.34
0.341
0.342
0.343
0.343
0.344
0.345
0.345
0.347
0.348
0.351
0.352
0.358
0.359
0.359
0.361
0.363
0.367
0.367
0.372
0.374
0.378
0.382
0.385
0.388
0.394
0.401
0.405
0.41
0.413
0.415
0.416
0.419
0.426
0.432
0.437
0.441
0.441
0.445
0.449
0.455
0.458
0.46
0.468
0.472
0.481
0.486
0.488
0.491
0.495
0.5
0.502
0.506
0.51
0.513
0.518
0.522
0.529
0.536
0.542
0.546
0.55
0.556
0.56
0.563
0.566
0.569
0.577
0.585
0.594
0.599
0.604
0.615
0.62
0.629
0.635
0.637
0.642
0.647
0.651
0.659
0.665
0.67
0.679
0.685
0.69
0.7
0.703
0.713
0.721
0.726
0.737
0.75
0.758
0.762
0.769
0.776
0.785
0.793
0.805
0.811
0.816
0.828
0.831
0.837
0.851
0.863
0.875
0.886
0.89
0.899
0.906
0.917
0.925
0.932
0.939
0.952
0.965
0.976
0.989
0.997
1.007
1.02
1.028
1.037
1.048
1.058
1.068
1.083
1.092
1.104
1.111
1.122
1.138
1.151
1.164
1.178
1.193
1.204
1.21
1.221
1.229
1.242
1.257
1.266
1.284
1.296
1.309
1.317
1.329
1.342
1.353
1.364
1.383
1.398
1.414
1.426
1.437
1.451
1.466
1.48
1.496
1.512
1.52
1.538
1.554
1.567
1.583
1.6
1.616
1.632
1.65
1.671
1.684
1.698
1.724
1.749
1.773
1.793
1.81
1.829
1.849
1.867
1.89
1.906
1.925
1.943
1.962
1.991
2.016
2.041
2.056
2.085
2.105
2.133
2.168
2.2
2.221
2.25
2.28
2.301
2.328
2.354
2.373
2.401
2.433
2.456
2.485
2.513
2.545
2.586
2.625
2.672
2.717
2.771
2.825
2.893
2.966
3.055
3.124
3.224
3.378
3.5
3.636
3.741
3.87
3.999
4.26
4.57
5.131
