0.149163
0.149163
0.156503
0.156503
0.16308
0.16308
0.167112
0.167112
0.181089
0.181089
0.189781
0.189781
0.203073
0.203073
0.207696
0.207696
0.212347
0.212347
0.215503
0.215503
0.227197
0.227197
0.227238
0.227238
0.233663
0.233663
0.234023
0.234023
0.23468
0.23468
0.236312
0.236312
0.238594
0.238594
0.241013
0.241013
0.244238
0.244238
0.244807
0.244807
0.245429
0.245429
0.247251
0.247251
0.252545
0.252545
0.256893
0.256893
0.258298
0.25849
0.25849
0.25927
0.25927
0.26209
0.26209
0.264482
0.264689
0.264689
0.267937
0.277868
0.277868
0.278669
0.287776
0.287776
0.289348
0.289348
0.291943
0.29222
0.29922
0.303562
0.303562
0.30392
0.311041
0.311041
0.314663
0.314663
0.31486
0.31486
0.31503
0.31503
0.31524
0.31524
0.323886
0.323886
0.324108
0.324139
0.324139
0.325306
0.325306
0.326366
0.326366
0.327703
0.327703
0.328992
0.330221
0.330221
0.331894
0.334529
0.33468
0.336839
0.337062
0.337062
0.345417
0.345417
0.346207
0.347041
0.349546
0.358894
0.359585
0.359585
0.364459
0.364459
0.366099
0.366099
0.374881
0.377481
0.377481
0.384724
0.384724
0.385134
0.387127
0.387127
0.389245
0.394006
0.398148
0.398464
0.398464
0.400077
0.400077
0.403575
0.403575
0.403835
0.403835
0.404466
0.404466
0.408304
0.412589
0.413543
0.414157
0.414157
0.416378
0.421074
0.421074
0.423738
0.423738
0.423901
0.425474
0.425474
0.426978
0.426978
0.432365
0.432553
0.433187
0.434194
0.434194
0.436891
0.436891
0.44315
0.446532
0.459517
0.459562
0.462757
0.462757
0.462813
0.462813
0.466772
0.467625
0.468834
0.470727
0.476484
0.47749
0.47749
0.481045
0.481348
0.481386
0.481386
0.481603
0.4834
0.487048
0.488284
0.488284
0.490199
0.490199
0.496539
0.49954
0.510176
0.510176
0.517407
0.517407
0.517969
0.517969
0.525129
0.525129
0.528382
0.528382
0.52913
0.52913
0.530504
0.530504
0.533265
0.534051
0.535194
0.535194
0.545301
0.545301
0.546784
0.54817
0.551883
0.556353
0.557938
0.557938
0.563288
0.563288
0.568585
0.571268
0.580276
0.580276
0.589579
0.590667
0.594705
0.594719
0.597287
0.600246
0.600246
0.600559
0.600559
0.61207
0.614484
0.629842
0.633018
0.633018
0.643977
0.644604
0.644604
0.649727
0.649814
0.649814
0.651537
0.654676
0.661249
0.668228
0.671449
0.679858
0.683145
0.683145
0.683825
0.687759
0.688696
0.688696
0.697566
0.705525
0.705783
0.707836
0.708532
0.713751
0.715547
0.718897
0.721058
0.723932
0.726381
0.727046
0.732514
0.743741
0.753465
0.757791
0.760028
0.765622
0.776235
0.776235
0.776476
0.7795
0.78186
0.78186
0.782642
0.782642
0.783376
0.785574
0.790305
0.790305
0.795105
0.795105
0.811501
0.818442
0.818549
0.818751
0.825076
0.826354
0.827601
0.829346
0.829346
0.831493
0.842747
0.84802
0.855465
0.896613
0.898313
0.899393
0.901652
0.91629
0.91629
0.916309
0.933938
0.939744
0.940796
0.943016
0.949057
0.954678
0.961894
0.961894
0.979315
0.985864
0.988538
0.988538
1.00179
1.00179
1.00989
1.00989
1.01115
1.01758
1.02553
1.03446
1.04588
1.0579
1.06163
1.06163
1.07341
1.07529
1.07542
1.09435
1.09564
1.09744
1.10861
1.17289
1.17872
1.19288
1.19783
1.20827
1.21325
1.22777
1.24804
1.30709
1.30709
1.39412
1.39727
1.43365
1.46205
1.67683
1.83421
1.83426
1.9501
