0.152691
0.152691
0.153975
0.153975
0.154822
0.154822
0.159216
0.159216
0.160875
0.160875
0.163264
0.163264
0.16632
0.16632
0.167261
0.167261
0.170774
0.170774
0.17519
0.17519
0.184821
0.184821
0.189879
0.189879
0.199152
0.199152
0.201195
0.201195
0.201971
0.203995
0.203995
0.207261
0.207261
0.208858
0.208858
0.210041
0.212611
0.212611
0.213093
0.213093
0.216037
0.216037
0.216626
0.216626
0.217245
0.217245
0.222498
0.222498
0.223996
0.223996
0.225961
0.225961
0.232395
0.232395
0.233425
0.233425
0.236145
0.239024
0.239024
0.239866
0.240765
0.240765
0.24594
0.250934
0.250934
0.252776
0.252776
0.258303
0.258303
0.262832
0.262832
0.268584
0.268584
0.272578
0.272578
0.273474
0.273474
0.27387
0.27387
0.275015
0.275015
0.279946
0.279946
0.283543
0.283543
0.286502
0.290248
0.290248
0.29497
0.29497
0.296803
0.296803
0.299271
0.300168
0.300168
0.302095
0.302095
0.310084
0.312153
0.312153
0.312548
0.314807
0.314807
0.317202
0.31734
0.31734
0.317798
0.317798
0.318797
0.318797
0.322778
0.323716
0.323716
0.323883
0.326553
0.327074
0.327074
0.329793
0.329793
0.329845
0.329845
0.330171
0.330171
0.331058
0.331332
0.331332
0.332211
0.333893
0.335194
0.335194
0.336357
0.336357
0.33673
0.33673
0.337085
0.337085
0.337495
0.341718
0.34289
0.34289
0.343267
0.343267
0.343332
0.343332
0.344456
0.344477
0.344477
0.345486
0.345486
0.34773
0.34773
0.34775
0.34775
0.349483
0.349483
0.35115
0.356196
0.356196
0.356639
0.357319
0.357319
0.357374
0.357374
0.357458
0.357458
0.358691
0.358691
0.360455
0.364368
0.364368
0.365361
0.365361
0.366503
0.366503
0.366542
0.366542
0.368475
0.369177
0.369794
0.375876
0.375876
0.378345
0.381985
0.381985
0.383018
0.384853
0.389207
0.389207
0.390841
0.390841
0.391531
0.391531
0.39224
0.39224
0.392642
0.395227
0.400907
0.400907
0.401732
0.401732
0.405338
0.405338
0.405695
0.406587
0.407497
0.407497
0.408788
0.408788
0.413527
0.415167
0.419526
0.422785
0.423833
0.424815
0.425922
0.426945
0.427242
0.42844
0.42844
0.429774
0.429774
0.43219
0.438687
0.438687
0.44111
0.44111
0.443367
0.445786
0.455154
0.459422
0.459422
0.464849
0.464849
0.467424
0.467424
0.469439
0.474361
0.475232
0.47608
0.47608
0.480988
0.480988
0.48138
0.483666
0.488114
0.488114
0.488193
0.488618
0.490643
0.491413
0.493176
0.493176
0.494004
0.494237
0.494237
0.495094
0.49741
0.49741
0.498193
0.50005
0.502978
0.502978
0.504627
0.50615
0.50615
0.506872
0.508761
0.509264
0.509264
0.511667
0.514547
0.514547
0.515421
0.519701
0.519701
0.522002
0.523814
0.525197
0.525485
0.529751
0.53013
0.533059
0.533619
0.534105
0.540562
0.541275
0.541275
0.541329
0.5452
0.549046
0.549887
0.550403
0.554134
0.554134
0.554677
0.558662
0.560929
0.560929
0.562293
0.563967
0.563967
0.566432
0.566605
0.567803
0.567913
0.567913
0.569952
0.573277
0.573426
0.576469
0.577289
0.577389
0.583348
0.58493
0.58493
0.586172
0.586172
0.588295
0.588295
0.596941
0.596941
0.605043
0.608782
0.609268
0.612655
0.613821
0.613821
0.614138
0.615889
0.620154
0.622484
0.623991
0.625844
0.627519
0.628072
0.628453
0.629429
0.63272
0.634271
0.634324
0.635225
0.637612
0.638905
0.643947
0.645264
0.646134
0.652504
0.652922
0.658111
0.662702
0.667011
0.667919
0.674205
0.674205
0.675573
0.676684
0.676684
0.677847
0.682256
0.686496
0.694192
0.694192
0.705767
0.706294
0.707018
0.721968
0.721968
0.725571
0.727636
0.733664
0.745198
0.746246
0.74749
0.74749
0.76529
0.76529
0.766635
0.775631
0.775631
0.780147
0.781241
0.78191
0.78191
0.784599
0.784599
0.789629
0.791764
0.791956
0.804785
0.804785
0.81698
0.823613
0.825784
0.825784
0.830535
0.839126
0.841097
0.85033
0.852725
0.857561
0.863695
0.871222
0.879827
0.890356
0.890356
0.895769
0.895769
0.903227
0.90677
0.909656
0.920868
0.921824
0.921824
0.924594
0.940013
0.940013
0.95018
0.959744
0.959744
0.960944
0.967308
0.96945
0.979759
0.986582
1.00121
1.00354
1.01307
1.03755
1.0394
1.04436
1.06069
1.07489
1.07489
1.08953
1.08953
1.15049
1.15049
1.15445
1.16454
1.17198
1.17657
1.18091
1.19346
1.19818
1.20103
1.23161
1.31446
1.35026
1.42374
1.66863
