0.328
0.328
0.328
0.328
0.328
0.328
0.328
0.328
0.328
0.328
0.328
0.329
0.329
0.33
0.331
0.331
0.331
0.331
0.333
0.334
0.334
0.336
0.337
0.337
0.338
0.339
0.339
0.34
0.342
0.342
0.343
0.343
0.343
0.345
0.345
0.346
0.346
0.348
0.352
0.354
0.354
0.356
0.356
0.357
0.362
0.365
0.367
0.371
0.372
0.375
0.383
0.386
0.392
0.395
0.401
0.406
0.411
0.414
0.417
0.422
0.429
0.434
0.437
0.44
0.442
0.444
0.446
0.447
0.45
0.451
0.455
0.455
0.458
0.46
0.463
0.464
0.465
0.467
0.469
0.473
0.475
0.481
0.487
0.493
0.496
0.498
0.506
0.509
0.515
0.517
0.521
0.524
0.528
0.533
0.537
0.545
0.548
0.55
0.557
0.561
0.564
0.569
0.569
0.57
0.572
0.576
0.579
0.584
0.589
0.597
0.605
0.609
0.615
0.617
0.62
0.627
0.63
0.633
0.638
0.641
0.649
0.652
0.659
0.661
0.665
0.669
0.672
0.675
0.677
0.678
0.682
0.684
0.691
0.696
0.705
0.71
0.716
0.724
0.733
0.737
0.746
0.75
0.754
0.757
0.759
0.76
0.761
0.761
0.765
0.769
0.771
0.778
0.783
0.787
0.794
0.8
0.81
0.817
0.82
0.831
0.832
0.836
0.839
0.844
0.846
0.852
0.854
0.858
0.859
0.86
0.864
0.869
0.872
0.875
0.88
0.882
0.889
0.892
0.899
0.906
0.916
0.924
0.93
0.936
0.939
0.943
0.946
0.95
0.952
0.955
0.958
0.961
0.964
0.966
0.97
0.976
0.983
0.99
0.995
1.002
1.009
1.013
1.018
1.023
1.025
1.03
1.037
1.037
1.041
1.043
1.046
1.047
1.052
1.058
1.065
1.066
1.072
1.077
1.082
1.088
1.094
1.099
1.102
1.104
1.11
1.116
1.126
1.13
1.13
1.138
1.141
1.145
1.149
1.151
1.154
1.157
1.163
1.167
1.169
1.174
1.181
1.183
1.186
1.189
1.193
1.197
1.2
1.209
1.215
1.225
1.229
1.231
1.237
1.242
1.243
1.248
1.25
1.255
1.257
1.262
1.266
1.27
1.276
1.283
1.289
1.291
1.299
1.303
1.305
1.313
1.317
1.322
1.329
1.331
1.335
1.339
1.345
1.35
1.354
1.361
1.368
1.369
1.374
1.375
1.379
1.383
1.389
1.392
1.398
1.403
1.409
1.416
1.423
1.428
1.431
1.434
1.437
1.443
1.448
1.451
1.453
1.463
1.47
1.478
1.481
1.484
1.489
1.493
1.499
1.505
1.511
1.515
1.521
1.53
1.538
1.539
1.54
1.544
1.544
1.547
1.554
1.556
1.564
1.572
1.579
1.59
1.598
1.604
1.606
1.613
1.617
1.622
1.625
1.63
1.635
1.641
1.643
1.644
1.66
1.666
1.673
1.68
1.693
1.697
1.703
1.709
1.713
1.717
1.721
1.726
1.732
1.737
1.744
1.749
1.754
1.757
1.764
1.776
1.784
1.792
1.797
1.806
1.811
1.817
1.824
1.833
1.837
1.842
1.85
1.859
1.862
1.869
1.874
1.885
1.894
1.902
1.906
1.913
1.925
1.934
1.937
1.94
1.947
1.955
1.963
1.968
1.972
1.989
2.0
2.007
2.016
2.02
2.029
2.035
2.043
2.05
2.06
2.065
2.076
2.084
2.087
2.095
2.107
2.119
2.126
2.135
2.14
2.147
2.156
2.161
2.171
2.185
2.197
2.204
2.215
2.227
2.235
2.245
2.251
2.262
2.273
2.286
2.301
2.314
2.327
2.343
2.352
2.373
2.391
2.406
2.421
2.437
2.457
2.48
2.498
2.522
2.545
2.573
2.607
2.637
2.687
2.751
2.871
2.959
3.08
3.355
3.914
4.153
4.79
5.161
