0.149561
0.149561
0.152328
0.152328
0.153935
0.153975
0.155382
0.155433
0.157366
0.157562
0.159688
0.159871
0.162335
0.162851
0.165071
0.165824
0.168192
0.169221
0.171299
0.172336
0.174581
0.1767
0.178448
0.180457
0.182178
0.184103
0.186215
0.18829
0.189663
0.191751
0.193931
0.19592
0.197855
0.200013
0.202338
0.204481
0.20645
0.208731
0.210525
0.213019
0.21412
0.216695
0.219106
0.22124
0.22328
0.225137
0.226897
0.228685
0.230657
0.232747
0.234432
0.23637
0.238214
0.239605
0.241697
0.243455
0.245121
0.247047
0.249323
0.250888
0.252865
0.254215
0.255956
0.257472
0.259125
0.260981
0.26276
0.264044
0.265909
0.267338
0.269909
0.271366
0.273219
0.275062
0.276718
0.27795
0.280236
0.281658
0.283218
0.284352
0.286121
0.287783
0.289545
0.291132
0.29249
0.294456
0.296322
0.29813
0.300059
0.301809
0.303394
0.304727
0.306416
0.307528
0.308891
0.309707
0.311176
0.312359
0.313725
0.315402
0.316663
0.318627
0.320372
0.321794
0.323026
0.324322
0.325555
0.327158
0.328238
0.329603
0.330806
0.331959
0.333215
0.334317
0.336116
0.33739
0.339058
0.340205
0.341697
0.343021
0.344208
0.345511
0.346631
0.348044
0.349257
0.350803
0.351901
0.353378
0.354726
0.356179
0.357527
0.35912
0.3603
0.361674
0.363018
0.364206
0.365912
0.367289
0.368804
0.370213
0.371466
0.372429
0.373413
0.374635
0.375774
0.376942
0.378268
0.379641
0.381
0.382407
0.383794
0.385089
0.386142
0.388043
0.38996
0.39103
0.39251
0.394603
0.395979
0.397666
0.399407
0.40065
0.402287
0.403919
0.405317
0.407341
0.408778
0.410467
0.411628
0.413275
0.414873
0.416507
0.418231
0.419871
0.421277
0.423129
0.424807
0.426496
0.427791
0.429351
0.430985
0.43243
0.433891
0.435507
0.436768
0.438146
0.439738
0.440984
0.442244
0.443942
0.445101
0.446248
0.447761
0.448947
0.450152
0.451699
0.453143
0.454346
0.455649
0.457398
0.458805
0.460245
0.461379
0.463101
0.464603
0.466262
0.467737
0.469491
0.470915
0.47261
0.474245
0.475911
0.477807
0.47964
0.481387
0.483451
0.485187
0.486831
0.488368
0.49073
0.492531
0.494856
0.496505
0.498484
0.50035
0.502918
0.505181
0.506974
0.509257
0.511185
0.513522
0.515219
0.517943
0.520181
0.522619
0.524701
0.526706
0.528963
0.530762
0.532835
0.536014
0.537705
0.54026
0.542212
0.543934
0.546268
0.548586
0.550766
0.553286
0.555066
0.557099
0.559141
0.561017
0.563309
0.565753
0.568257
0.5699
0.572047
0.574733
0.577268
0.57978
0.582518
0.584838
0.587622
0.589196
0.591524
0.593541
0.596159
0.598399
0.600463
0.602884
0.60508
0.607367
0.609505
0.612501
0.614772
0.617045
0.619025
0.621278
0.623699
0.626379
0.629482
0.631947
0.634188
0.637093
0.639336
0.641805
0.644413
0.647228
0.649532
0.651873
0.654481
0.657065
0.659816
0.662222
0.664841
0.666998
0.66966
0.672212
0.67515
0.677963
0.680673
0.683142
0.685511
0.688355
0.690829
0.694513
0.697807
0.700734
0.703765
0.706516
0.709538
0.713158
0.716913
0.72005
0.723731
0.726953
0.730453
0.734015
0.737208
0.740319
0.743884
0.747407
0.751373
0.75491
0.75877
0.762731
0.76835
0.772486
0.776396
0.780877
0.784798
0.789669
0.793998
0.798476
0.802957
0.805972
0.810307
0.813441
0.817033
0.821108
0.825506
0.829676
0.833462
0.837909
0.841917
0.847487
0.851811
0.856906
0.862433
0.868308
0.875815
0.88057
0.886591
0.893032
0.899257
0.904528
0.910244
0.916563
0.922
0.927818
0.934608
0.941456
0.946593
0.953395
0.959811
0.966627
0.974252
0.983615
0.991354
1.00005
1.01075
1.02255
1.03156
1.04224
1.05264
1.06221
1.07493
1.08534
1.09869
1.10843
1.12191
1.13367
1.14653
1.15864
1.17219
1.1893
1.20202
1.21655
1.23304
1.256
1.28521
1.30908
1.33538
1.36702
1.40928
1.44823
1.49372
1.65754
1.85041
