0.150553
0.150553
0.152277
0.152277
0.15393
0.15393
0.156449
0.156449
0.158127
0.158148
0.160295
0.160394
0.163092
0.16318
0.165629
0.165889
0.16892
0.169243
0.171969
0.172753
0.175309
0.175989
0.178779
0.17953
0.18163
0.182827
0.184827
0.186128
0.187397
0.188985
0.190426
0.192038
0.193442
0.194835
0.196316
0.197378
0.198675
0.199964
0.201081
0.202363
0.203898
0.205102
0.206983
0.208394
0.209762
0.211363
0.212751
0.214031
0.215409
0.216744
0.218164
0.219797
0.220706
0.222013
0.223271
0.224695
0.226347
0.227486
0.228823
0.230104
0.231615
0.232641
0.234015
0.23499
0.236546
0.237592
0.238824
0.239845
0.241157
0.242577
0.244144
0.245237
0.246404
0.247664
0.248946
0.250122
0.251132
0.252213
0.253423
0.254328
0.25533
0.25639
0.257691
0.258645
0.259759
0.260823
0.262038
0.262964
0.263987
0.265117
0.26639
0.267269
0.268123
0.269313
0.270524
0.271791
0.272985
0.273902
0.275111
0.275769
0.276994
0.277738
0.278985
0.279713
0.280777
0.281858
0.283106
0.284064
0.285249
0.285926
0.287014
0.288006
0.288958
0.289915
0.29128
0.292355
0.293155
0.29423
0.295327
0.29642
0.297413
0.298416
0.299406
0.300412
0.301628
0.302623
0.303688
0.304763
0.305938
0.30693
0.308117
0.309043
0.309916
0.31084
0.311738
0.312897
0.314031
0.314815
0.315618
0.316727
0.317648
0.318581
0.31963
0.320672
0.321626
0.322587
0.323475
0.324752
0.325816
0.326711
0.327521
0.328326
0.329322
0.330449
0.33142
0.332194
0.333205
0.333978
0.334613
0.335332
0.336404
0.337442
0.338258
0.339211
0.340017
0.340896
0.34182
0.342884
0.34385
0.345031
0.345954
0.346707
0.347653
0.348751
0.349495
0.350581
0.351798
0.352726
0.353504
0.354323
0.355222
0.355998
0.357049
0.358127
0.359041
0.360191
0.361208
0.362249
0.363091
0.364279
0.365712
0.366499
0.367721
0.368865
0.369851
0.371009
0.372198
0.373058
0.374022
0.375022
0.376025
0.377461
0.378322
0.379345
0.380085
0.381286
0.382233
0.38362
0.384486
0.385525
0.386902
0.387864
0.389102
0.390146
0.391621
0.392515
0.393987
0.395127
0.396359
0.397568
0.398592
0.399839
0.401055
0.402159
0.403302
0.404527
0.405556
0.406812
0.407941
0.40902
0.410146
0.411282
0.412631
0.413898
0.415099
0.416183
0.417178
0.418308
0.419506
0.420573
0.421583
0.422787
0.423795
0.425059
0.426141
0.427221
0.428802
0.429842
0.431086
0.432405
0.433726
0.434804
0.435982
0.437055
0.438397
0.439486
0.440575
0.441974
0.442918
0.444259
0.445293
0.446581
0.447816
0.449067
0.450271
0.451302
0.452517
0.453855
0.455279
0.456424
0.458113
0.459174
0.460061
0.46127
0.462563
0.46398
0.465197
0.466268
0.467505
0.468892
0.47036
0.471708
0.473004
0.474378
0.475551
0.477129
0.478731
0.48
0.481168
0.482557
0.483773
0.485214
0.486827
0.48828
0.489671
0.490813
0.492148
0.493642
0.494939
0.496673
0.498401
0.499718
0.501063
0.502476
0.50378
0.50518
0.506407
0.507773
0.509118
0.510847
0.512266
0.513606
0.514964
0.51626
0.517785
0.519498
0.521186
0.522587
0.524339
0.525594
0.527102
0.528501
0.530029
0.531265
0.532717
0.534078
0.535709
0.537274
0.538865
0.540626
0.541928
0.543367
0.544882
0.546468
0.548351
0.549787
0.551671
0.553277
0.554873
0.556439
0.558105
0.559982
0.56173
0.56319
0.565332
0.567133
0.568764
0.57047
0.572326
0.574043
0.575837
0.57725
0.579068
0.580943
0.58316
0.584921
0.586916
0.589122
0.590873
0.592517
0.594388
0.596125
0.598256
0.600825
0.60297
0.605216
0.606684
0.608621
0.610678
0.612274
0.613967
0.615674
0.617366
0.61934
0.621051
0.623136
0.625153
0.627052
0.628666
0.630799
0.632752
0.634407
0.636489
0.638627
0.640633
0.642182
0.644197
0.645636
0.647709
0.649416
0.651875
0.653925
0.655802
0.657884
0.659967
0.661973
0.663717
0.666031
0.66838
0.67095
0.672795
0.675603
0.678051
0.679743
0.681984
0.684629
0.687102
0.689346
0.691687
0.693872
0.696457
0.698503
0.70051
0.702834
0.705278
0.707619
0.710067
0.712381
0.714831
0.717317
0.720005
0.72289
0.726158
0.729259
0.732226
0.734864
0.738352
0.741338
0.744386
0.746919
0.75022
0.753625
0.756031
0.759207
0.761281
0.764509
0.767097
0.770284
0.773757
0.777471
0.781928
0.785978
0.790004
0.793786
0.797881
0.80206
0.805722
0.810286
0.814667
0.818646
0.822702
0.827707
0.833101
0.837334
0.843237
0.848227
0.852705
0.858419
0.86286
0.868294
0.874148
0.879977
0.886931
0.89249
0.898713
0.905081
0.910768
0.918255
0.926205
0.933475
0.940213
0.946434
0.954279
0.960497
0.968329
0.975796
0.980661
0.986576
0.992708
1.00007
1.00637
1.01326
1.02317
1.03184
1.04179
1.0507
1.05978
1.07151
1.08129
1.09424
1.10935
1.12773
1.15122
1.17964
1.21006
1.23553
1.28833
1.34975
1.57947
1.85243
