0.148388
0.148388
0.150306
0.150306
0.151248
0.151248
0.152284
0.152284
0.152824
0.152838
0.153305
0.15331
0.15385
0.153869
0.154343
0.154374
0.154904
0.154949
0.155515
0.155602
0.156171
0.156238
0.157057
0.157166
0.15804
0.158162
0.158865
0.158973
0.159595
0.159773
0.160665
0.160935
0.16175
0.162033
0.162738
0.162924
0.163707
0.164049
0.164823
0.16528
0.166027
0.166512
0.167163
0.167607
0.16846
0.168762
0.16958
0.170087
0.170697
0.171149
0.171865
0.172243
0.172933
0.173455
0.174248
0.174618
0.175414
0.175936
0.176613
0.177104
0.177772
0.178184
0.179005
0.179627
0.180299
0.180894
0.181537
0.182154
0.182731
0.183366
0.183895
0.18448
0.184943
0.1856
0.186163
0.186792
0.187302
0.188013
0.188676
0.189157
0.189975
0.190487
0.191115
0.191772
0.192358
0.192869
0.193532
0.194048
0.194648
0.195178
0.195796
0.196355
0.196913
0.197463
0.198027
0.198697
0.199576
0.200108
0.200866
0.201524
0.202099
0.202721
0.203413
0.203891
0.204535
0.205274
0.205955
0.206586
0.207182
0.207742
0.208262
0.208757
0.209415
0.209949
0.210633
0.211057
0.211843
0.212313
0.212801
0.213411
0.21407
0.214658
0.215191
0.215699
0.216202
0.21674
0.21712
0.217974
0.218469
0.21906
0.219537
0.220021
0.22047
0.22096
0.221536
0.22214
0.222707
0.223292
0.223764
0.224274
0.224853
0.225264
0.22579
0.226328
0.226843
0.227314
0.227789
0.228376
0.228842
0.229576
0.23019
0.230697
0.231198
0.231767
0.232343
0.232745
0.233328
0.23393
0.234652
0.235203
0.235728
0.236238
0.236746
0.237374
0.237866
0.238512
0.239244
0.239933
0.240507
0.24099
0.24166
0.242185
0.242786
0.243252
0.243883
0.244337
0.245096
0.245798
0.246319
0.247062
0.24775
0.24817
0.248805
0.249169
0.249804
0.250344
0.250982
0.251545
0.252221
0.252665
0.253265
0.253767
0.254385
0.254945
0.255552
0.256094
0.256613
0.257108
0.257654
0.258109
0.258708
0.259237
0.25989
0.260383
0.26091
0.261412
0.26187
0.262402
0.262842
0.263375
0.263959
0.264475
0.265022
0.26553
0.266092
0.26659
0.267033
0.267633
0.268162
0.268632
0.269213
0.269689
0.270274
0.270905
0.271433
0.271927
0.272454
0.272799
0.273324
0.273639
0.274266
0.274741
0.275463
0.275981
0.276562
0.277096
0.277635
0.278015
0.278518
0.279261
0.279874
0.280347
0.280807
0.281389
0.281901
0.282416
0.283037
0.283509
0.283973
0.284602
0.285073
0.285507
0.28597
0.28653
0.287018
0.287544
0.288291
0.288721
0.289139
0.28955
0.290274
0.290696
0.291212
0.291728
0.29221
0.292728
0.293268
0.293814
0.294201
0.294758
0.295214
0.295872
0.29638
0.296869
0.297327
0.297984
0.298507
0.299058
0.299632
0.300093
0.300667
0.301172
0.301673
0.302157
0.30262
0.303086
0.303565
0.304152
0.304678
0.305113
0.305681
0.306202
0.30673
0.307201
0.307585
0.308146
0.308672
0.309129
0.309636
0.310169
0.310802
0.31133
0.311998
0.312464
0.312985
0.313502
0.313887
0.31449
0.315056
0.315572
0.31613
0.31672
0.317409
0.317932
0.318438
0.318884
0.319307
0.319831
0.320334
0.320948
0.321377
0.321982
0.32242
0.322916
0.323354
0.323815
0.324341
0.324828
0.325319
0.325861
0.326504
0.327017
0.327562
0.328043
0.328522
0.329062
0.329541
0.330215
0.330784
0.331327
0.331801
0.33244
0.332932
0.333507
0.334226
0.334694
0.335205
0.335746
0.336283
0.336893
0.337337
0.337828
0.338406
0.338932
0.339609
0.340247
0.340896
0.34144
0.341997
0.34255
0.343099
0.343586
0.344095
0.344614
0.345073
0.345771
0.346289
0.34683
0.347294
0.347895
0.348439
0.349055
0.349581
0.350169
0.350847
0.351247
0.352013
0.352504
0.353086
0.353711
0.354249
0.354992
0.355601
0.356357
0.356842
0.357355
0.357934
0.358615
0.359097
0.359661
0.360254
0.3608
0.361414
0.362022
0.362619
0.363306
0.363864
0.364273
0.36488
0.365329
0.365923
0.366651
0.367285
0.367792
0.368337
0.368838
0.369455
0.370071
0.37066
0.371243
0.371969
0.372598
0.373318
0.373835
0.37435
0.37495
0.375709
0.376223
0.37682
0.377458
0.378119
0.378749
0.379565
0.38015
0.380726
0.381315
0.381774
0.382468
0.38299
0.38354
0.384193
0.384915
0.385651
0.386229
0.386904
0.387697
0.388318
0.388784
0.389407
0.390129
0.390682
0.391361
0.391943
0.392452
0.393146
0.394004
0.394692
0.395278
0.395785
0.396581
0.39719
0.397913
0.398296
0.398738
0.399417
0.39989
0.400654
0.401292
0.401885
0.402411
0.403098
0.403815
0.404421
0.405058
0.405694
0.406423
0.407197
0.407907
0.408516
0.409312
0.40987
0.410466
0.411066
0.411579
0.412157
0.412701
0.413448
0.414038
0.414649
0.415346
0.416127
0.416618
0.417302
0.417876
0.418451
0.419024
0.41969
0.420377
0.420987
0.421798
0.422404
0.423167
0.423761
0.424477
0.425087
0.425722
0.426421
0.426976
0.427725
0.428429
0.429055
0.429792
0.430465
0.431225
0.431894
0.432627
0.433473
0.434337
0.435002
0.435849
0.436482
0.437105
0.437906
0.438539
0.439433
0.44012
0.440918
0.441698
0.442497
0.443299
0.444153
0.444881
0.445525
0.446296
0.447075
0.447842
0.448598
0.449347
0.450054
0.450727
0.451495
0.452169
0.452956
0.453654
0.454448
0.455294
0.456017
0.456789
0.45756
0.458318
0.459077
0.459964
0.460641
0.461547
0.462451
0.463169
0.463929
0.464654
0.465602
0.466178
0.467148
0.467877
0.468717
0.469464
0.470704
0.471672
0.472564
0.473307
0.474122
0.475046
0.475782
0.476685
0.477542
0.478455
0.479259
0.480159
0.481116
0.48216
0.483222
0.484206
0.485136
0.486124
0.487011
0.488081
0.489103
0.490096
0.491003
0.491877
0.492903
0.493827
0.49471
0.495735
0.496942
0.497962
0.498842
0.499691
0.501024
0.50205
0.502813
0.503848
0.505012
0.50583
0.506757
0.507737
0.508922
0.510019
0.511092
0.5124
0.513537
0.514717
0.516063
0.517369
0.518383
0.519605
0.520777
0.522213
0.523501
0.524495
0.525568
0.526789
0.528145
0.52905
0.530233
0.531705
0.533097
0.534457
0.535725
0.537013
0.538186
0.539773
0.540938
0.542396
0.543771
0.545093
0.546324
0.547797
0.549069
0.5505
0.551843
0.553233
0.554469
0.555712
0.557005
0.558575
0.560068
0.561611
0.562869
0.564548
0.566072
0.567547
0.569083
0.570529
0.571897
0.573462
0.575197
0.576599
0.578111
0.579986
0.581351
0.583126
0.58478
0.586592
0.588469
0.590071
0.591634
0.593433
0.594983
0.596908
0.598698
0.600596
0.60223
0.603972
0.60598
0.60761
0.609491
0.611167
0.612806
0.614509
0.616368
0.617847
0.620471
0.622645
0.624754
0.627001
0.628623
0.630759
0.632575
0.63481
0.636967
0.639627
0.641765
0.643675
0.646463
0.649096
0.651207
0.653652
0.656275
0.65847
0.661154
0.663644
0.666394
0.668711
0.671288
0.674148
0.676608
0.679592
0.682525
0.68532
0.688242
0.691911
0.695201
0.698195
0.701986
0.705746
0.709812
0.71378
0.71708
0.720809
0.724925
0.728745
0.732372
0.73689
0.741332
0.745753
0.749993
0.754928
0.758827
0.76277
0.766718
0.771289
0.775789
0.781004
0.78608
0.790546
0.796159
0.801035
0.807217
0.814435
0.821439
0.828993
0.838119
0.847492
0.85784
0.869102
0.881126
0.894695
0.91054
0.929587
0.947031
0.96419
0.978004
0.991314
1.00411
1.01525
1.0276
1.04146
1.06167
1.09008
1.13037
1.1777
