0.08
0.19
0.38
0.59
0.75
0.83
0.85
0.86
0.9
0.93
0.96
0.99
1.02
1.03
1.04
1.04
1.05
1.08
1.08
1.1
1.17
1.27
1.34
1.42
1.51
1.59
1.65
1.66
1.68
1.68
1.69
1.71
1.72
1.73
1.76
1.77
1.81
1.85
1.91
1.95
2.02
2.09
2.12
2.16
2.21
2.27
2.31
2.32
2.33
2.38
2.41
2.46
2.48
2.5
2.54
2.57
2.61
2.67
2.69
2.72
2.74
2.79
2.81
2.82
2.82
2.84
2.87
2.88
2.91
2.94
2.98
3
3.02
3.1
3.19
3.23
3.28
3.33
3.39
3.43
3.47
3.5
3.55
3.55
3.57
3.6
3.62
3.64
3.66
3.67
3.69
3.69
3.72
3.74
3.78
3.79
3.8
3.87
3.88
3.92
3.97
4
4.05
4.14
4.21
4.28
4.31
4.35
4.37
4.45
4.47
4.48
4.5
4.53
4.53
4.54
4.55
4.57
4.59
4.63
4.65
4.66
4.7
4.74
4.81
4.86
4.87
4.91
4.97
5.06
5.11
5.13
5.16
5.23
5.28
5.32
5.33
5.33
5.35
5.38
5.38
5.4
5.41
5.41
5.44
5.45
5.46
5.48
5.49
5.5
5.53
5.54
5.57
5.63
5.66
5.77
5.82
5.87
5.93
6.01
6.09
6.13
6.17
6.2
6.22
6.25
6.28
6.3
6.31
6.31
6.33
6.33
6.34
6.35
6.37
6.39
6.41
6.44
6.52
6.58
6.62
6.68
6.73
6.8
6.86
6.91
6.98
7.01
7.06
7.07
7.1
7.11
7.15
7.18
7.2
7.21
7.21
7.24
7.3
7.33
7.38
7.46
7.54
7.58
7.63
7.65
7.69
7.72
7.74
7.76
7.82
7.85
7.87
7.89
7.94
7.99
8.04
8.06
8.1
8.13
8.19
8.23
8.27
8.34
8.4
8.45
8.5
8.53
8.56
8.56
8.61
8.69
8.71
8.73
8.78
8.82
8.83
8.86
8.89
8.92
8.95
8.96
9.02
9.08
9.15
9.25
9.29
9.32
9.37
9.4
9.43
9.44
9.45
9.48
9.54
9.56
9.59
9.62
9.67
9.75
9.79
9.85
9.86
9.93
9.95
10.02
10.04
10.1
10.1
10.12
10.17
10.2
10.22
10.3
10.36
10.38
10.4
10.42
10.51
10.54
10.61
10.65
10.7
10.72
10.75
10.78
10.8
10.83
10.86
10.88
10.94
10.98
11.02
11.08
11.13
11.16
11.23
11.28
11.31
11.34
11.35
11.4
11.42
11.48
11.5
11.54
11.57
11.61
11.67
11.7
11.79
11.82
11.86
11.91
11.94
12
12.01
12.05
12.11
12.17
12.22
12.23
12.26
12.31
12.35
12.39
12.41
12.49
12.51
12.54
12.62
12.64
12.66
12.7
12.73
12.77
12.81
12.85
12.88
12.91
12.93
12.94
12.98
13.02
13.1
13.18
13.22
13.24
13.28
13.31
13.35
13.38
13.43
13.46
13.51
13.52
13.58
13.63
13.68
13.75
13.77
13.79
13.83
13.85
13.89
13.93
13.98
14
14.03
14.07
14.1
14.13
14.14
14.17
14.22
14.29
14.32
14.34
14.42
14.48
14.54
14.6
14.66
14.69
14.7
14.73
14.76
14.8
14.84
14.86
14.86
14.87
14.96
14.99
15.03
15.09
15.15
15.2
15.22
15.31
15.34
15.36
15.4
15.46
15.49
15.53
15.55
15.57
15.6
15.61
15.63
15.69
15.76
15.81
15.84
15.88
15.92
15.98
16.05
16.09
16.13
16.16
16.2
16.23
16.28
16.29
16.31
16.33
16.34
16.37
16.42
16.46
16.5
16.53
16.61
16.69
16.71
16.74
16.76
16.83
16.85
16.87
16.91
16.96
16.97
17.01
17.01
17.07
17.1
17.14
17.15
17.19
17.27
17.31
17.35
17.39
17.39
17.41
17.43
17.47
17.53
17.56
17.61
17.63
17.65
17.71
17.73
17.79
17.84
17.86
17.9
17.96
18.01
18.02
18.04
18.08
18.1
18.16
18.17
18.19
18.24
18.25
18.28
18.32
18.34
18.38
18.43
18.51
18.57
18.64
18.64
18.66
18.68
18.74
18.76
18.79
18.8
18.82
18.84
18.87
18.89
18.92
18.96
19
19
19.03
19.09
19.14
19.2
19.28
19.3
19.39
19.42
19.43
19.44
19.45
19.46
19.48
19.51
19.53
19.58
19.59
19.65
19.67
19.69
19.73
19.79
19.85
19.88
19.94
19.96
20.01
20.04
20.09
20.14
20.18
20.19
20.23
20.28
20.29
20.34
20.37
20.4
20.44
20.49
20.54
20.58
20.61
20.64
20.66
20.72
20.78
20.82
20.84
20.87
20.88
20.91
20.94
20.96
21.01
21.04
21.06
21.12
21.17
21.27
21.31
21.33
21.38
21.43
21.44
21.46
21.49
21.51
21.55
21.59
21.6
21.64
21.67
21.69
21.73
21.77
21.77
21.82
21.87
21.97
22.05
22.12
22.14
22.17
22.19
22.24
22.26
22.31
22.32
22.37
22.39
22.47
22.51
22.54
22.54
22.58
22.61
22.67
22.71
22.77
22.81
22.85
22.93
22.96
22.96
23.01
23.07
23.07
23.11
23.16
23.2
23.28
23.3
23.34
23.39
23.42
23.47
23.54
23.6
23.69
23.72
23.83
23.85
23.87
23.9
23.97
24.01
24.02
24.06
24.14
24.17
24.24
24.28
24.3
24.32
24.39
24.44
24.49
24.59
24.67
24.71
24.75
24.79
24.81
24.88
24.94
25.01
25.07
25.15
25.18
25.28
25.36
25.4
25.46
25.52
25.58
25.65
25.72
25.75
25.82
25.91
25.98
26.06
26.1
26.19
26.24
26.29
26.34
26.49
26.59
26.66
26.69
26.79
26.88
26.97
27.04
27.15
27.23
27.29
27.41
27.48
27.58
27.67
27.76
27.79
27.89
28.01
28.09
28.25
28.41
28.53
28.62
28.68
28.81
28.91
29.02
29.12
29.24
29.37
29.47
29.59
29.79
29.99
30.07
30.17
30.3
30.41
30.59
30.74
30.9
31.02
31.18
31.35
31.53
31.66
31.86
32.04
32.23
32.44
32.65
32.87
33.05
33.27
33.49
33.74
33.98
34.26
34.67
35.04
35.36
35.61
35.99
36.37
36.81
37.29
37.67
38.27
38.94
39.59
40.33
41.48
42.87
44.54
46.21
48.31
