0.160012
0.160012
0.169076
0.169076
0.179852
0.179852
0.192433
0.192433
0.206289
0.206289
0.217679
0.217679
0.226787
0.226809
0.238318
0.238497
0.246364
0.246649
0.254845
0.255729
0.264245
0.267209
0.273057
0.274813
0.28174
0.283477
0.288556
0.290278
0.294761
0.29715
0.300938
0.303639
0.307213
0.309619
0.313356
0.316027
0.320043
0.32231
0.325486
0.32797
0.330636
0.333003
0.335712
0.338945
0.341802
0.345121
0.347646
0.350292
0.352502
0.355034
0.358018
0.360565
0.363968
0.367129
0.369981
0.372194
0.37568
0.378248
0.380529
0.383702
0.386508
0.389257
0.39221
0.395204
0.397789
0.401107
0.403923
0.406814
0.409414
0.412422
0.41559
0.418016
0.420094
0.423114
0.426108
0.428899
0.431462
0.434304
0.436758
0.44029
0.442993
0.446142
0.448619
0.451227
0.453888
0.456101
0.459475
0.462202
0.465335
0.467627
0.470033
0.472538
0.474906
0.478089
0.481494
0.484081
0.487507
0.491152
0.494852
0.49797
0.501087
0.504278
0.507845
0.510975
0.514378
0.518408
0.522245
0.525341
0.530028
0.53327
0.537162
0.54139
0.544659
0.548332
0.551048
0.553963
0.557236
0.561197
0.564163
0.56827
0.571623
0.575255
0.578124
0.581326
0.585289
0.58854
0.591355
0.595096
0.597654
0.600509
0.604238
0.607109
0.610513
0.614478
0.618443
0.620911
0.624528
0.627511
0.63081
0.634142
0.636687
0.639472
0.642224
0.644708
0.64707
0.6503
0.653515
0.656067
0.659731
0.663863
0.668553
0.672654
0.678158
0.682641
0.688628
0.694017
0.6988
0.702414
0.706938
0.711692
0.715774
0.719457
0.723508
0.72854
0.73324
0.737035
0.740962
0.745055
0.749159
0.754798
0.758175
0.763787
0.767801
0.773611
0.778977
0.783814
0.78863
0.794172
0.799038
0.805117
0.811324
0.817966
0.825389
0.832032
0.839396
0.845717
0.851811
0.856664
0.86178
0.868819
0.874461
0.880836
0.888014
0.893644
0.899386
0.904791
0.909297
0.914923
0.921349
0.927786
0.933642
0.939212
0.945188
0.951668
0.958179
0.967404
0.974591
0.982673
0.988577
0.993779
1.00255
1.00866
1.01471
1.023
1.02979
1.03691
1.04282
1.05031
1.0583
1.06698
1.07293
1.08005
1.08856
1.09548
1.10187
1.1095
1.11751
1.12432
1.13227
1.14068
1.15021
1.15898
1.17051
1.18312
1.19714
1.21115
1.23207
1.25353
1.2817
1.30597
1.33213
1.36196
1.4112
1.47964
1.55125
1.73535
1.83009
1.92573
1.98718
2.10689
