0.328
0.328
0.328
0.328
0.328
0.328
0.328
0.328
0.328
0.328
0.328
0.328
0.328
0.328
0.328
0.329
0.33
0.33
0.33
0.33
0.331
0.331
0.332
0.332
0.332
0.334
0.334
0.334
0.335
0.335
0.335
0.336
0.336
0.337
0.338
0.338
0.338
0.341
0.341
0.342
0.346
0.348
0.351
0.353
0.354
0.356
0.36
0.362
0.364
0.366
0.368
0.371
0.372
0.373
0.373
0.373
0.374
0.374
0.376
0.377
0.379
0.381
0.385
0.389
0.391
0.396
0.398
0.402
0.406
0.413
0.419
0.423
0.426
0.432
0.439
0.443
0.447
0.456
0.458
0.461
0.465
0.469
0.473
0.476
0.479
0.481
0.483
0.487
0.493
0.493
0.495
0.498
0.505
0.508
0.509
0.511
0.514
0.518
0.522
0.525
0.527
0.53
0.534
0.538
0.546
0.554
0.561
0.566
0.57
0.574
0.578
0.583
0.585
0.59
0.594
0.597
0.602
0.607
0.609
0.611
0.617
0.625
0.63
0.634
0.635
0.639
0.639
0.645
0.651
0.652
0.656
0.661
0.665
0.672
0.676
0.685
0.694
0.703
0.708
0.716
0.721
0.722
0.726
0.728
0.731
0.733
0.737
0.743
0.749
0.755
0.76
0.766
0.771
0.781
0.787
0.797
0.802
0.81
0.815
0.819
0.821
0.827
0.832
0.836
0.84
0.846
0.853
0.86
0.87
0.877
0.884
0.891
0.894
0.9
0.906
0.912
0.916
0.922
0.931
0.938
0.951
0.954
0.958
0.967
0.972
0.978
0.992
0.999
1.006
1.016
1.019
1.027
1.032
1.037
1.045
1.055
1.062
1.072
1.075
1.08
1.089
1.101
1.108
1.113
1.121
1.13
1.143
1.15
1.163
1.17
1.175
1.184
1.19
1.202
1.214
1.222
1.231
1.24
1.248
1.257
1.267
1.282
1.292
1.299
1.305
1.31
1.32
1.338
1.354
1.366
1.374
1.388
1.396
1.404
1.412
1.421
1.433
1.449
1.461
1.481
1.487
1.49
1.503
1.524
1.532
1.544
1.554
1.571
1.583
1.595
1.607
1.622
1.638
1.657
1.673
1.687
1.699
1.711
1.729
1.743
1.756
1.776
1.802
1.82
1.835
1.853
1.876
1.9
1.921
1.945
1.965
1.984
2.007
2.027
2.059
2.081
2.107
2.128
2.165
2.188
2.229
2.273
2.3
2.344
2.389
2.438
2.499
2.57
2.65
2.745
2.815
2.993
3.109
3.223
3.609
4.448
4.715
4.907
5.053
5.246
