0.07
0.18
0.24
0.45
0.54
0.6
0.64
0.68
0.71
0.72
0.75
0.75
0.77
0.77
0.77
0.77
0.78
0.82
0.83
0.85
0.85
0.86
0.9
0.91
0.96
0.99
1.02
1.03
1.04
1.08
1.11
1.15
1.15
1.15
1.16
1.17
1.21
1.23
1.25
1.26
1.26
1.3
1.3
1.31
1.34
1.36
1.36
1.36
1.38
1.43
1.44
1.46
1.47
1.52
1.56
1.57
1.6
1.61
1.63
1.64
1.66
1.68
1.68
1.71
1.76
1.79
1.81
1.81
1.86
1.86
1.87
1.89
1.89
1.9
1.9
1.91
1.94
1.94
1.94
1.97
1.99
2
2
2
2.02
2.04
2.04
2.04
2.07
2.11
2.17
2.21
2.23
2.28
2.29
2.3
2.31
2.32
2.35
2.38
2.39
2.42
2.46
2.47
2.49
2.52
2.55
2.58
2.61
2.63
2.68
2.71
2.77
2.79
2.79
2.81
2.84
2.86
2.89
2.91
2.92
2.92
2.94
2.96
2.98
3.02
3.02
3.04
3.04
3.04
3.04
3.08
3.08
3.09
3.11
3.12
3.13
3.17
3.17
3.17
3.18
3.19
3.21
3.24
3.25
3.28
3.28
3.3
3.32
3.34
3.36
3.41
3.46
3.51
3.53
3.56
3.58
3.61
3.69
3.73
3.76
3.8
3.84
3.88
3.91
3.97
3.98
4.03
4.03
4.08
4.1
4.14
4.15
4.18
4.19
4.22
4.23
4.25
4.26
4.26
4.32
4.32
4.37
4.4
4.43
4.46
4.47
4.53
4.54
4.6
4.65
4.73
4.78
4.85
4.87
4.93
4.96
4.98
5.03
5.05
5.07
5.11
5.12
5.13
5.19
5.26
5.34
5.39
5.42
5.48
5.53
5.58
5.62
5.74
5.82
5.87
5.9
5.94
5.98
6
6.02
6.04
6.09
6.14
6.18
6.26
6.3
6.33
6.43
6.53
6.58
6.63
6.67
6.75
6.81
6.94
6.97
7.02
7.05
7.09
7.12
7.21
7.28
7.43
7.49
7.56
7.68
7.72
7.81
7.91
7.99
8.04
8.17
8.25
8.28
8.44
8.55
8.64
8.73
8.86
8.98
9.07
9.2
9.29
9.42
9.56
9.72
9.85
9.98
10.18
10.42
10.55
10.65
10.78
10.95
11.12
11.33
11.56
11.82
12.1
12.42
12.68
12.95
13.22
13.49
13.78
14.24
14.64
15.05
15.66
16.57
17.43
18.73
19.44
20.88
22.54
24.55
28.06
31.51
35.65
