0.15501
0.15501
0.161155
0.161155
0.168605
0.168605
0.176693
0.176711
0.183357
0.183632
0.190708
0.191338
0.197802
0.19814
0.203585
0.204007
0.208619
0.209907
0.214478
0.216026
0.219858
0.220745
0.22441
0.225529
0.230113
0.231297
0.234413
0.236009
0.23859
0.240425
0.24232
0.244305
0.24652
0.24843
0.25033
0.252159
0.254131
0.255487
0.257713
0.259315
0.26067
0.262761
0.264349
0.266235
0.267859
0.270039
0.271337
0.273213
0.274732
0.27679
0.277986
0.279948
0.280953
0.282625
0.284163
0.285637
0.286904
0.288521
0.289958
0.291884
0.293256
0.294378
0.29566
0.297216
0.29885
0.300089
0.301202
0.302727
0.304309
0.305804
0.307263
0.308405
0.309581
0.310866
0.31208
0.313356
0.31482
0.316149
0.317584
0.319168
0.320715
0.322179
0.323628
0.325031
0.326525
0.328323
0.329451
0.331171
0.332058
0.333829
0.334971
0.336402
0.33766
0.338629
0.33969
0.34094
0.34185
0.343137
0.344081
0.345305
0.346385
0.347742
0.348949
0.349978
0.351007
0.351909
0.353116
0.354248
0.355607
0.356495
0.357728
0.358944
0.359983
0.360971
0.362006
0.363108
0.364427
0.365817
0.367041
0.368311
0.369421
0.370802
0.371715
0.3731
0.37413
0.37521
0.37625
0.377441
0.378584
0.379889
0.381066
0.382074
0.383357
0.384623
0.385613
0.387009
0.388206
0.389923
0.391233
0.392507
0.393468
0.394768
0.396128
0.397314
0.39868
0.400011
0.401304
0.402488
0.403526
0.405072
0.406296
0.408004
0.409019
0.41032
0.411727
0.413296
0.414849
0.416119
0.417488
0.419201
0.420543
0.421819
0.423275
0.424519
0.426297
0.427823
0.429067
0.430525
0.431753
0.433499
0.434797
0.436532
0.437872
0.439204
0.44047
0.441756
0.443145
0.444509
0.446192
0.447501
0.448702
0.449891
0.451081
0.452079
0.453667
0.455342
0.45702
0.458767
0.460207
0.461619
0.463289
0.464901
0.466439
0.46774
0.469412
0.470734
0.472297
0.47359
0.4756
0.476887
0.478738
0.480215
0.481911
0.483228
0.48494
0.486501
0.488674
0.49008
0.491515
0.493203
0.495518
0.497257
0.498973
0.500597
0.502484
0.504745
0.506887
0.508308
0.51
0.511509
0.512983
0.515073
0.516235
0.51808
0.51945
0.521082
0.52255
0.524701
0.526041
0.527812
0.52958
0.531441
0.533188
0.534725
0.536588
0.538302
0.539961
0.541953
0.544044
0.546416
0.548128
0.550129
0.55189
0.554239
0.55654
0.558443
0.560646
0.562149
0.564105
0.566318
0.568238
0.570271
0.572215
0.574065
0.576171
0.577713
0.579733
0.581642
0.583678
0.585594
0.587564
0.589964
0.592501
0.59445
0.597153
0.599206
0.601052
0.603192
0.605816
0.608387
0.610981
0.613263
0.615739
0.618813
0.621025
0.623554
0.626147
0.628729
0.631228
0.633533
0.636013
0.638326
0.64026
0.642206
0.645262
0.647159
0.649682
0.651461
0.654054
0.656462
0.659118
0.661478
0.663831
0.666016
0.668607
0.671614
0.674166
0.677001
0.680316
0.682332
0.685129
0.687456
0.689868
0.692869
0.695721
0.698344
0.700548
0.703151
0.705868
0.70915
0.712456
0.714983
0.717927
0.720411
0.72306
0.725832
0.729136
0.732397
0.735795
0.738985
0.742317
0.745975
0.749718
0.753886
0.757459
0.761609
0.76567
0.769853
0.774487
0.778247
0.782564
0.787424
0.792147
0.797779
0.801806
0.805623
0.810056
0.814013
0.817873
0.821732
0.825753
0.829175
0.833239
0.838116
0.842942
0.847899
0.852971
0.85941
0.864187
0.869211
0.874347
0.879242
0.88463
0.888935
0.894297
0.899105
0.903327
0.908932
0.915472
0.921585
0.92715
0.931907
0.939106
0.946412
0.952462
0.958051
0.963368
0.968488
0.974784
0.982517
0.988601
0.996009
1.00467
1.01337
1.02109
1.02952
1.03922
1.05089
1.06411
1.07496
1.08645
1.09727
1.11125
1.12196
1.13337
1.14584
1.16095
1.17596
1.19618
1.21481
1.23022
1.24794
1.26466
1.28508
1.31126
1.35531
1.4011
1.46722
1.53039
1.67903
