0.328
0.328
0.328
0.328
0.328
0.328
0.328
0.328
0.328
0.329
0.33
0.33
0.332
0.332
0.333
0.334
0.334
0.334
0.334
0.335
0.337
0.338
0.338
0.338
0.338
0.339
0.34
0.34
0.34
0.343
0.343
0.343
0.343
0.344
0.345
0.346
0.349
0.35
0.353
0.353
0.356
0.357
0.357
0.358
0.365
0.367
0.371
0.374
0.379
0.382
0.384
0.389
0.391
0.396
0.397
0.401
0.402
0.406
0.409
0.416
0.422
0.426
0.428
0.431
0.434
0.44
0.445
0.447
0.451
0.452
0.456
0.459
0.461
0.466
0.473
0.474
0.477
0.48
0.482
0.482
0.488
0.493
0.494
0.497
0.501
0.505
0.508
0.514
0.517
0.519
0.52
0.525
0.53
0.532
0.535
0.539
0.541
0.544
0.548
0.556
0.556
0.563
0.57
0.577
0.582
0.586
0.591
0.596
0.599
0.601
0.601
0.606
0.609
0.612
0.616
0.616
0.619
0.62
0.622
0.626
0.631
0.636
0.641
0.645
0.65
0.66
0.666
0.674
0.678
0.685
0.687
0.69
0.693
0.699
0.701
0.702
0.706
0.712
0.716
0.718
0.721
0.726
0.735
0.739
0.744
0.75
0.756
0.763
0.765
0.769
0.771
0.774
0.78
0.788
0.793
0.797
0.8
0.808
0.813
0.823
0.832
0.836
0.838
0.843
0.845
0.85
0.853
0.854
0.857
0.863
0.868
0.871
0.876
0.884
0.888
0.896
0.902
0.906
0.908
0.919
0.923
0.93
0.934
0.937
0.945
0.951
0.954
0.96
0.965
0.972
0.975
0.985
0.988
0.992
0.997
1.003
1.01
1.014
1.015
1.021
1.026
1.029
1.037
1.04
1.045
1.051
1.059
1.065
1.075
1.08
1.083
1.088
1.092
1.099
1.104
1.108
1.112
1.117
1.123
1.128
1.138
1.141
1.144
1.151
1.158
1.161
1.166
1.17
1.176
1.183
1.189
1.194
1.197
1.201
1.208
1.218
1.226
1.237
1.244
1.25
1.252
1.257
1.268
1.27
1.273
1.28
1.287
1.291
1.296
1.3
1.308
1.314
1.322
1.329
1.335
1.337
1.34
1.35
1.356
1.359
1.364
1.372
1.376
1.382
1.386
1.395
1.4
1.402
1.408
1.415
1.421
1.422
1.429
1.434
1.443
1.449
1.457
1.467
1.471
1.483
1.488
1.493
1.497
1.504
1.509
1.514
1.519
1.522
1.526
1.53
1.539
1.546
1.553
1.561
1.57
1.578
1.583
1.588
1.595
1.607
1.611
1.618
1.625
1.63
1.635
1.64
1.644
1.648
1.657
1.666
1.673
1.677
1.69
1.693
1.703
1.709
1.714
1.722
1.733
1.737
1.748
1.755
1.761
1.769
1.776
1.781
1.795
1.801
1.807
1.816
1.821
1.83
1.84
1.853
1.862
1.871
1.876
1.885
1.893
1.904
1.91
1.917
1.925
1.935
1.947
1.957
1.961
1.971
1.984
1.994
2.004
2.013
2.02
2.028
2.039
2.052
2.068
2.075
2.087
2.104
2.115
2.131
2.144
2.159
2.174
2.19
2.208
2.224
2.239
2.255
2.267
2.282
2.303
2.321
2.342
2.36
2.383
2.399
2.434
2.458
2.487
2.507
2.542
2.591
2.632
2.678
2.732
2.801
2.873
2.97
3.071
3.16
3.264
3.393
3.579
3.692
3.829
4.226
4.468
5.148
