0.17
0.28
0.37
0.52
0.58
0.59
0.6
0.64
0.68
0.7
0.78
0.84
0.86
0.9
0.91
0.92
0.94
0.96
0.97
0.98
1.0
1.03
1.07
1.12
1.14
1.18
1.24
1.27
1.29
1.3
1.3
1.3
1.31
1.32
1.32
1.35
1.35
1.36
1.37
1.39
1.41
1.45
1.46
1.5
1.52
1.56
1.59
1.64
1.65
1.68
1.7
1.74
1.78
1.82
1.85
1.9
1.9
1.91
1.94
1.96
1.98
2.01
2.06
2.06
2.07
2.12
2.14
2.16
2.21
2.24
2.29
2.3
2.35
2.39
2.44
2.45
2.48
2.52
2.54
2.57
2.61
2.61
2.64
2.66
2.67
2.68
2.7
2.73
2.74
2.77
2.79
2.81
2.81
2.82
2.87
2.87
2.9
2.93
2.95
2.96
2.98
3.0
3.01
3.03
3.07
3.1
3.11
3.13
3.13
3.17
3.21
3.24
3.26
3.27
3.3
3.3
3.32
3.35
3.37
3.4
3.42
3.42
3.43
3.45
3.48
3.53
3.58
3.62
3.62
3.64
3.69
3.73
3.77
3.86
3.9
3.91
3.94
3.95
3.99
4.01
4.06
4.09
4.13
4.17
4.2
4.23
4.27
4.27
4.31
4.35
4.38
4.4
4.42
4.43
4.44
4.48
4.51
4.54
4.56
4.56
4.61
4.63
4.64
4.66
4.7
4.73
4.78
4.8
4.81
4.83
4.86
4.88
4.92
4.95
4.99
5.01
5.02
5.04
5.05
5.1
5.15
5.16
5.18
5.23
5.29
5.31
5.33
5.39
5.45
5.49
5.53
5.56
5.61
5.64
5.65
5.67
5.7
5.75
5.77
5.8
5.8
5.8
5.82
5.84
5.88
5.88
5.88
5.92
5.94
5.97
6.02
6.05
6.07
6.13
6.18
6.22
6.27
6.32
6.37
6.38
6.4
6.45
6.49
6.53
6.56
6.59
6.6
6.65
6.66
6.66
6.66
6.67
6.67
6.68
6.7
6.73
6.74
6.78
6.8
6.85
6.92
6.97
6.99
7.05
7.1
7.15
7.19
7.24
7.32
7.33
7.36
7.39
7.41
7.44
7.46
7.5
7.51
7.54
7.57
7.6
7.62
7.63
7.66
7.68
7.73
7.73
7.74
7.79
7.83
7.88
7.91
7.94
7.99
8.06
8.08
8.15
8.17
8.18
8.18
8.23
8.25
8.27
8.33
8.36
8.39
8.43
8.43
8.45
8.49
8.52
8.59
8.62
8.66
8.69
8.71
8.75
8.79
8.83
8.89
8.94
8.96
8.99
9.02
9.06
9.09
9.1
9.14
9.18
9.22
9.27
9.3
9.33
9.36
9.39
9.45
9.54
9.56
9.6
9.64
9.66
9.69
9.71
9.75
9.77
9.79
9.81
9.86
9.89
9.9
9.97
10.02
10.07
10.1
10.15
10.18
10.26
10.29
10.35
10.44
10.5
10.52
10.54
10.57
10.59
10.66
10.71
10.79
10.82
10.86
10.88
10.91
10.94
10.98
11.01
11.04
11.06
11.15
11.24
11.31
11.36
11.39
11.43
11.5
11.53
11.56
11.63
11.67
11.72
11.77
11.82
11.89
11.97
12.02
12.1
12.13
12.17
12.26
12.33
12.39
12.41
12.48
12.59
12.7
12.75
12.82
12.88
12.94
13.02
13.07
13.14
13.2
13.28
13.35
13.46
13.52
13.6
13.67
13.77
13.85
13.91
13.98
14.05
14.17
14.27
14.4
14.51
14.65
14.73
14.83
14.92
15.02
15.19
15.33
15.4
15.53
15.7
15.85
16.04
16.15
16.34
16.47
16.59
16.79
16.94
17.15
17.39
17.52
17.7
17.95
18.13
18.36
18.6
18.79
19.06
19.36
19.65
19.95
20.31
20.59
20.99
21.36
21.79
22.39
22.91
23.64
24.33
25.26
26.79
29.51
40.24
