0.152377
0.152377
0.15546
0.15546
0.160704
0.160704
0.164047
0.164047
0.16538
0.16538
0.168446
0.169429
0.169429
0.16974
0.16974
0.173493
0.17917
0.17917
0.180338
0.180338
0.182917
0.182917
0.183325
0.183325
0.184297
0.184297
0.185285
0.185285
0.187289
0.187289
0.193141
0.193141
0.193377
0.193377
0.194404
0.194404
0.205746
0.205746
0.216735
0.216735
0.219601
0.219601
0.220298
0.220298
0.230566
0.230566
0.236243
0.237807
0.237807
0.240803
0.24389
0.24389
0.245662
0.245662
0.246049
0.250386
0.253042
0.253042
0.263372
0.263372
0.26411
0.26411
0.265281
0.265281
0.268441
0.268441
0.270238
0.270238
0.274103
0.276143
0.276143
0.281327
0.281327
0.281402
0.281402
0.285786
0.28639
0.28639
0.28697
0.28697
0.287121
0.287121
0.287451
0.292514
0.292514
0.295457
0.296135
0.297623
0.297623
0.29891
0.29891
0.299583
0.302766
0.302786
0.302786
0.308271
0.308271
0.308308
0.308308
0.312817
0.312817
0.312885
0.312885
0.318404
0.318404
0.31847
0.318558
0.318558
0.321235
0.321235
0.322855
0.322855
0.322876
0.322876
0.323189
0.323189
0.323253
0.323253
0.323689
0.323689
0.326863
0.327922
0.327939
0.327939
0.329693
0.33186
0.33186
0.333362
0.333362
0.335032
0.335032
0.335287
0.335287
0.341334
0.343351
0.343351
0.346717
0.346717
0.347256
0.347256
0.347411
0.347411
0.347772
0.347772
0.350359
0.350359
0.354045
0.355233
0.355616
0.355616
0.355835
0.355835
0.356064
0.3605
0.362221
0.365217
0.365726
0.365726
0.368093
0.369149
0.369327
0.369327
0.374601
0.375017
0.375017
0.378966
0.379763
0.379763
0.383266
0.383266
0.384424
0.384424
0.385446
0.387577
0.390575
0.391807
0.391807
0.392115
0.392759
0.395711
0.395711
0.396296
0.397967
0.399846
0.401316
0.401316
0.401978
0.401978
0.40213
0.402764
0.403527
0.405034
0.405034
0.405968
0.405968
0.406215
0.406215
0.406905
0.406905
0.407226
0.407226
0.412037
0.412037
0.412306
0.412306
0.412316
0.412316
0.414437
0.414437
0.416964
0.416964
0.419239
0.419239
0.419641
0.421166
0.421473
0.421473
0.421478
0.421478
0.421846
0.423215
0.424689
0.424689
0.426103
0.426103
0.427422
0.427706
0.427706
0.428599
0.428791
0.429481
0.429481
0.429805
0.430035
0.430602
0.431285
0.431285
0.431866
0.432603
0.432888
0.432888
0.432965
0.432965
0.434091
0.434575
0.434575
0.434605
0.435113
0.43529
0.43529
0.435357
0.436747
0.436859
0.436859
0.439813
0.439813
0.441709
0.444576
0.444576
0.444702
0.445001
0.445001
0.445615
0.446096
0.446096
0.447089
0.448332
0.452093
0.452702
0.452702
0.457355
0.457545
0.459075
0.459789
0.461871
0.464046
0.464324
0.464602
0.466684
0.466684
0.468296
0.468296
0.468333
0.470903
0.471485
0.472799
0.472815
0.472815
0.473774
0.474552
0.480551
0.481077
0.481077
0.486059
0.486059
0.486658
0.486658
0.488761
0.488761
0.489369
0.491363
0.491363
0.491846
0.492919
0.492919
0.494367
0.49454
0.49454
0.494571
0.494571
0.496277
0.497276
0.497276
0.499443
0.499443
0.499661
0.500168
0.504264
0.5054
0.507052
0.509594
0.513518
0.513518
0.513862
0.514165
0.514565
0.518833
0.518833
0.521487
0.521487
0.522982
0.523205
0.525615
0.526693
0.527445
0.531553
0.532107
0.532516
0.535251
0.537583
0.53776
0.539795
0.541742
0.541742
0.549278
0.549454
0.558957
0.558957
0.559203
0.562544
0.563679
0.563701
0.564704
0.564704
0.567398
0.567398
0.567636
0.56834
0.568997
0.568997
0.569083
0.571488
0.571488
0.571602
0.577998
0.578648
0.580147
0.58105
0.587523
0.587523
0.58834
0.588973
0.590439
0.590439
0.592781
0.593863
0.595113
0.596877
0.598875
0.598875
0.600006
0.602972
0.605118
0.607272
0.612769
0.612943
0.612943
0.614563
0.614652
0.616346
0.616346
0.619293
0.620505
0.622811
0.625695
0.626471
0.632438
0.632438
0.634467
0.634842
0.635562
0.641998
0.641998
0.646592
0.649824
0.651711
0.653404
0.654215
0.657023
0.657889
0.657889
0.664225
0.664912
0.664912
0.667312
0.669167
0.673414
0.67564
0.675961
0.675961
0.677174
0.680672
0.680672
0.682813
0.689322
0.689322
0.691142
0.693749
0.699977
0.700556
0.706706
0.707721
0.723954
0.724263
0.724263
0.732898
0.733502
0.733502
0.741906
0.748305
0.752094
0.753796
0.753796
0.758267
0.75837
0.75884
0.759387
0.769455
0.780767
0.782202
0.786467
0.788072
0.788577
0.800945
0.803492
0.808646
0.819007
0.827837
0.835464
0.837107
0.83784
0.863735
0.86395
0.86395
0.871657
0.900598
0.900598
0.905876
0.917096
0.924539
0.92715
0.932465
0.953056
0.953419
0.953509
0.968916
0.969417
0.970028
0.970028
0.973528
1.01466
1.03864
1.05668
1.06452
1.06798
1.07193
1.07193
1.11301
1.11586
1.12408
1.13714
1.18294
1.19737
1.32257
1.40005
1.40148
1.43559
1.47807
1.55502
1.76817
