0.328
0.328
0.328
0.328
0.328
0.328
0.33
0.331
0.331
0.331
0.334
0.334
0.334
0.335
0.335
0.336
0.337
0.337
0.338
0.339
0.34
0.341
0.342
0.342
0.344
0.344
0.345
0.345
0.349
0.352
0.354
0.355
0.361
0.364
0.368
0.37
0.375
0.379
0.381
0.384
0.391
0.394
0.397
0.403
0.407
0.41
0.416
0.42
0.426
0.428
0.434
0.437
0.446
0.448
0.45
0.453
0.458
0.463
0.468
0.47
0.472
0.476
0.479
0.481
0.484
0.485
0.486
0.491
0.492
0.498
0.502
0.508
0.515
0.518
0.524
0.532
0.535
0.539
0.544
0.548
0.556
0.562
0.563
0.568
0.571
0.575
0.577
0.581
0.583
0.585
0.588
0.595
0.597
0.6
0.604
0.607
0.613
0.618
0.627
0.63
0.635
0.637
0.639
0.645
0.652
0.658
0.661
0.663
0.665
0.667
0.669
0.676
0.679
0.684
0.688
0.69
0.692
0.703
0.707
0.71
0.713
0.718
0.72
0.723
0.729
0.734
0.737
0.738
0.743
0.748
0.751
0.754
0.757
0.766
0.772
0.776
0.778
0.788
0.798
0.802
0.803
0.803
0.805
0.806
0.809
0.812
0.814
0.816
0.817
0.82
0.825
0.832
0.835
0.843
0.844
0.851
0.852
0.856
0.86
0.869
0.873
0.876
0.883
0.886
0.894
0.896
0.899
0.905
0.911
0.912
0.914
0.914
0.916
0.918
0.923
0.924
0.925
0.929
0.93
0.932
0.935
0.937
0.94
0.946
0.953
0.958
0.963
0.968
0.972
0.982
0.988
0.994
0.997
1
1.002
1.007
1.012
1.015
1.017
1.019
1.022
1.028
1.032
1.034
1.04
1.046
1.048
1.051
1.06
1.063
1.063
1.069
1.074
1.078
1.081
1.083
1.088
1.093
1.095
1.097
1.098
1.1
1.1
1.105
1.106
1.11
1.116
1.118
1.124
1.126
1.129
1.131
1.138
1.142
1.147
1.15
1.155
1.157
1.16
1.161
1.162
1.166
1.17
1.173
1.176
1.177
1.181
1.187
1.195
1.199
1.206
1.208
1.211
1.215
1.219
1.222
1.227
1.23
1.232
1.233
1.235
1.241
1.243
1.245
1.249
1.249
1.253
1.257
1.26
1.265
1.268
1.27
1.277
1.281
1.286
1.292
1.295
1.295
1.296
1.299
1.303
1.304
1.309
1.311
1.315
1.317
1.322
1.324
1.327
1.338
1.341
1.344
1.345
1.349
1.354
1.356
1.357
1.359
1.363
1.366
1.369
1.376
1.378
1.384
1.384
1.385
1.387
1.389
1.394
1.398
1.401
1.402
1.405
1.41
1.419
1.421
1.425
1.425
1.428
1.431
1.436
1.439
1.445
1.45
1.451
1.454
1.457
1.459
1.463
1.468
1.469
1.472
1.475
1.482
1.484
1.489
1.492
1.496
1.501
1.504
1.505
1.506
1.51
1.513
1.519
1.522
1.527
1.529
1.531
1.536
1.541
1.546
1.548
1.552
1.556
1.559
1.56
1.561
1.567
1.571
1.575
1.577
1.581
1.584
1.584
1.586
1.592
1.596
1.598
1.603
1.607
1.609
1.611
1.615
1.618
1.619
1.621
1.627
1.628
1.633
1.635
1.637
1.641
1.645
1.647
1.651
1.652
1.657
1.66
1.664
1.666
1.667
1.671
1.678
1.681
1.684
1.687
1.692
1.694
1.696
1.699
1.702
1.705
1.706
1.713
1.716
1.72
1.722
1.724
1.725
1.726
1.729
1.731
1.734
1.737
1.739
1.742
1.746
1.751
1.756
1.759
1.761
1.763
1.767
1.772
1.775
1.777
1.78
1.785
1.785
1.788
1.791
1.793
1.795
1.8
1.805
1.808
1.813
1.816
1.818
1.821
1.822
1.825
1.828
1.829
1.83
1.834
1.837
1.84
1.844
1.847
1.85
1.853
1.859
1.865
1.867
1.872
1.874
1.877
1.881
1.883
1.887
1.892
1.894
1.895
1.898
1.9
1.903
1.905
1.907
1.91
1.915
1.919
1.924
1.927
1.932
1.935
1.936
1.939
1.943
1.948
1.953
1.955
1.962
1.964
1.966
1.969
1.971
1.975
1.975
1.979
1.982
1.986
1.987
1.991
1.996
1.998
2.001
2.005
2.009
2.012
2.019
2.02
2.023
2.029
2.031
2.033
2.037
2.038
2.044
2.049
2.05
2.054
2.056
2.059
2.066
2.071
2.072
2.08
2.082
2.086
2.089
2.093
2.095
2.099
2.1
2.106
2.112
2.115
2.121
2.124
2.126
2.13
2.133
2.139
2.142
2.147
2.15
2.153
2.157
2.162
2.164
2.167
2.168
2.17
2.175
2.183
2.185
2.188
2.191
2.195
2.199
2.208
2.209
2.212
2.216
2.221
2.226
2.228
2.231
2.232
2.234
2.237
2.239
2.241
2.246
2.254
2.257
2.26
2.263
2.266
2.269
2.271
2.274
2.279
2.285
2.288
2.295
2.296
2.301
2.305
2.307
2.311
2.317
2.32
2.322
2.328
2.334
2.338
2.339
2.342
2.343
2.347
2.349
2.357
2.36
2.364
2.368
2.375
2.376
2.382
2.387
2.393
2.397
2.403
2.406
2.411
2.414
2.418
2.421
2.426
2.429
2.431
2.434
2.436
2.442
2.448
2.452
2.454
2.456
2.462
2.471
2.476
2.478
2.482
2.486
2.488
2.489
2.498
2.501
2.51
2.513
2.515
2.521
2.527
2.533
2.536
2.542
2.549
2.553
2.556
2.561
2.567
2.576
2.579
2.581
2.584
2.591
2.597
2.598
2.604
2.608
2.613
2.62
2.623
2.627
2.634
2.641
2.645
2.656
2.658
2.664
2.671
2.674
2.682
2.689
2.693
2.696
2.706
2.707
2.716
2.722
2.728
2.737
2.747
2.753
2.758
2.762
2.773
2.782
2.784
2.786
2.794
2.804
2.809
2.818
2.828
2.836
2.844
2.849
2.854
2.864
2.87
2.877
2.888
2.895
2.901
2.911
2.918
2.926
2.935
2.949
2.959
2.967
2.975
2.987
2.995
3.003
3.013
3.02
3.03
3.039
3.052
3.061
3.076
3.084
3.091
3.104
3.116
3.129
3.136
3.151
3.162
3.177
3.193
3.207
3.219
3.232
3.251
3.271
3.288
3.307
3.327
3.339
3.36
3.371
3.392
3.418
3.445
3.477
3.502
3.539
3.572
3.611
3.667
3.734
3.815
3.95
4.109
4.27
