0.328
0.328
0.328
0.328
0.328
0.33
0.333
0.334
0.334
0.335
0.335
0.336
0.337
0.341
0.348
0.352
0.356
0.368
0.385
0.397
0.414
0.42
0.423
0.431
0.441
0.452
0.461
0.473
0.484
0.499
0.51
0.52
0.532
0.545
0.561
0.572
0.586
0.6
0.614
0.638
0.654
0.673
0.693
0.721
0.738
0.756
0.782
0.815
0.832
0.857
0.883
0.906
0.935
0.956
0.986
1.016
1.043
1.071
1.113
1.147
1.189
1.228
1.273
1.313
1.358
1.396
1.441
1.476
1.51
1.557
1.601
1.64
1.672
1.712
1.76
1.81
1.872
1.948
1.995
2.046
2.117
2.203
2.285
2.353
2.417
2.499
2.601
2.675
2.783
2.947
3.079
3.304
3.432
3.557
3.948
4.121
4.484
4.862
5.176
5.502
