0.204599
0.204599
0.260505
0.277809
0.314343
0.337171
0.351905
0.359007
0.372146
0.381562
0.39366
0.400954
0.411574
0.425082
0.436759
0.447458
0.457914
0.470031
0.481018
0.493126
0.499435
0.511401
0.516325
0.528347
0.5366
0.555215
0.564903
0.578745
0.588537
0.600816
0.608877
0.619158
0.626271
0.637041
0.64318
0.654549
0.662364
0.674091
0.682643
0.692595
0.701196
0.711493
0.719807
0.729016
0.740115
0.749567
0.762117
0.781449
0.792036
0.812422
0.824903
0.841888
0.856111
0.870476
0.886151
0.903546
0.918569
0.931404
0.94505
0.958824
0.972126
0.986874
0.99738
1.01161
1.02148
1.04151
1.06121
1.07654
1.09632
1.11822
1.15738
1.185
1.21184
1.24682
1.29411
1.32651
1.38937
1.42743
1.46284
1.48634
1.5178
1.55125
1.58226
1.62928
1.67109
1.68491
1.756
1.81248
1.8574
1.88435
1.917
1.95232
2.02556
2.07573
2.31173
2.37163
2.50693
2.6747
2.7753
3.88407
