0.169809
0.169809
0.192667
0.192667
0.212839
0.213708
0.232088
0.232771
0.248109
0.249267
0.258697
0.26164
0.269253
0.274267
0.282887
0.286663
0.293982
0.297647
0.304204
0.309449
0.314197
0.319473
0.323314
0.328526
0.333457
0.337273
0.342527
0.348222
0.352396
0.358178
0.361158
0.366503
0.370855
0.37666
0.379852
0.385797
0.390208
0.394494
0.399011
0.4027
0.407653
0.410732
0.416951
0.419174
0.423724
0.428199
0.433398
0.43718
0.441973
0.444631
0.449135
0.452153
0.456469
0.459234
0.463746
0.467236
0.471417
0.475039
0.480276
0.484848
0.489766
0.494119
0.499104
0.504218
0.509437
0.514304
0.519078
0.524648
0.528659
0.532539
0.536028
0.540631
0.544442
0.548612
0.551634
0.556869
0.560777
0.565249
0.570355
0.57508
0.578843
0.582128
0.587845
0.5919
0.596502
0.601477
0.605465
0.609783
0.614446
0.619153
0.622589
0.626651
0.629664
0.634739
0.639246
0.64408
0.64755
0.65131
0.656564
0.661115
0.666446
0.670704
0.676287
0.68169
0.68773
0.693481
0.698395
0.703015
0.709263
0.715169
0.718872
0.724563
0.729202
0.734397
0.739208
0.745407
0.750719
0.756804
0.761948
0.767728
0.771915
0.778461
0.784787
0.792857
0.80045
0.80688
0.81304
0.819221
0.825762
0.831952
0.838178
0.846385
0.854674
0.862887
0.8696
0.877798
0.887886
0.895228
0.901463
0.907782
0.914288
0.920954
0.928309
0.936169
0.944628
0.954375
0.961798
0.972304
0.980603
0.990584
0.999755
1.0076
1.01586
1.02323
1.03085
1.03891
1.04737
1.05662
1.06481
1.07277
1.08202
1.0901
1.09745
1.1052
1.11518
1.12333
1.13296
1.14195
1.14969
1.15911
1.17021
1.18072
1.19369
1.20536
1.21854
1.23236
1.24781
1.26803
1.28723
1.31204
1.3353
1.35917
1.37922
1.40705
1.44268
1.4684
1.49149
1.52141
1.54299
1.57167
1.60244
1.64437
1.67873
1.71157
1.74663
1.79118
1.85745
1.94749
2.42427
2.63975
