0.328
0.328
0.328
0.328
0.328
0.328
0.328
0.328
0.328
0.328
0.328
0.328
0.328
0.328
0.328
0.328
0.329
0.329
0.329
0.33
0.33
0.331
0.331
0.332
0.332
0.332
0.334
0.335
0.336
0.336
0.336
0.336
0.337
0.337
0.339
0.339
0.34
0.34
0.341
0.341
0.342
0.342
0.343
0.344
0.346
0.346
0.348
0.352
0.352
0.354
0.36
0.37
0.373
0.376
0.38
0.384
0.384
0.386
0.391
0.393
0.396
0.399
0.406
0.407
0.41
0.412
0.419
0.422
0.429
0.431
0.435
0.438
0.44
0.441
0.445
0.45
0.455
0.456
0.46
0.465
0.47
0.475
0.476
0.479
0.482
0.484
0.485
0.49
0.49
0.493
0.494
0.499
0.501
0.502
0.506
0.513
0.517
0.52
0.527
0.531
0.54
0.546
0.55
0.554
0.559
0.566
0.57
0.576
0.58
0.585
0.591
0.595
0.599
0.601
0.607
0.61
0.615
0.617
0.621
0.624
0.628
0.629
0.631
0.637
0.641
0.65
0.656
0.666
0.674
0.683
0.69
0.693
0.697
0.698
0.702
0.705
0.711
0.717
0.722
0.728
0.733
0.741
0.748
0.753
0.758
0.761
0.767
0.773
0.781
0.787
0.793
0.798
0.804
0.808
0.814
0.821
0.824
0.828
0.831
0.835
0.842
0.845
0.853
0.857
0.865
0.875
0.882
0.89
0.894
0.904
0.908
0.912
0.914
0.922
0.926
0.93
0.934
0.939
0.948
0.957
0.967
0.975
0.979
0.989
0.995
1.003
1.01
1.014
1.021
1.029
1.039
1.047
1.053
1.055
1.067
1.078
1.086
1.095
1.109
1.116
1.126
1.132
1.139
1.144
1.15
1.154
1.158
1.169
1.18
1.191
1.203
1.214
1.221
1.232
1.24
1.246
1.258
1.267
1.275
1.283
1.288
1.297
1.309
1.317
1.335
1.342
1.356
1.365
1.376
1.383
1.392
1.401
1.41
1.42
1.437
1.441
1.451
1.458
1.472
1.481
1.489
1.5
1.516
1.528
1.541
1.552
1.566
1.572
1.59
1.611
1.62
1.632
1.645
1.662
1.676
1.694
1.709
1.726
1.739
1.76
1.776
1.797
1.823
1.838
1.853
1.879
1.902
1.925
1.95
1.97
1.997
2.023
2.056
2.079
2.11
2.15
2.183
2.221
2.268
2.324
2.374
2.418
2.481
2.544
2.596
2.654
2.711
2.804
2.91
3.062
3.2
3.338
3.444
3.6
3.74
3.929
4.11
4.398
4.627
4.914
