0.03
0.08
0.15
0.3
0.43
0.56
0.6
0.65
0.72
0.75
0.76
0.78
0.78
0.78
0.78
0.8
0.83
0.84
0.88
0.88
0.9
0.91
0.91
0.92
0.94
0.95
0.95
0.96
0.99
1.02
1.02
1.03
1.04
1.05
1.08
1.08
1.1
1.1
1.11
1.14
1.16
1.2
1.23
1.25
1.28
1.28
1.29
1.29
1.29
1.3
1.31
1.31
1.32
1.32
1.33
1.34
1.34
1.35
1.36
1.36
1.36
1.37
1.37
1.38
1.41
1.41
1.44
1.46
1.48
1.51
1.57
1.62
1.63
1.66
1.68
1.69
1.71
1.73
1.75
1.77
1.81
1.86
1.88
1.9
1.93
1.95
2.01
2.03
2.05
2.08
2.11
2.12
2.13
2.15
2.15
2.17
2.18
2.18
2.18
2.2
2.21
2.22
2.24
2.26
2.26
2.26
2.26
2.26
2.26
2.28
2.28
2.3
2.3
2.31
2.31
2.31
2.31
2.32
2.33
2.34
2.37
2.37
2.37
2.38
2.38
2.4
2.42
2.43
2.43
2.45
2.45
2.48
2.51
2.53
2.58
2.63
2.7
2.73
2.8
2.86
2.9
2.97
2.98
3.0
3.04
3.11
3.13
3.15
3.18
3.19
3.22
3.23
3.23
3.23
3.24
3.25
3.26
3.27
3.29
3.29
3.29
3.29
3.3
3.3
3.33
3.37
3.38
3.38
3.41
3.43
3.43
3.44
3.44
3.47
3.49
3.51
3.54
3.58
3.58
3.6
3.61
3.62
3.66
3.66
3.69
3.71
3.78
3.83
3.89
3.91
3.95
3.99
4.03
4.12
4.15
4.21
4.24
4.24
4.26
4.27
4.29
4.29
4.32
4.35
4.37
4.38
4.41
4.43
4.47
4.49
4.49
4.49
4.51
4.55
4.56
4.59
4.62
4.67
4.7
4.75
4.79
4.84
4.86
4.94
5.01
5.07
5.12
5.15
5.17
5.23
5.24
5.26
5.29
5.33
5.37
5.38
5.41
5.41
5.44
5.44
5.47
5.51
5.54
5.58
5.63
5.71
5.77
5.86
5.92
5.98
6.06
6.09
6.12
6.18
6.18
6.19
6.19
6.22
6.24
6.28
6.33
6.34
6.35
6.43
6.48
6.62
6.64
6.74
6.85
6.91
6.95
6.98
7.02
7.06
7.12
7.14
7.16
7.17
7.24
7.31
7.41
7.47
7.51
7.6
7.68
7.77
7.84
7.88
7.93
7.98
8.01
8.09
8.14
8.32
8.4
8.44
8.55
8.62
8.7
8.76
8.83
8.9
9.02
9.1
9.2
9.29
9.37
9.42
9.52
9.61
9.71
9.86
9.97
10.09
10.17
10.29
10.41
10.56
10.71
10.84
11.0
11.15
11.31
11.53
11.72
11.92
12.2
12.31
12.54
12.74
13.0
13.23
13.61
13.94
14.33
14.64
15.16
15.76
16.33
16.9
17.61
18.32
18.82
19.67
20.53
21.44
22.51
24.13
25.67
27.74
