0.328
0.328
0.328
0.328
0.328
0.328
0.328
0.328
0.328
0.328
0.328
0.328
0.328
0.328
0.328
0.328
0.328
0.329
0.329
0.33
0.33
0.33
0.33
0.33
0.331
0.332
0.332
0.333
0.333
0.333
0.333
0.334
0.335
0.335
0.335
0.335
0.336
0.338
0.34
0.34
0.34
0.34
0.34
0.341
0.341
0.342
0.343
0.344
0.344
0.344
0.344
0.345
0.346
0.348
0.348
0.351
0.353
0.353
0.358
0.361
0.364
0.367
0.368
0.369
0.371
0.374
0.376
0.378
0.38
0.386
0.388
0.391
0.393
0.396
0.4
0.406
0.415
0.418
0.423
0.428
0.43
0.432
0.434
0.436
0.44
0.442
0.443
0.446
0.448
0.448
0.453
0.454
0.457
0.459
0.462
0.464
0.464
0.469
0.47
0.474
0.476
0.478
0.483
0.485
0.489
0.493
0.497
0.501
0.504
0.506
0.507
0.509
0.511
0.515
0.518
0.52
0.526
0.529
0.532
0.535
0.542
0.545
0.549
0.556
0.56
0.563
0.566
0.569
0.573
0.579
0.58
0.585
0.587
0.589
0.592
0.596
0.602
0.603
0.606
0.61
0.612
0.615
0.622
0.628
0.632
0.639
0.646
0.65
0.653
0.655
0.664
0.667
0.669
0.671
0.674
0.678
0.684
0.686
0.691
0.696
0.702
0.708
0.712
0.717
0.719
0.726
0.727
0.731
0.738
0.743
0.748
0.752
0.754
0.757
0.761
0.763
0.769
0.777
0.783
0.785
0.791
0.797
0.8
0.803
0.806
0.81
0.817
0.822
0.835
0.837
0.845
0.851
0.856
0.86
0.862
0.868
0.87
0.872
0.881
0.884
0.887
0.891
0.899
0.902
0.904
0.909
0.915
0.924
0.929
0.936
0.941
0.946
0.952
0.955
0.957
0.962
0.965
0.97
0.979
0.982
0.986
0.988
0.994
0.999
1.005
1.011
1.016
1.022
1.026
1.037
1.044
1.048
1.056
1.059
1.062
1.066
1.067
1.07
1.074
1.078
1.08
1.087
1.096
1.105
1.11
1.116
1.125
1.13
1.132
1.134
1.139
1.144
1.147
1.155
1.161
1.167
1.174
1.18
1.186
1.189
1.195
1.199
1.206
1.213
1.219
1.224
1.229
1.234
1.241
1.244
1.246
1.253
1.26
1.27
1.276
1.28
1.29
1.296
1.302
1.305
1.312
1.32
1.325
1.333
1.339
1.345
1.349
1.353
1.361
1.367
1.371
1.379
1.387
1.397
1.406
1.41
1.42
1.429
1.435
1.444
1.446
1.452
1.458
1.47
1.477
1.483
1.493
1.503
1.507
1.518
1.525
1.531
1.537
1.545
1.556
1.563
1.572
1.583
1.59
1.595
1.604
1.608
1.619
1.63
1.642
1.652
1.655
1.658
1.666
1.677
1.693
1.701
1.71
1.719
1.731
1.736
1.743
1.751
1.761
1.78
1.789
1.801
1.816
1.823
1.831
1.84
1.849
1.864
1.871
1.88
1.889
1.9
1.916
1.926
1.936
1.945
1.954
1.965
1.974
1.99
2.004
2.015
2.029
2.043
2.056
2.075
2.087
2.107
2.129
2.145
2.161
2.177
2.199
2.22
2.243
2.266
2.283
2.311
2.336
2.369
2.401
2.433
2.466
2.494
2.524
2.561
2.608
2.649
2.698
2.784
2.828
2.896
2.997
3.172
3.318
3.513
3.788
4.045
4.799
5.056
