0.150254
0.150254
0.152911
0.152911
0.153061
0.153061
0.160697
0.160697
0.178164
0.178164
0.19658
0.19658
0.197964
0.197964
0.213647
0.213647
0.214439
0.214439
0.215452
0.215452
0.216704
0.216704
0.217706
0.217706
0.223055
0.223055
0.223114
0.235972
0.235972
0.236827
0.236827
0.239747
0.239747
0.241871
0.241871
0.246039
0.246039
0.249562
0.249562
0.251215
0.251215
0.25659
0.25659
0.259666
0.259666
0.259729
0.259729
0.260626
0.260626
0.260932
0.260932
0.262709
0.262969
0.264441
0.264441
0.266906
0.266906
0.271875
0.271875
0.272367
0.272367
0.278579
0.280335
0.280335
0.28146
0.284362
0.284362
0.286226
0.286226
0.288352
0.288352
0.2907
0.291342
0.291342
0.29565
0.29565
0.3043
0.3043
0.305984
0.306869
0.308465
0.30911
0.309799
0.310897
0.310897
0.314995
0.314995
0.316215
0.317193
0.317193
0.318004
0.319853
0.319853
0.320945
0.320945
0.321237
0.324182
0.324182
0.325569
0.325569
0.32608
0.32608
0.3267
0.3267
0.327392
0.327392
0.328904
0.328904
0.331348
0.332191
0.332626
0.334614
0.334614
0.337084
0.337084
0.338012
0.338012
0.339655
0.339655
0.340276
0.340345
0.340345
0.348311
0.348311
0.349546
0.350846
0.350846
0.352211
0.352339
0.352339
0.353546
0.353546
0.354202
0.354202
0.362404
0.362437
0.362481
0.362481
0.362559
0.364379
0.364379
0.366511
0.36917
0.36917
0.369962
0.369962
0.369988
0.370871
0.373256
0.373974
0.375601
0.375601
0.377566
0.377566
0.380702
0.380702
0.381846
0.385384
0.385749
0.385749
0.391246
0.391246
0.395123
0.395123
0.396077
0.396077
0.398685
0.398685
0.39888
0.39888
0.401183
0.401183
0.401812
0.401812
0.402091
0.402966
0.404849
0.404849
0.407319
0.407795
0.407795
0.408344
0.410244
0.410244
0.411011
0.411186
0.411186
0.41312
0.41758
0.41758
0.41862
0.41862
0.420487
0.420487
0.421245
0.422086
0.424858
0.42607
0.42607
0.427536
0.427536
0.432181
0.432181
0.432798
0.432798
0.43482
0.43482
0.43504
0.43504
0.441284
0.442742
0.442742
0.447383
0.448767
0.448767
0.451581
0.451581
0.454277
0.455052
0.455052
0.455231
0.455231
0.455682
0.455682
0.457612
0.457612
0.458206
0.458206
0.458425
0.458425
0.459449
0.464589
0.464589
0.467465
0.470682
0.470682
0.471147
0.473261
0.473261
0.47348
0.476522
0.479263
0.479263
0.480586
0.482869
0.484629
0.485884
0.4864
0.4864
0.492112
0.495665
0.495665
0.496225
0.499877
0.504155
0.506668
0.509367
0.510047
0.510384
0.510384
0.513307
0.513307
0.514033
0.514033
0.514541
0.514541
0.514988
0.518435
0.518435
0.518525
0.531936
0.531936
0.538096
0.538096
0.542816
0.542816
0.542896
0.542896
0.543745
0.544936
0.545676
0.545676
0.551827
0.551827
0.552403
0.552403
0.554961
0.556838
0.556838
0.559431
0.562124
0.562587
0.563162
0.56484
0.56484
0.566611
0.566611
0.568193
0.568716
0.568716
0.569319
0.571633
0.571633
0.572879
0.576125
0.576493
0.576739
0.576739
0.576844
0.576929
0.57874
0.579852
0.579852
0.582257
0.58514
0.58514
0.585349
0.590487
0.59108
0.595321
0.595321
0.596059
0.596487
0.596735
0.596735
0.597972
0.598877
0.600938
0.603545
0.605537
0.605537
0.605731
0.606615
0.606615
0.620266
0.621554
0.622662
0.624372
0.637766
0.637766
0.63813
0.641176
0.644031
0.644031
0.644575
0.647889
0.64933
0.650806
0.652227
0.655086
0.655086
0.656564
0.656564
0.657647
0.658094
0.658094
0.661678
0.663435
0.663435
0.664905
0.665293
0.667915
0.668408
0.66995
0.671484
0.675149
0.676314
0.677037
0.677037
0.681115
0.681503
0.685627
0.687776
0.687776
0.69025
0.691809
0.691809
0.69521
0.719138
0.729289
0.732113
0.734178
0.734535
0.73591
0.748251
0.748944
0.748944
0.750449
0.751497
0.751497
0.760681
0.767851
0.771007
0.783343
0.785457
0.790704
0.796187
0.798513
0.798513
0.800827
0.800874
0.800874
0.80378
0.805922
0.811785
0.819705
0.821237
0.825113
0.829448
0.871847
0.87251
0.874854
0.888211
0.895491
0.89713
0.89713
0.92235
0.928975
0.935806
0.947797
0.949405
0.958516
0.958649
0.960218
0.960498
0.963198
0.966598
0.969879
0.969879
0.974677
0.976518
0.978182
0.994191
1.0218
1.02776
1.03351
1.09455
1.15051
1.15051
1.15254
1.1566
1.28897
1.30299
1.35212
1.42836
1.43774
1.46656
1.46656
1.54557
1.90881
