0.152405
0.152405
0.155607
0.155607
0.159137
0.159142
0.164531
0.164586
0.17072
0.170846
0.176149
0.176263
0.181899
0.182248
0.188417
0.18886
0.194662
0.195478
0.200305
0.20123
0.206509
0.207468
0.211908
0.212962
0.215695
0.217531
0.220362
0.222399
0.224894
0.226771
0.229248
0.230721
0.232539
0.234426
0.236529
0.238358
0.23994
0.241899
0.243971
0.24524
0.247688
0.249047
0.25089
0.252167
0.254169
0.255896
0.257627
0.259164
0.260996
0.262256
0.263844
0.265205
0.267082
0.268475
0.270087
0.271249
0.272571
0.273535
0.275039
0.276344
0.277925
0.279406
0.281177
0.282346
0.283919
0.285246
0.286753
0.288244
0.289729
0.291089
0.292169
0.293792
0.295211
0.29663
0.297811
0.299421
0.30056
0.302112
0.30374
0.304854
0.306326
0.307418
0.308383
0.30961
0.310955
0.312449
0.313692
0.314961
0.315904
0.31686
0.317995
0.319033
0.320091
0.321211
0.322187
0.323447
0.324416
0.325458
0.326816
0.327992
0.329491
0.330402
0.331768
0.332735
0.333849
0.334802
0.336349
0.337204
0.338161
0.339484
0.340771
0.34196
0.343265
0.344176
0.345473
0.346138
0.347361
0.348361
0.349496
0.350535
0.351573
0.352412
0.353417
0.354375
0.355539
0.356609
0.3577
0.358638
0.359566
0.360629
0.361698
0.362773
0.36402
0.36497
0.366247
0.367076
0.36826
0.36942
0.370591
0.371517
0.372507
0.373304
0.374607
0.376004
0.377595
0.378769
0.379641
0.380782
0.38195
0.383211
0.384334
0.385578
0.386704
0.387662
0.38851
0.389592
0.390561
0.392211
0.393344
0.394106
0.395399
0.396334
0.397298
0.398387
0.399264
0.400519
0.401559
0.402418
0.403498
0.404321
0.405356
0.406201
0.407379
0.408274
0.409237
0.41018
0.410961
0.412111
0.413248
0.414685
0.415539
0.416938
0.417778
0.418746
0.419703
0.420565
0.42152
0.422266
0.42349
0.424684
0.425767
0.426972
0.428287
0.429488
0.430716
0.431425
0.432656
0.433833
0.435011
0.435786
0.437044
0.438175
0.439115
0.440168
0.44153
0.442808
0.44386
0.444722
0.44591
0.446937
0.447954
0.449111
0.450392
0.451444
0.4529
0.454088
0.455461
0.456515
0.457479
0.45884
0.460093
0.461243
0.462369
0.463452
0.464922
0.46618
0.467301
0.468535
0.470035
0.47116
0.472893
0.474182
0.475684
0.476867
0.478377
0.479634
0.481462
0.483219
0.484618
0.485924
0.487544
0.489126
0.490644
0.492134
0.493476
0.495259
0.496949
0.498085
0.499545
0.501162
0.50251
0.503787
0.505089
0.50678
0.50824
0.509944
0.511541
0.512957
0.514287
0.516239
0.51755
0.519095
0.520684
0.522151
0.523425
0.525367
0.526619
0.528295
0.529983
0.531633
0.533485
0.535333
0.537074
0.538825
0.540551
0.542288
0.543818
0.545391
0.546909
0.5484
0.549687
0.551493
0.552967
0.554526
0.556511
0.557871
0.559657
0.561516
0.563281
0.565424
0.567259
0.568974
0.570829
0.57253
0.574435
0.576212
0.577858
0.579833
0.581466
0.583016
0.585135
0.586994
0.589044
0.590808
0.592824
0.595085
0.596953
0.599014
0.6013
0.60324
0.604955
0.606999
0.609158
0.610971
0.612836
0.615058
0.616735
0.618691
0.620922
0.622833
0.625005
0.626821
0.629192
0.631171
0.633002
0.634973
0.636825
0.639029
0.641341
0.644432
0.646675
0.648522
0.651313
0.653888
0.656248
0.658218
0.660258
0.66219
0.664211
0.665981
0.668043
0.669929
0.671842
0.674019
0.676004
0.678608
0.681009
0.683568
0.685779
0.687906
0.690441
0.693022
0.695221
0.697258
0.699662
0.702089
0.70423
0.706832
0.709837
0.71211
0.715073
0.717652
0.720393
0.723253
0.726205
0.729436
0.732498
0.734922
0.738397
0.74115
0.744932
0.747438
0.751428
0.754144
0.757088
0.759999
0.763009
0.765459
0.768819
0.771417
0.773952
0.777227
0.780442
0.783336
0.786026
0.789105
0.792431
0.795809
0.798766
0.802146
0.805264
0.808748
0.812362
0.815909
0.819241
0.822701
0.827585
0.831262
0.835118
0.839771
0.843724
0.847758
0.852456
0.858005
0.862471
0.866866
0.872324
0.877606
0.881331
0.886902
0.891553
0.896564
0.90191
0.907544
0.913808
0.919497
0.925884
0.931197
0.939089
0.948684
0.954909
0.961989
0.970302
0.978479
0.984314
0.991726
0.998668
1.00744
1.0143
1.02332
1.03202
1.04114
1.0514
1.06393
1.07587
1.08826
1.10588
1.1278
1.14364
1.16302
1.18344
1.20798
1.22453
1.25034
1.28256
1.31812
1.35716
1.42611
1.5006
1.65992
