0.328
0.328
0.328
0.328
0.328
0.328
0.328
0.328
0.328
0.328
0.328
0.328
0.328
0.328
0.328
0.328
0.328
0.33
0.33
0.33
0.33
0.33
0.33
0.331
0.332
0.332
0.332
0.332
0.332
0.332
0.333
0.335
0.336
0.336
0.336
0.336
0.336
0.336
0.336
0.337
0.338
0.338
0.339
0.34
0.341
0.342
0.343
0.343
0.343
0.343
0.343
0.343
0.344
0.344
0.344
0.345
0.345
0.347
0.347
0.348
0.35
0.35
0.352
0.354
0.356
0.358
0.359
0.36
0.362
0.363
0.365
0.365
0.367
0.368
0.369
0.373
0.377
0.38
0.381
0.383
0.384
0.39
0.391
0.398
0.403
0.407
0.409
0.41
0.416
0.42
0.425
0.43
0.432
0.433
0.434
0.437
0.438
0.439
0.441
0.444
0.444
0.445
0.446
0.448
0.451
0.451
0.454
0.455
0.457
0.46
0.464
0.466
0.466
0.471
0.471
0.471
0.476
0.476
0.479
0.482
0.486
0.486
0.49
0.495
0.495
0.498
0.504
0.506
0.513
0.516
0.517
0.521
0.524
0.527
0.532
0.532
0.538
0.543
0.545
0.545
0.549
0.552
0.554
0.557
0.558
0.562
0.563
0.566
0.572
0.576
0.581
0.586
0.589
0.593
0.596
0.599
0.601
0.608
0.613
0.617
0.618
0.62
0.621
0.625
0.629
0.631
0.636
0.64
0.641
0.647
0.648
0.651
0.652
0.656
0.661
0.664
0.671
0.676
0.679
0.685
0.688
0.689
0.695
0.695
0.699
0.701
0.71
0.714
0.718
0.722
0.725
0.73
0.733
0.737
0.743
0.744
0.746
0.748
0.749
0.755
0.756
0.764
0.769
0.775
0.778
0.785
0.791
0.795
0.798
0.806
0.809
0.817
0.821
0.824
0.827
0.829
0.831
0.834
0.837
0.84
0.848
0.855
0.856
0.858
0.862
0.865
0.875
0.88
0.882
0.888
0.892
0.894
0.899
0.906
0.911
0.915
0.917
0.919
0.92
0.923
0.928
0.931
0.934
0.939
0.945
0.948
0.953
0.955
0.96
0.963
0.969
0.976
0.98
0.982
0.987
0.996
1.003
1.009
1.017
1.021
1.027
1.028
1.031
1.035
1.038
1.043
1.043
1.047
1.052
1.058
1.064
1.068
1.074
1.08
1.09
1.093
1.098
1.103
1.107
1.111
1.114
1.121
1.127
1.133
1.135
1.139
1.145
1.148
1.153
1.157
1.159
1.166
1.173
1.175
1.182
1.194
1.198
1.203
1.208
1.208
1.216
1.221
1.23
1.237
1.241
1.245
1.251
1.256
1.26
1.265
1.269
1.275
1.282
1.285
1.293
1.297
1.307
1.313
1.318
1.323
1.332
1.34
1.345
1.351
1.357
1.363
1.366
1.37
1.373
1.378
1.383
1.39
1.392
1.401
1.408
1.411
1.419
1.426
1.43
1.438
1.447
1.45
1.459
1.464
1.467
1.469
1.474
1.476
1.487
1.492
1.497
1.5
1.504
1.51
1.518
1.527
1.533
1.545
1.548
1.554
1.56
1.566
1.572
1.581
1.586
1.593
1.598
1.603
1.609
1.615
1.621
1.631
1.637
1.648
1.651
1.66
1.667
1.672
1.684
1.692
1.7
1.704
1.713
1.722
1.728
1.739
1.746
1.753
1.763
1.77
1.779
1.788
1.796
1.806
1.813
1.827
1.835
1.843
1.851
1.859
1.867
1.876
1.885
1.895
1.902
1.909
1.919
1.933
1.946
1.96
1.976
1.988
2.001
2.017
2.033
2.048
2.061
2.074
2.095
2.115
2.13
2.144
2.164
2.187
2.204
2.22
2.243
2.263
2.283
2.302
2.33
2.36
2.392
2.419
2.448
2.481
2.512
2.561
2.686
2.768
2.852
2.919
3.013
3.339
3.528
3.627
3.81
4.028
4.281
4.739
