0.149613
0.149613
0.150213
0.150213
0.151768
0.151768
0.153326
0.153326
0.153756
0.153756
0.157259
0.157259
0.165203
0.165203
0.187597
0.187597
0.191012
0.191012
0.193164
0.193164
0.194892
0.194892
0.197897
0.197897
0.199969
0.199969
0.20188
0.20188
0.203728
0.203728
0.206468
0.206468
0.20733
0.20733
0.214766
0.214766
0.217008
0.217008
0.228514
0.228514
0.231788
0.231788
0.232209
0.232209
0.23768
0.23768
0.237905
0.237905
0.239209
0.239209
0.243697
0.243697
0.247868
0.247868
0.247891
0.247891
0.250414
0.250414
0.252345
0.252345
0.255047
0.255047
0.255858
0.255858
0.255931
0.255931
0.263337
0.263337
0.263771
0.263771
0.267207
0.269803
0.269873
0.273316
0.273316
0.273584
0.273584
0.273646
0.273646
0.276208
0.280603
0.281434
0.281434
0.281944
0.281944
0.284232
0.284232
0.287336
0.290025
0.290025
0.290656
0.294078
0.294078
0.297069
0.297782
0.297782
0.30178
0.30178
0.308241
0.30905
0.30905
0.312667
0.312667
0.312807
0.315226
0.315226
0.316522
0.316522
0.316661
0.318916
0.318916
0.320144
0.320144
0.320462
0.325039
0.325039
0.327469
0.327469
0.327965
0.327965
0.328013
0.328013
0.3281
0.3281
0.328108
0.328108
0.328373
0.328373
0.328519
0.328519
0.330289
0.330289
0.332804
0.332804
0.333019
0.333019
0.333394
0.334635
0.336289
0.336971
0.336971
0.336991
0.336991
0.341302
0.341302
0.342398
0.342398
0.342437
0.343661
0.343661
0.34474
0.345643
0.345643
0.346419
0.346419
0.347288
0.347288
0.351472
0.352726
0.352726
0.355732
0.355732
0.357816
0.357816
0.358208
0.3592
0.3592
0.359258
0.359258
0.359945
0.359945
0.360415
0.363361
0.364962
0.365304
0.365426
0.365426
0.366187
0.366187
0.366694
0.367245
0.367245
0.371028
0.371028
0.371921
0.371921
0.373811
0.373811
0.374806
0.375409
0.377505
0.378331
0.378545
0.378802
0.378802
0.380894
0.380894
0.382155
0.38231
0.383437
0.38445
0.386179
0.389332
0.389332
0.389779
0.389779
0.392692
0.392692
0.392747
0.392747
0.393856
0.396748
0.396943
0.396943
0.397332
0.397332
0.397692
0.397692
0.397749
0.397749
0.399175
0.401096
0.401096
0.401687
0.401687
0.404846
0.405849
0.406807
0.407597
0.408466
0.408466
0.409693
0.414035
0.414035
0.414559
0.414559
0.415305
0.415305
0.415907
0.417352
0.417352
0.418191
0.418191
0.418286
0.418329
0.418626
0.419865
0.421282
0.425978
0.425978
0.426836
0.429859
0.430671
0.431597
0.432443
0.432443
0.433593
0.433593
0.434323
0.43491
0.43491
0.434985
0.435018
0.435018
0.439666
0.44326
0.44326
0.448051
0.448051
0.448547
0.448547
0.45104
0.45104
0.454938
0.456572
0.460945
0.460945
0.46258
0.465033
0.465033
0.4674
0.4674
0.468201
0.468201
0.46854
0.469464
0.47017
0.47017
0.470857
0.471182
0.471384
0.471654
0.472522
0.473119
0.473119
0.474091
0.474729
0.476216
0.476216
0.4765
0.477705
0.47789
0.47789
0.479389
0.479389
0.481161
0.481709
0.483171
0.484612
0.485209
0.487859
0.489641
0.489641
0.489785
0.494517
0.494881
0.496652
0.496652
0.497183
0.497824
0.504071
0.506294
0.508914
0.508914
0.51021
0.51021
0.513572
0.514434
0.514434
0.519897
0.520407
0.521956
0.522031
0.522598
0.524806
0.524999
0.537845
0.537845
0.540479
0.543276
0.544153
0.544933
0.548545
0.550184
0.550184
0.556028
0.559367
0.559705
0.559705
0.561708
0.568086
0.572887
0.574923
0.574923
0.578369
0.582498
0.584794
0.585985
0.587176
0.589015
0.594252
0.594252
0.599099
0.599099
0.600162
0.604773
0.60808
0.609366
0.61144
0.61182
0.61906
0.61906
0.619124
0.62114
0.622453
0.624581
0.624581
0.625439
0.626924
0.62737
0.628672
0.628672
0.630862
0.631196
0.633896
0.633896
0.634464
0.640559
0.648781
0.648781
0.652124
0.655302
0.65603
0.659535
0.659535
0.665594
0.665594
0.665888
0.66628
0.667067
0.667067
0.671949
0.677557
0.681419
0.684967
0.68569
0.686173
0.690599
0.691382
0.692415
0.697944
0.705815
0.70782
0.711213
0.714925
0.722259
0.724081
0.724081
0.727092
0.728389
0.728389
0.728517
0.737079
0.739958
0.744145
0.746048
0.749454
0.749454
0.752626
0.762931
0.762934
0.764442
0.76705
0.770143
0.774232
0.78121
0.782907
0.788463
0.791109
0.791723
0.791723
0.793547
0.793547
0.798054
0.798054
0.800962
0.801934
0.81317
0.816306
0.82342
0.838734
0.848837
0.850858
0.858574
0.872585
0.873517
0.874742
0.877962
0.877962
0.88073
0.883872
0.886786
0.900629
0.902038
0.903571
0.905043
0.909417
0.925828
0.927371
0.927371
0.950986
0.952254
0.968434
0.968547
0.968547
0.978276
0.978276
0.9873
0.99148
0.995989
0.999535
1.00276
1.06633
1.07028
1.0803
1.08067
1.08078
1.08241
1.08428
1.10519
1.10671
1.11881
1.13482
1.15141
1.16372
1.17095
1.22107
1.55631
1.75473
1.76007
