0.15152
0.15152
0.156306
0.156306
0.159915
0.160178
0.164546
0.164735
0.16983
0.170189
0.174915
0.175159
0.179004
0.179493
0.183519
0.183978
0.186631
0.187944
0.191561
0.192555
0.195201
0.19637
0.199007
0.200431
0.202615
0.203948
0.205905
0.206953
0.208951
0.210098
0.212027
0.213785
0.216045
0.217395
0.219662
0.221007
0.222743
0.223896
0.226058
0.227497
0.22947
0.230887
0.23278
0.233702
0.235341
0.236153
0.237741
0.238707
0.240458
0.241708
0.243679
0.24494
0.246525
0.247655
0.249381
0.250636
0.252
0.253166
0.254685
0.25567
0.256732
0.257947
0.259096
0.260391
0.261405
0.262721
0.263987
0.265239
0.266186
0.267187
0.268642
0.269733
0.271158
0.272407
0.273332
0.274036
0.275396
0.276546
0.277497
0.27846
0.279737
0.280774
0.281938
0.282875
0.284119
0.28514
0.286246
0.2872
0.288199
0.289289
0.29023
0.29126
0.292596
0.29381
0.294826
0.295631
0.2965
0.297471
0.298922
0.29983
0.300905
0.301731
0.302816
0.303956
0.304985
0.306022
0.30706
0.308096
0.309228
0.309981
0.310871
0.311751
0.312722
0.313672
0.314604
0.315357
0.316369
0.317364
0.318149
0.319088
0.319757
0.320523
0.321671
0.322621
0.32363
0.324489
0.325192
0.326283
0.327334
0.328278
0.329079
0.329867
0.3307
0.331466
0.332352
0.333609
0.334468
0.335518
0.336286
0.337402
0.338174
0.339216
0.340251
0.34164
0.342434
0.343062
0.344072
0.345097
0.345845
0.346881
0.347784
0.348692
0.349559
0.350412
0.35118
0.352403
0.353165
0.354096
0.354885
0.355873
0.356882
0.357903
0.358811
0.359582
0.360467
0.361414
0.362282
0.363184
0.363988
0.365037
0.366018
0.366824
0.367545
0.368291
0.36937
0.370195
0.371086
0.371897
0.372824
0.373716
0.374578
0.375524
0.37655
0.377378
0.378203
0.378969
0.37982
0.38079
0.381571
0.382432
0.383275
0.384185
0.385052
0.386064
0.386841
0.387649
0.388664
0.389649
0.39064
0.391561
0.392645
0.393586
0.39449
0.395365
0.396016
0.396837
0.397858
0.398776
0.399868
0.400815
0.401885
0.402795
0.403577
0.40451
0.405552
0.40633
0.407173
0.408095
0.408872
0.409824
0.410844
0.411902
0.412937
0.413706
0.414738
0.415776
0.416748
0.417447
0.418331
0.41895
0.419994
0.420878
0.422175
0.423311
0.424251
0.425504
0.42638
0.427438
0.428508
0.429559
0.43021
0.431314
0.432366
0.433151
0.434047
0.434906
0.436149
0.437062
0.437882
0.43894
0.440013
0.440923
0.441872
0.443058
0.44405
0.44479
0.445784
0.446792
0.447752
0.448765
0.449719
0.450672
0.451486
0.452838
0.454161
0.4552
0.456294
0.457462
0.458727
0.459756
0.460905
0.462064
0.463184
0.464284
0.465608
0.466589
0.467747
0.468808
0.469788
0.470909
0.472038
0.473324
0.474364
0.475523
0.476604
0.477677
0.478934
0.480079
0.48117
0.482324
0.483305
0.484535
0.485486
0.486591
0.487811
0.488716
0.490222
0.49138
0.492491
0.493455
0.494686
0.495856
0.496709
0.497791
0.49891
0.500003
0.501493
0.502599
0.503718
0.504652
0.505696
0.506951
0.508288
0.509488
0.510807
0.512092
0.513508
0.514787
0.515964
0.517392
0.519023
0.520517
0.521829
0.52347
0.524921
0.526175
0.527331
0.52884
0.53028
0.531751
0.533415
0.534982
0.536635
0.538151
0.539868
0.541626
0.543114
0.544808
0.546484
0.548215
0.549517
0.551372
0.552939
0.554735
0.556565
0.558621
0.56058
0.562462
0.564683
0.566472
0.568388
0.570567
0.572282
0.573912
0.575855
0.577636
0.579575
0.581364
0.582838
0.584792
0.586606
0.588232
0.590272
0.592438
0.594445
0.595945
0.598024
0.59955
0.601705
0.603647
0.605543
0.607202
0.608949
0.610737
0.612779
0.614546
0.616221
0.617684
0.619238
0.620905
0.622569
0.624822
0.626678
0.628692
0.631175
0.633682
0.636369
0.63873
0.640906
0.642936
0.64488
0.647019
0.648766
0.650747
0.652854
0.655673
0.658196
0.660532
0.663148
0.665537
0.667851
0.67001
0.672156
0.674553
0.677313
0.679819
0.682037
0.684628
0.687411
0.690269
0.692716
0.695842
0.698617
0.701406
0.704248
0.706379
0.709462
0.712111
0.714927
0.717849
0.720701
0.722907
0.725945
0.72909
0.732072
0.734456
0.737455
0.740528
0.743406
0.746089
0.748747
0.751475
0.75474
0.757649
0.760398
0.763564
0.766946
0.770518
0.77412
0.77815
0.781421
0.784523
0.788331
0.791877
0.795335
0.799323
0.804143
0.808241
0.8129
0.816067
0.820216
0.824976
0.82957
0.83361
0.838497
0.843152
0.848377
0.854024
0.858952
0.864088
0.86986
0.876413
0.882537
0.887937
0.894333
0.901057
0.907409
0.912791
0.919079
0.925326
0.93256
0.939335
0.946502
0.954104
0.962389
0.972128
0.978761
0.987034
0.99498
1.00433
1.01428
1.02422
1.03754
1.04832
1.05928
1.06932
1.08128
1.09195
1.10363
1.11585
1.13154
1.14666
1.16311
1.18328
1.20211
1.23134
1.28267
1.432
1.57548
1.6592
