0.328
0.328
0.328
0.328
0.328
0.328
0.328
0.328
0.328
0.328
0.328
0.328
0.328
0.328
0.329
0.329
0.329
0.329
0.33
0.33
0.33
0.33
0.33
0.331
0.332
0.332
0.332
0.332
0.332
0.333
0.333
0.334
0.336
0.336
0.336
0.336
0.336
0.336
0.336
0.337
0.337
0.337
0.337
0.338
0.34
0.34
0.341
0.342
0.344
0.345
0.348
0.349
0.351
0.352
0.357
0.358
0.359
0.363
0.364
0.366
0.368
0.37
0.372
0.375
0.375
0.377
0.377
0.382
0.383
0.385
0.385
0.386
0.386
0.391
0.392
0.393
0.395
0.399
0.399
0.4
0.401
0.403
0.406
0.406
0.41
0.414
0.416
0.419
0.424
0.425
0.43
0.432
0.437
0.444
0.451
0.454
0.456
0.458
0.462
0.462
0.467
0.47
0.473
0.473
0.475
0.477
0.477
0.482
0.482
0.483
0.484
0.484
0.484
0.487
0.489
0.492
0.495
0.498
0.5
0.503
0.505
0.508
0.51
0.514
0.518
0.52
0.524
0.527
0.529
0.533
0.535
0.537
0.539
0.543
0.544
0.548
0.552
0.556
0.557
0.558
0.562
0.564
0.568
0.569
0.572
0.575
0.579
0.584
0.588
0.596
0.601
0.605
0.611
0.612
0.615
0.616
0.618
0.619
0.622
0.626
0.628
0.63
0.631
0.635
0.638
0.642
0.646
0.649
0.652
0.653
0.658
0.663
0.668
0.671
0.674
0.678
0.681
0.686
0.689
0.693
0.694
0.697
0.703
0.708
0.711
0.713
0.716
0.718
0.722
0.726
0.726
0.729
0.735
0.736
0.737
0.738
0.742
0.748
0.753
0.755
0.757
0.766
0.77
0.775
0.781
0.783
0.787
0.791
0.794
0.797
0.798
0.801
0.807
0.81
0.814
0.816
0.82
0.826
0.829
0.83
0.832
0.834
0.834
0.839
0.841
0.846
0.852
0.855
0.86
0.867
0.875
0.88
0.886
0.89
0.893
0.897
0.902
0.904
0.908
0.908
0.91
0.912
0.914
0.914
0.917
0.918
0.92
0.924
0.929
0.937
0.941
0.944
0.949
0.956
0.959
0.962
0.965
0.97
0.975
0.979
0.982
0.988
0.992
0.993
0.996
0.996
0.997
0.998
1.0
1.001
1.003
1.011
1.014
1.018
1.024
1.034
1.039
1.045
1.049
1.054
1.058
1.062
1.07
1.073
1.078
1.08
1.083
1.084
1.086
1.088
1.093
1.096
1.097
1.1
1.108
1.114
1.119
1.126
1.136
1.142
1.143
1.147
1.149
1.153
1.154
1.159
1.161
1.167
1.172
1.178
1.184
1.19
1.198
1.204
1.217
1.224
1.227
1.23
1.231
1.236
1.24
1.243
1.246
1.249
1.256
1.264
1.267
1.271
1.274
1.276
1.287
1.295
1.3
1.305
1.307
1.315
1.323
1.326
1.33
1.333
1.336
1.342
1.344
1.349
1.353
1.358
1.367
1.373
1.38
1.386
1.392
1.396
1.401
1.404
1.408
1.414
1.42
1.423
1.424
1.426
1.441
1.447
1.45
1.453
1.46
1.468
1.475
1.48
1.49
1.493
1.498
1.504
1.506
1.51
1.512
1.515
1.519
1.523
1.528
1.53
1.539
1.545
1.556
1.568
1.577
1.583
1.586
1.593
1.598
1.601
1.605
1.61
1.616
1.625
1.629
1.633
1.641
1.651
1.657
1.667
1.675
1.679
1.684
1.692
1.7
1.706
1.712
1.716
1.726
1.731
1.738
1.745
1.754
1.764
1.772
1.781
1.788
1.797
1.803
1.814
1.818
1.821
1.827
1.831
1.843
1.851
1.864
1.869
1.877
1.879
1.891
1.904
1.913
1.923
1.93
1.936
1.941
1.948
1.957
1.97
1.979
1.993
2.007
2.017
2.035
2.042
2.055
2.068
2.082
2.093
2.102
2.114
2.12
2.138
2.143
2.165
2.173
2.181
2.194
2.201
2.216
2.228
2.242
2.249
2.259
2.272
2.289
2.299
2.309
2.327
2.341
2.35
2.359
2.384
2.395
2.414
2.429
2.447
2.467
2.488
2.505
2.531
2.554
2.577
2.605
2.644
2.687
2.737
2.787
2.848
2.896
2.945
3.024
3.115
3.34
3.511
3.758
3.975
4.277
4.644
