0.01
0.03
0.16
0.3
0.44
0.51
0.57
0.61
0.63
0.66
0.68
0.7
0.74
0.76
0.79
0.82
0.87
0.9
0.92
0.94
0.96
0.99
1.04
1.06
1.08
1.1
1.13
1.14
1.14
1.16
1.16
1.17
1.17
1.18
1.2
1.23
1.24
1.26
1.26
1.27
1.3
1.36
1.38
1.41
1.43
1.45
1.45
1.46
1.46
1.46
1.46
1.46
1.46
1.47
1.49
1.51
1.54
1.55
1.59
1.62
1.69
1.74
1.77
1.8
1.8
1.81
1.81
1.84
1.86
1.88
1.89
1.91
1.92
1.94
1.97
1.99
2.01
2.06
2.07
2.08
2.1
2.1
2.1
2.1
2.13
2.16
2.17
2.21
2.25
2.25
2.28
2.31
2.33
2.33
2.36
2.4
2.43
2.46
2.48
2.52
2.52
2.56
2.58
2.58
2.59
2.59
2.61
2.63
2.63
2.63
2.63
2.63
2.64
2.66
2.67
2.69
2.69
2.7
2.72
2.74
2.75
2.77
2.8
2.81
2.83
2.83
2.88
2.9
2.92
2.95
2.96
3
3.04
3.07
3.07
3.09
3.13
3.14
3.21
3.24
3.26
3.26
3.27
3.29
3.34
3.34
3.39
3.42
3.46
3.49
3.54
3.55
3.6
3.61
3.63
3.63
3.65
3.66
3.7
3.75
3.77
3.79
3.83
3.83
3.84
3.84
3.84
3.86
3.87
3.89
3.9
3.91
3.93
3.93
3.96
3.97
3.98
4.01
4.02
4.06
4.08
4.13
4.16
4.22
4.26
4.3
4.36
4.42
4.45
4.51
4.56
4.59
4.62
4.65
4.66
4.69
4.71
4.73
4.74
4.75
4.78
4.79
4.82
4.82
4.84
4.86
4.89
4.92
4.93
4.94
4.97
4.97
5.02
5.03
5.03
5.06
5.09
5.15
5.16
5.2
5.23
5.3
5.35
5.36
5.41
5.45
5.49
5.51
5.53
5.55
5.56
5.61
5.63
5.66
5.69
5.7
5.72
5.74
5.76
5.78
5.82
5.87
5.89
5.94
5.97
6.03
6.05
6.07
6.08
6.1
6.14
6.17
6.23
6.25
6.3
6.3
6.33
6.4
6.43
6.48
6.53
6.55
6.57
6.61
6.64
6.74
6.77
6.83
6.88
6.89
6.91
6.95
7
7.04
7.05
7.08
7.09
7.09
7.13
7.13
7.15
7.17
7.2
7.21
7.25
7.3
7.35
7.38
7.43
7.48
7.54
7.59
7.66
7.76
7.79
7.79
7.83
7.85
7.88
7.89
7.9
7.93
7.96
7.98
8
8.04
8.12
8.14
8.21
8.23
8.27
8.33
8.36
8.49
8.53
8.56
8.61
8.66
8.69
8.73
8.76
8.78
8.82
8.85
8.86
8.92
8.97
8.99
9.01
9.09
9.1
9.15
9.21
9.24
9.33
9.38
9.46
9.48
9.53
9.57
9.63
9.66
9.7
9.75
9.76
9.83
9.88
9.93
9.97
10.02
10.07
10.08
10.14
10.22
10.28
10.34
10.37
10.4
10.45
10.52
10.56
10.59
10.63
10.64
10.69
10.75
10.8
10.83
10.91
10.96
11.01
11.09
11.16
11.17
11.23
11.31
11.34
11.36
11.46
11.48
11.54
11.62
11.66
11.68
11.74
11.76
11.81
11.88
11.91
11.97
12.06
12.13
12.17
12.25
12.35
12.38
12.42
12.48
12.51
12.58
12.64
12.68
12.81
12.83
12.86
12.9
12.99
13.06
13.13
13.16
13.28
13.32
13.41
13.49
13.58
13.6
13.64
13.71
13.81
13.95
14
14.06
14.1
14.19
14.29
14.36
14.43
14.49
14.61
14.7
14.76
14.84
14.94
15.09
15.19
15.28
15.3
15.34
15.41
15.53
15.64
15.73
15.8
15.92
16.05
16.18
16.27
16.37
16.5
16.6
16.67
16.78
16.87
17.06
17.15
17.29
17.45
17.56
17.67
17.78
17.87
18
18.15
18.31
18.45
18.55
18.7
18.87
19.1
19.23
19.37
19.61
19.73
19.92
20.1
20.21
20.43
20.61
20.78
20.98
21.18
21.44
21.7
21.92
22.15
22.47
22.7
22.92
23.19
23.53
23.9
24.21
24.67
25.02
25.63
26.36
27.04
28.07
29.16
31.13
