0.147324
0.147324
0.150648
0.150648
0.151648
0.151648
0.152229
0.152229
0.152852
0.152852
0.153522
0.153522
0.153967
0.153967
0.154453
0.154453
0.154852
0.154852
0.15543
0.15543
0.155963
0.155963
0.156564
0.156564
0.157096
0.157096
0.157858
0.157858
0.158736
0.15874
0.159292
0.159323
0.160084
0.160122
0.160859
0.160974
0.161664
0.161809
0.162693
0.162888
0.163483
0.163636
0.164266
0.164489
0.165139
0.165502
0.166279
0.16665
0.167395
0.16784
0.168632
0.169179
0.169816
0.170241
0.170788
0.171279
0.171984
0.17241
0.173027
0.173396
0.174045
0.174582
0.17519
0.175685
0.176247
0.176731
0.177316
0.178005
0.178554
0.179162
0.179517
0.180126
0.180618
0.181234
0.181737
0.182156
0.182631
0.183234
0.183942
0.184514
0.185206
0.185722
0.186286
0.186857
0.187319
0.18786
0.188352
0.189129
0.189656
0.190172
0.190663
0.191348
0.191965
0.192627
0.1932
0.193807
0.194305
0.194921
0.195597
0.196192
0.196728
0.197517
0.198006
0.198562
0.199148
0.199751
0.200234
0.200777
0.201408
0.201963
0.202566
0.203008
0.203645
0.204188
0.20481
0.205393
0.206246
0.206809
0.207483
0.207846
0.208508
0.209006
0.209583
0.210289
0.210925
0.211517
0.211998
0.212634
0.213186
0.213793
0.214264
0.214843
0.215403
0.215953
0.216438
0.217011
0.217504
0.218104
0.2186
0.219272
0.219744
0.220212
0.220754
0.221347
0.221939
0.222463
0.22304
0.223586
0.224158
0.224654
0.225095
0.225944
0.226539
0.227164
0.227609
0.228312
0.228999
0.22974
0.230246
0.230817
0.231377
0.231914
0.232436
0.233174
0.233585
0.234154
0.234614
0.235249
0.235821
0.236333
0.236856
0.237238
0.237967
0.238607
0.23918
0.239755
0.240477
0.240997
0.241606
0.242178
0.242754
0.243337
0.243919
0.244342
0.244967
0.245386
0.245961
0.246532
0.246997
0.247689
0.248193
0.24875
0.249396
0.249826
0.250423
0.251039
0.251557
0.251968
0.252419
0.252991
0.25363
0.254228
0.254846
0.255404
0.256086
0.256581
0.257151
0.257659
0.258234
0.258922
0.25955
0.260161
0.260644
0.261225
0.261764
0.262485
0.262944
0.263594
0.264224
0.26473
0.265427
0.266026
0.266603
0.267266
0.267956
0.268588
0.269027
0.26957
0.270307
0.270908
0.271699
0.272056
0.272694
0.273206
0.273762
0.274319
0.274971
0.275735
0.276387
0.276889
0.277568
0.278087
0.27873
0.279196
0.27996
0.280464
0.281009
0.28162
0.282135
0.282652
0.283267
0.283937
0.284435
0.285108
0.285762
0.286404
0.287029
0.28782
0.288552
0.28901
0.289633
0.290284
0.290848
0.291477
0.292167
0.292729
0.293481
0.294076
0.29483
0.295359
0.296016
0.29652
0.297162
0.297745
0.298372
0.298943
0.299684
0.300279
0.300913
0.301418
0.302045
0.302642
0.30304
0.303778
0.304598
0.305228
0.305727
0.30626
0.306818
0.307404
0.307948
0.308554
0.3091
0.309783
0.310265
0.311021
0.311583
0.312354
0.312947
0.313481
0.314154
0.314769
0.315308
0.316029
0.316527
0.317198
0.317793
0.318428
0.318964
0.31957
0.320134
0.320804
0.321483
0.322142
0.322652
0.323224
0.323666
0.324188
0.324763
0.325399
0.325901
0.326534
0.327083
0.327685
0.328244
0.328893
0.329717
0.330351
0.331022
0.331664
0.332432
0.333115
0.333635
0.334384
0.334998
0.335693
0.336281
0.336908
0.337596
0.33809
0.338691
0.339175
0.339907
0.340465
0.341049
0.34176
0.342366
0.34301
0.343702
0.344289
0.344791
0.345285
0.345963
0.346454
0.347125
0.347699
0.348357
0.348991
0.349642
0.350168
0.35098
0.351641
0.35225
0.352953
0.353432
0.353957
0.354642
0.355224
0.355912
0.356622
0.35731
0.357854
0.35848
0.358961
0.359601
0.360132
0.360759
0.361385
0.362008
0.3626
0.363124
0.363685
0.364273
0.364872
0.365513
0.366113
0.366631
0.367101
0.367875
0.368443
0.36892
0.3696
0.370096
0.370612
0.371308
0.371972
0.3726
0.373267
0.373977
0.37462
0.375198
0.375945
0.376426
0.376883
0.377425
0.378054
0.378609
0.379079
0.379623
0.380243
0.380706
0.381357
0.382013
0.382638
0.383186
0.383713
0.384327
0.384928
0.385436
0.385974
0.386588
0.387165
0.387605
0.388274
0.388838
0.389396
0.389983
0.390517
0.39107
0.391574
0.392138
0.392695
0.393256
0.393684
0.394137
0.394803
0.395277
0.395738
0.396363
0.396953
0.397679
0.39828
0.398921
0.399526
0.400302
0.401035
0.401795
0.402342
0.402984
0.403564
0.404269
0.404956
0.40549
0.406093
0.406756
0.407418
0.408042
0.40857
0.40923
0.40995
0.410496
0.4112
0.411649
0.412177
0.41289
0.41362
0.414182
0.414804
0.415349
0.415964
0.416613
0.417143
0.417746
0.418435
0.419131
0.419753
0.420229
0.420867
0.421693
0.422212
0.422774
0.423477
0.42399
0.424705
0.425347
0.426017
0.426605
0.427159
0.427792
0.428331
0.42898
0.42955
0.4305
0.431109
0.431955
0.432732
0.433388
0.434073
0.434889
0.435512
0.436091
0.436828
0.437582
0.438217
0.438939
0.439528
0.440345
0.441007
0.441718
0.442521
0.443247
0.443854
0.444558
0.445252
0.446171
0.44691
0.447677
0.448478
0.449304
0.450209
0.451209
0.451934
0.452636
0.453449
0.454319
0.455085
0.45588
0.456728
0.457455
0.458217
0.458967
0.459799
0.460483
0.461663
0.462486
0.463269
0.464155
0.464968
0.465872
0.466845
0.467696
0.46858
0.46967
0.470417
0.471389
0.472301
0.473366
0.474377
0.475208
0.476002
0.476889
0.477862
0.478748
0.47968
0.48041
0.481485
0.482504
0.483237
0.484163
0.485167
0.485899
0.486742
0.487724
0.488707
0.489507
0.490648
0.49171
0.492632
0.493417
0.494509
0.4952
0.496353
0.497358
0.498205
0.499114
0.500089
0.50111
0.502147
0.503224
0.504365
0.505122
0.506136
0.507067
0.508378
0.509459
0.51045
0.511608
0.512639
0.513603
0.515012
0.516193
0.517
0.518105
0.519118
0.520213
0.521316
0.522502
0.523398
0.524496
0.525751
0.527013
0.528274
0.529517
0.530449
0.53168
0.533129
0.534256
0.535449
0.536509
0.537898
0.539256
0.540498
0.541564
0.542588
0.544057
0.54521
0.546453
0.547928
0.549091
0.550353
0.551414
0.552832
0.554358
0.555586
0.55704
0.558427
0.56001
0.561177
0.562918
0.564247
0.565748
0.566996
0.568106
0.5695
0.570913
0.572214
0.573344
0.57489
0.576235
0.577742
0.579293
0.58086
0.582297
0.583552
0.584769
0.585943
0.58712
0.588389
0.589724
0.591247
0.59264
0.59417
0.595567
0.596966
0.598535
0.600387
0.601759
0.603495
0.604832
0.606368
0.607741
0.609477
0.611168
0.613245
0.614698
0.616587
0.618234
0.620064
0.622095
0.624073
0.625799
0.62761
0.629538
0.631679
0.633152
0.635491
0.637376
0.639717
0.642048
0.644574
0.646711
0.648724
0.651687
0.653472
0.655754
0.657948
0.660495
0.663272
0.665396
0.667821
0.670395
0.672688
0.675182
0.678102
0.680243
0.682754
0.685685
0.688388
0.691335
0.694411
0.696939
0.700115
0.70357
0.707233
0.711623
0.715388
0.717967
0.721674
0.725112
0.728905
0.73276
0.73683
0.741896
0.745333
0.750289
0.755047
0.759517
0.764211
0.769258
0.775314
0.781463
0.786653
0.792686
0.798745
0.803936
0.810611
0.816153
0.82252
0.830116
0.837636
0.84695
0.854636
0.862353
0.871431
0.88191
0.890958
0.90123
0.912964
0.92445
0.945547
0.967428
0.986327
1.00823
1.02847
1.05638
1.07746
1.12477
1.16845
1.2596
1.36701
