0.211471
0.211471
0.25268
0.25268
0.307488
0.307488
0.348424
0.348424
0.384999
0.385111
0.40929
0.410123
0.439018
0.439846
0.468657
0.469669
0.497209
0.499916
0.533269
0.539042
0.580862
0.594446
0.617887
0.643422
0.67706
0.693952
0.732174
0.745864
0.773903
0.787878
0.806178
0.816179
0.831846
0.843213
0.852406
0.861691
0.870834
0.881671
0.890049
0.899315
0.90607
0.914717
0.926329
0.936243
0.95
0.956297
0.977285
0.987379
1.00031
1.01094
1.01849
1.02592
1.03567
1.04541
1.05589
1.06729
1.07665
1.0889
1.09865
1.10902
1.12338
1.13409
1.14212
1.15502
1.16374
1.17619
1.18801
1.19688
1.20959
1.22038
1.23523
1.24506
1.25762
1.26954
1.29116
1.31876
1.34202
1.3838
1.41653
1.42646
1.47396
1.49069
1.52621
1.55409
1.56913
1.6145
1.65166
1.68645
1.73455
1.7671
1.83298
1.87955
1.9136
1.95211
2.07219
2.14533
2.25139
2.5251
2.77812
3.48131
