0.328
0.328
0.328
0.328
0.328
0.328
0.33
0.33
0.331
0.331
0.331
0.332
0.332
0.333
0.333
0.333
0.333
0.334
0.335
0.337
0.337
0.34
0.341
0.344
0.346
0.349
0.35
0.353
0.358
0.359
0.366
0.373
0.377
0.38
0.384
0.393
0.403
0.41
0.417
0.423
0.432
0.436
0.439
0.443
0.447
0.457
0.463
0.467
0.475
0.48
0.482
0.483
0.487
0.492
0.501
0.508
0.517
0.525
0.534
0.538
0.546
0.551
0.556
0.565
0.573
0.578
0.588
0.598
0.605
0.613
0.618
0.631
0.639
0.649
0.654
0.67
0.676
0.684
0.694
0.705
0.725
0.735
0.74
0.752
0.765
0.779
0.789
0.809
0.816
0.831
0.848
0.86
0.886
0.907
0.919
0.931
0.953
0.97
0.987
1.012
1.033
1.046
1.069
1.091
1.116
1.137
1.161
1.181
1.204
1.231
1.261
1.29
1.314
1.344
1.376
1.427
1.459
1.499
1.546
1.575
1.612
1.655
1.708
1.749
1.805
1.867
1.923
1.976
2.028
2.069
2.125
2.185
2.234
2.335
2.448
2.542
2.637
2.742
2.839
3.031
3.155
3.318
3.505
3.677
3.841
4.041
4.187
4.344
4.673
5.298
