0.1
0.21
0.3
0.52
0.61
0.71
0.76
0.77
0.78
0.79
0.79
0.8
0.82
0.82
0.83
0.86
0.87
0.89
0.94
0.97
1
1.05
1.05
1.08
1.09
1.12
1.13
1.16
1.18
1.2
1.21
1.21
1.21
1.22
1.24
1.25
1.25
1.25
1.25
1.28
1.29
1.32
1.35
1.37
1.39
1.41
1.44
1.45
1.48
1.53
1.55
1.58
1.65
1.72
1.77
1.81
1.81
1.86
1.86
1.87
1.88
1.9
1.91
1.92
1.94
1.96
1.97
1.98
1.99
2
2.01
2.02
2.02
2.04
2.04
2.09
2.09
2.1
2.12
2.13
2.13
2.16
2.18
2.18
2.21
2.22
2.25
2.25
2.25
2.25
2.29
2.29
2.32
2.35
2.35
2.36
2.39
2.39
2.4
2.41
2.43
2.48
2.49
2.5
2.53
2.6
2.63
2.65
2.71
2.75
2.77
2.79
2.82
2.89
2.91
2.95
2.98
3.02
3.06
3.1
3.14
3.16
3.17
3.17
3.2
3.22
3.23
3.28
3.31
3.33
3.34
3.38
3.41
3.42
3.43
3.51
3.57
3.59
3.6
3.61
3.62
3.67
3.74
3.77
3.81
3.84
3.89
3.95
4.06
4.12
4.18
4.27
4.37
4.44
4.49
4.57
4.6
4.63
4.7
4.75
4.79
4.87
4.97
5.07
5.19
5.26
5.35
5.45
5.51
5.63
5.77
5.88
6.02
6.18
6.4
6.58
6.76
6.96
7.15
7.34
7.58
7.7
7.96
8.18
8.34
8.67
8.85
9.22
9.64
10.34
11.92
13.79
14.88
15.86
17.46
18.55
19.45
20.25
21.56
23.85
