0.02
0.05
0.09
0.14
0.28
0.36
0.47
0.58
0.63
0.66
0.7
0.74
0.76
0.78
0.8
0.81
0.82
0.85
0.89
0.9
0.9
0.9
0.9
0.91
0.92
0.92
0.92
0.94
0.94
0.94
0.95
0.97
0.97
0.97
0.97
0.97
0.99
1.01
1.03
1.05
1.05
1.06
1.07
1.09
1.11
1.14
1.18
1.22
1.24
1.29
1.34
1.38
1.41
1.45
1.48
1.51
1.52
1.54
1.57
1.58
1.58
1.62
1.64
1.68
1.7
1.74
1.75
1.77
1.77
1.77
1.77
1.8
1.83
1.87
1.88
1.89
1.91
1.91
1.92
1.94
1.95
1.95
1.96
1.96
1.97
1.99
2.01
2.01
2.01
2.05
2.07
2.08
2.1
2.11
2.15
2.16
2.19
2.2
2.23
2.27
2.32
2.37
2.37
2.39
2.4
2.42
2.44
2.44
2.45
2.48
2.48
2.49
2.52
2.53
2.55
2.56
2.58
2.61
2.62
2.64
2.66
2.69
2.7
2.7
2.73
2.76
2.78
2.82
2.85
2.92
2.97
3.02
3.07
3.09
3.09
3.14
3.17
3.27
3.29
3.31
3.33
3.35
3.36
3.37
3.37
3.38
3.38
3.4
3.43
3.44
3.47
3.49
3.5
3.52
3.55
3.55
3.57
3.58
3.63
3.66
3.72
3.74
3.82
3.84
3.87
3.95
4.03
4.06
4.07
4.11
4.12
4.13
4.15
4.16
4.2
4.23
4.27
4.34
4.37
4.4
4.42
4.45
4.49
4.51
4.59
4.68
4.72
4.73
4.77
4.82
4.86
4.92
4.93
4.95
4.96
5
5.01
5.03
5.04
5.07
5.09
5.15
5.21
5.27
5.35
5.38
5.4
5.45
5.49
5.58
5.67
5.78
5.82
5.85
5.88
5.93
5.98
6
6.09
6.12
6.18
6.23
6.29
6.39
6.44
6.51
6.58
6.64
6.68
6.72
6.76
6.8
6.85
6.89
6.98
7.02
7.11
7.19
7.25
7.34
7.38
7.44
7.55
7.65
7.77
7.82
7.89
7.98
8.04
8.17
8.23
8.32
8.4
8.46
8.56
8.64
8.69
8.81
8.87
8.97
9.1
9.21
9.36
9.46
9.54
9.77
9.88
9.98
10.09
10.23
10.43
10.59
10.77
10.87
11.11
11.27
11.47
11.7
11.88
12.19
12.47
12.64
12.88
13.14
13.36
13.74
14.11
14.48
14.86
15.38
15.95
16.56
17.49
18.42
19.5
20.71
23.16
24.17
25.85
28.81
