0.152311
0.152311
0.152706
0.152706
0.153581
0.153581
0.155074
0.155074
0.155131
0.155131
0.170909
0.170909
0.17494
0.181063
0.181063
0.183448
0.183448
0.186934
0.186934
0.189781
0.189781
0.191149
0.191149
0.201307
0.201307
0.206649
0.206649
0.211088
0.211088
0.213364
0.223036
0.223036
0.231071
0.231071
0.231313
0.231313
0.237065
0.237065
0.239613
0.239613
0.243745
0.243745
0.251605
0.254967
0.254967
0.25571
0.25571
0.259125
0.259125
0.262324
0.262324
0.271311
0.273428
0.279357
0.286296
0.286444
0.286444
0.291295
0.291295
0.291582
0.291582
0.294113
0.294769
0.295864
0.295864
0.296669
0.296669
0.299359
0.303457
0.309008
0.309008
0.316651
0.316651
0.320346
0.320346
0.321907
0.321907
0.325608
0.335395
0.335395
0.33622
0.349966
0.349966
0.352204
0.352204
0.353772
0.353772
0.354987
0.354987
0.357577
0.357577
0.358139
0.361052
0.362218
0.362218
0.363423
0.363423
0.364384
0.364384
0.366244
0.366244
0.366466
0.366466
0.367444
0.368099
0.369941
0.369941
0.372612
0.372612
0.381123
0.381608
0.381608
0.383035
0.383035
0.389473
0.391165
0.391165
0.395566
0.396446
0.396446
0.396456
0.396456
0.399615
0.399615
0.399796
0.403034
0.403034
0.404907
0.404907
0.406525
0.408699
0.41283
0.415943
0.415943
0.417892
0.41889
0.418921
0.425782
0.425782
0.42782
0.430729
0.430729
0.433473
0.433473
0.435256
0.435755
0.435755
0.43614
0.442514
0.446906
0.446906
0.448073
0.448419
0.448419
0.448916
0.448916
0.450376
0.456833
0.456833
0.456871
0.45777
0.45788
0.45788
0.463625
0.465023
0.465968
0.466957
0.476585
0.480531
0.485199
0.48538
0.48538
0.487381
0.492484
0.492861
0.49447
0.494767
0.496525
0.497319
0.497319
0.503205
0.503493
0.507001
0.516371
0.516371
0.519176
0.519176
0.521881
0.521881
0.524581
0.52489
0.52489
0.52808
0.52808
0.531316
0.537842
0.537842
0.541199
0.54893
0.549893
0.549893
0.552428
0.554653
0.557231
0.557231
0.558596
0.560534
0.570928
0.570928
0.571256
0.57694
0.57694
0.581947
0.581947
0.59309
0.59309
0.597572
0.597572
0.600535
0.600535
0.602991
0.606139
0.606139
0.60635
0.609578
0.611611
0.611611
0.613739
0.613739
0.614523
0.614523
0.626736
0.631219
0.6359
0.636087
0.636087
0.637246
0.641058
0.644201
0.645387
0.657455
0.657455
0.658784
0.658784
0.661386
0.661386
0.662078
0.662589
0.662589
0.663895
0.666169
0.666606
0.669719
0.669719
0.671115
0.671115
0.67147
0.672328
0.680103
0.68011
0.68011
0.683641
0.694471
0.695534
0.703298
0.704098
0.719584
0.719916
0.721235
0.723349
0.72687
0.733112
0.733112
0.734106
0.735797
0.735797
0.742141
0.742141
0.757161
0.757161
0.757944
0.757944
0.768938
0.772529
0.774887
0.78175
0.782757
0.783819
0.78432
0.786806
0.786806
0.78869
0.789764
0.796899
0.801305
0.803364
0.812748
0.81384
0.822091
0.822091
0.824343
0.82831
0.831823
0.862598
0.873082
0.875366
0.895094
0.895094
0.897608
0.900171
0.914062
0.918178
0.918178
0.921639
0.927215
0.935565
0.935565
0.935752
0.93646
0.979531
0.981768
0.984933
0.984933
0.996315
1.0023
1.0089
1.04559
1.05774
1.07298
1.08921
1.13537
1.14741
1.15179
1.1678
1.16912
1.22652
1.24601
1.26575
1.26744
1.29106
1.39304
1.4073
1.42046
1.47621
1.50708
1.54494
1.54919
1.55678
1.55678
1.67777
