0.01
0.08
0.22
0.38
0.46
0.6
0.66
0.7
0.71
0.72
0.73
0.76
0.79
0.79
0.8
0.82
0.84
0.89
0.93
0.93
0.93
0.94
0.95
0.95
0.95
0.98
0.99
0.99
1.0
1.01
1.02
1.07
1.11
1.15
1.19
1.21
1.24
1.28
1.28
1.31
1.35
1.38
1.39
1.4
1.44
1.45
1.51
1.55
1.58
1.58
1.58
1.59
1.59
1.61
1.63
1.63
1.63
1.65
1.65
1.67
1.68
1.71
1.72
1.73
1.74
1.74
1.76
1.77
1.78
1.8
1.8
1.84
1.88
1.9
1.91
1.95
1.99
2.05
2.05
2.09
2.13
2.16
2.21
2.25
2.27
2.27
2.31
2.33
2.38
2.41
2.43
2.45
2.48
2.48
2.5
2.52
2.53
2.56
2.56
2.57
2.57
2.57
2.59
2.59
2.59
2.59
2.61
2.61
2.61
2.62
2.63
2.65
2.67
2.68
2.71
2.71
2.73
2.75
2.77
2.79
2.83
2.88
2.91
2.95
2.97
2.99
3.0
3.07
3.08
3.14
3.16
3.17
3.22
3.26
3.27
3.27
3.29
3.34
3.36
3.37
3.39
3.42
3.46
3.49
3.49
3.5
3.52
3.53
3.53
3.56
3.59
3.61
3.63
3.67
3.7
3.73
3.79
3.81
3.82
3.84
3.86
3.88
3.93
3.93
3.97
3.98
4.0
4.03
4.06
4.11
4.15
4.2
4.21
4.22
4.27
4.34
4.4
4.4
4.45
4.48
4.49
4.52
4.55
4.6
4.62
4.67
4.71
4.74
4.8
4.82
4.84
4.86
4.89
4.9
4.95
4.97
5.01
5.03
5.11
5.15
5.21
5.22
5.27
5.29
5.33
5.37
5.41
5.45
5.47
5.5
5.51
5.53
5.58
5.63
5.67
5.67
5.69
5.72
5.76
5.83
5.87
5.91
5.94
5.97
6.04
6.09
6.21
6.27
6.3
6.31
6.39
6.42
6.46
6.47
6.53
6.56
6.59
6.62
6.68
6.72
6.76
6.8
6.85
6.89
6.92
6.99
7.05
7.08
7.16
7.17
7.2
7.25
7.32
7.35
7.37
7.46
7.52
7.54
7.58
7.62
7.64
7.69
7.8
7.83
7.87
7.89
7.93
8.01
8.09
8.16
8.2
8.23
8.28
8.35
8.43
8.52
8.56
8.59
8.64
8.69
8.77
8.82
8.88
8.9
8.96
9.04
9.11
9.19
9.24
9.3
9.35
9.41
9.48
9.55
9.56
9.64
9.69
9.79
9.86
9.92
9.99
10.03
10.11
10.16
10.23
10.33
10.43
10.54
10.62
10.67
10.69
10.75
10.79
10.84
10.9
10.96
11.03
11.11
11.21
11.34
11.39
11.45
11.51
11.56
11.62
11.65
11.72
11.75
11.84
11.91
12.0
12.05
12.16
12.25
12.31
12.39
12.5
12.56
12.65
12.73
12.83
12.88
12.96
13.04
13.12
13.21
13.35
13.45
13.53
13.65
13.75
13.82
13.91
14.0
14.07
14.19
14.28
14.41
14.52
14.63
14.72
14.82
14.91
15.02
15.08
15.18
15.36
15.5
15.62
15.77
15.95
16.05
16.12
16.22
16.44
16.54
16.78
16.93
17.09
17.28
17.42
17.61
17.82
17.98
18.14
18.47
18.79
18.99
19.24
19.58
19.94
20.25
20.74
21.25
22.03
22.79
24.42
26.77
34.39
