0.147285
0.147285
0.153416
0.153416
0.156004
0.156039
0.158354
0.158635
0.161594
0.162007
0.164909
0.165335
0.168977
0.170096
0.172596
0.173487
0.176005
0.177406
0.178993
0.180863
0.18246
0.184067
0.185588
0.187598
0.189733
0.19174
0.1936
0.195521
0.197153
0.198664
0.200435
0.202571
0.20422
0.205652
0.207389
0.208816
0.210484
0.211871
0.213063
0.214441
0.216109
0.217641
0.219495
0.220858
0.222493
0.224117
0.225733
0.226966
0.228473
0.229889
0.231094
0.232346
0.23358
0.235447
0.236808
0.238233
0.239178
0.240639
0.24176
0.243624
0.244628
0.245958
0.247446
0.248832
0.250064
0.251206
0.252942
0.254272
0.255599
0.257099
0.258666
0.259996
0.261464
0.263014
0.264557
0.265977
0.267079
0.268552
0.269973
0.271147
0.272432
0.273758
0.274849
0.276161
0.277592
0.279087
0.280128
0.281492
0.282913
0.284435
0.285483
0.286981
0.288508
0.289615
0.290944
0.292202
0.29367
0.294712
0.296055
0.297473
0.298483
0.299717
0.300788
0.302006
0.303033
0.304474
0.305802
0.307029
0.308327
0.309577
0.310925
0.312282
0.313602
0.3147
0.315777
0.31711
0.318277
0.319267
0.320357
0.32189
0.322901
0.324469
0.325668
0.327256
0.328806
0.329822
0.331255
0.332243
0.333558
0.33453
0.335773
0.336822
0.338032
0.339484
0.340842
0.341745
0.343132
0.344093
0.345304
0.34626
0.347301
0.348369
0.349255
0.35039
0.351296
0.352503
0.353389
0.354532
0.355563
0.356936
0.357975
0.359222
0.360262
0.361499
0.362432
0.36356
0.364931
0.366204
0.367149
0.368471
0.369469
0.370502
0.371314
0.372582
0.373669
0.374539
0.375663
0.376808
0.378064
0.379086
0.37999
0.381164
0.382276
0.383037
0.384099
0.384989
0.386084
0.387204
0.388529
0.389355
0.390467
0.391568
0.392556
0.393384
0.394337
0.395531
0.396454
0.397567
0.398385
0.399466
0.400277
0.401204
0.402139
0.403261
0.404071
0.405116
0.405911
0.406874
0.407895
0.408834
0.41006
0.411056
0.412095
0.413125
0.413845
0.415012
0.415943
0.417025
0.417926
0.418973
0.420182
0.42102
0.421969
0.423293
0.424402
0.425177
0.426141
0.427138
0.428071
0.42909
0.430027
0.430885
0.431984
0.432888
0.433606
0.434445
0.435589
0.436494
0.437377
0.43867
0.439958
0.441142
0.442212
0.443214
0.444361
0.44547
0.446562
0.447434
0.448437
0.449524
0.450871
0.452144
0.453284
0.454182
0.455603
0.456762
0.457965
0.459301
0.460547
0.461683
0.463029
0.464274
0.465324
0.466526
0.467638
0.469216
0.470531
0.471564
0.472814
0.473795
0.475234
0.476527
0.477587
0.4789
0.480047
0.481243
0.482704
0.484125
0.485275
0.486547
0.487786
0.489188
0.490471
0.491563
0.492667
0.494041
0.495332
0.496574
0.497893
0.499427
0.500981
0.502135
0.503551
0.504898
0.506286
0.507546
0.509299
0.510595
0.512015
0.513561
0.515102
0.516525
0.518111
0.519838
0.521239
0.522724
0.52432
0.525863
0.527394
0.529263
0.531408
0.532719
0.53477
0.536504
0.537857
0.539188
0.540888
0.54211
0.543709
0.545147
0.547101
0.548728
0.550286
0.552063
0.553863
0.555756
0.557712
0.559591
0.561445
0.563467
0.565675
0.567298
0.569495
0.571581
0.573702
0.575633
0.577956
0.579928
0.581685
0.583882
0.586109
0.587645
0.589813
0.592174
0.594328
0.596728
0.599216
0.601506
0.603743
0.606146
0.608223
0.61028
0.612511
0.614794
0.616806
0.619031
0.621289
0.623254
0.625953
0.628449
0.630749
0.633236
0.635724
0.638126
0.640466
0.64306
0.645512
0.648842
0.651231
0.654144
0.657761
0.660979
0.664848
0.669029
0.672647
0.676613
0.680674
0.684944
0.688847
0.692359
0.695541
0.699465
0.703202
0.708158
0.713633
0.718449
0.724736
0.728449
0.733331
0.737895
0.743485
0.748323
0.752811
0.757731
0.762539
0.768262
0.772998
0.777703
0.783939
0.789662
0.794479
0.79949
0.806056
0.813249
0.819245
0.82485
0.830716
0.835575
0.841013
0.846108
0.852154
0.857601
0.863058
0.868251
0.875246
0.880063
0.887497
0.894406
0.899992
0.907557
0.913296
0.920858
0.929363
0.93694
0.943378
0.952143
0.960474
0.970477
0.980082
0.990284
0.999514
1.00958
1.01728
1.0257
1.03297
1.03909
1.047
1.05428
1.06317
1.07222
1.08119
1.08912
1.0971
1.10515
1.11368
1.12282
1.13062
1.13975
1.15292
1.16395
1.17966
1.19852
1.21693
1.24717
1.28954
1.38999
1.44884
1.49185
1.55246
1.74676
