0.06
0.26
0.44
0.51
0.62
0.65
0.66
0.66
0.7
0.74
0.79
0.84
0.86
0.91
0.99
1
1.04
1.09
1.13
1.15
1.2
1.25
1.3
1.31
1.32
1.32
1.32
1.32
1.34
1.38
1.4
1.4
1.43
1.47
1.49
1.51
1.51
1.54
1.54
1.54
1.54
1.54
1.56
1.56
1.59
1.62
1.63
1.65
1.67
1.71
1.75
1.79
1.8
1.88
1.93
2.01
2.02
2.09
2.1
2.15
2.17
2.2
2.24
2.24
2.26
2.26
2.27
2.27
2.28
2.28
2.28
2.3
2.3
2.31
2.33
2.34
2.36
2.39
2.41
2.43
2.45
2.47
2.52
2.53
2.55
2.59
2.61
2.66
2.69
2.72
2.74
2.77
2.78
2.8
2.81
2.82
2.83
2.84
2.84
2.84
2.86
2.87
2.89
2.9
2.91
2.92
2.93
2.95
2.97
2.97
2.98
3
3.03
3.04
3.06
3.09
3.16
3.19
3.21
3.24
3.34
3.4
3.49
3.52
3.55
3.56
3.61
3.65
3.67
3.68
3.69
3.7
3.7
3.73
3.73
3.73
3.75
3.76
3.79
3.79
3.79
3.8
3.8
3.81
3.82
3.82
3.83
3.85
3.87
3.91
3.94
4
4.07
4.13
4.18
4.18
4.19
4.22
4.25
4.26
4.28
4.29
4.3
4.34
4.38
4.4
4.41
4.44
4.49
4.53
4.55
4.59
4.61
4.64
4.65
4.67
4.68
4.69
4.73
4.74
4.78
4.83
4.9
4.95
5
5.03
5.07
5.1
5.12
5.13
5.14
5.14
5.15
5.16
5.18
5.19
5.22
5.24
5.26
5.29
5.3
5.32
5.36
5.38
5.4
5.43
5.45
5.5
5.55
5.59
5.64
5.71
5.75
5.76
5.83
5.87
5.89
5.94
5.98
5.99
5.99
6.02
6.05
6.07
6.09
6.11
6.13
6.14
6.16
6.22
6.31
6.31
6.38
6.42
6.48
6.52
6.54
6.56
6.62
6.63
6.64
6.67
6.71
6.72
6.76
6.77
6.8
6.86
6.92
6.93
6.96
7.02
7.1
7.16
7.21
7.26
7.32
7.39
7.46
7.49
7.52
7.56
7.57
7.6
7.61
7.62
7.64
7.67
7.67
7.68
7.7
7.71
7.74
7.77
7.82
7.84
7.9
7.95
7.97
8
8.09
8.12
8.15
8.17
8.23
8.26
8.3
8.33
8.36
8.39
8.42
8.45
8.49
8.51
8.54
8.59
8.65
8.68
8.72
8.76
8.8
8.85
8.88
8.91
8.97
9.01
9.05
9.07
9.14
9.16
9.2
9.26
9.27
9.29
9.32
9.34
9.4
9.41
9.44
9.49
9.57
9.62
9.69
9.76
9.78
9.81
9.88
9.92
9.96
9.99
10.01
10.01
10.03
10.06
10.12
10.15
10.19
10.24
10.28
10.32
10.38
10.43
10.46
10.51
10.56
10.6
10.65
10.66
10.7
10.74
10.81
10.87
10.9
10.96
10.99
11.02
11.04
11.06
11.08
11.11
11.16
11.19
11.26
11.31
11.37
11.45
11.5
11.55
11.57
11.64
11.68
11.72
11.75
11.8
11.83
11.87
11.88
11.91
11.98
12.01
12.05
12.1
12.14
12.19
12.25
12.3
12.36
12.38
12.43
12.47
12.53
12.59
12.62
12.67
12.72
12.77
12.84
12.87
12.91
12.97
12.99
13.06
13.1
13.11
13.19
13.26
13.31
13.36
13.47
13.52
13.55
13.58
13.59
13.66
13.71
13.76
13.84
13.92
14.01
14.1
14.15
14.19
14.27
14.34
14.41
14.49
14.55
14.66
14.73
14.79
14.87
14.96
15.07
15.15
15.25
15.31
15.36
15.46
15.57
15.64
15.69
15.78
15.85
15.92
15.99
16.11
16.18
16.31
16.34
16.46
16.58
16.66
16.77
16.89
17
17.07
17.16
17.29
17.42
17.56
17.69
17.74
17.91
18.06
18.2
18.29
18.41
18.47
18.61
18.74
18.91
19.05
19.2
19.33
19.47
19.66
19.82
20.05
20.23
20.38
20.55
20.79
21.02
21.19
21.44
21.67
21.89
22.08
22.44
22.66
23.04
23.34
23.76
24.25
24.87
25.71
26.43
27.37
28.62
32.16
