0.08
0.2
0.38
0.58
0.7
0.83
0.86
0.91
0.94
0.98
0.98
0.98
1.0
1.0
1.04
1.08
1.13
1.15
1.18
1.2
1.25
1.28
1.34
1.4
1.46
1.53
1.55
1.6
1.67
1.69
1.73
1.79
1.81
1.84
1.88
1.92
1.96
1.98
1.99
1.99
2.01
2.04
2.05
2.07
2.09
2.1
2.13
2.19
2.2
2.25
2.25
2.29
2.33
2.4
2.43
2.46
2.47
2.5
2.54
2.58
2.61
2.63
2.65
2.7
2.72
2.75
2.77
2.79
2.8
2.82
2.84
2.85
2.87
2.93
2.94
3.0
3.03
3.1
3.15
3.17
3.23
3.26
3.27
3.27
3.32
3.33
3.33
3.38
3.4
3.43
3.45
3.5
3.53
3.58
3.6
3.63
3.66
3.7
3.72
3.75
3.79
3.85
3.87
3.88
3.95
4.01
4.07
4.1
4.13
4.19
4.21
4.21
4.22
4.25
4.25
4.26
4.26
4.26
4.28
4.29
4.33
4.36
4.37
4.4
4.42
4.47
4.5
4.56
4.61
4.65
4.69
4.76
4.8
4.82
4.86
4.92
4.97
4.99
5.01
5.02
5.05
5.07
5.1
5.11
5.15
5.16
5.17
5.17
5.19
5.23
5.24
5.26
5.28
5.33
5.35
5.4
5.44
5.46
5.53
5.56
5.62
5.66
5.7
5.72
5.76
5.82
5.86
5.86
5.86
5.9
5.91
5.92
5.95
5.99
6.03
6.05
6.06
6.06
6.07
6.08
6.09
6.1
6.14
6.15
6.17
6.22
6.26
6.32
6.39
6.42
6.48
6.57
6.65
6.67
6.68
6.71
6.71
6.74
6.79
6.8
6.84
6.84
6.86
6.87
6.91
6.92
6.93
6.93
6.94
6.96
6.98
7.0
7.04
7.07
7.08
7.11
7.17
7.18
7.23
7.27
7.29
7.34
7.37
7.42
7.44
7.47
7.49
7.54
7.58
7.62
7.65
7.69
7.72
7.75
7.76
7.77
7.78
7.8
7.83
7.85
7.91
7.93
7.96
7.99
8.01
8.01
8.02
8.05
8.09
8.12
8.15
8.17
8.22
8.24
8.28
8.32
8.37
8.4
8.41
8.45
8.48
8.51
8.53
8.56
8.58
8.6
8.63
8.67
8.7
8.72
8.74
8.77
8.81
8.82
8.84
8.86
8.9
8.93
8.93
8.95
8.99
9.0
9.06
9.11
9.15
9.18
9.21
9.24
9.28
9.32
9.35
9.39
9.41
9.43
9.44
9.47
9.47
9.49
9.51
9.53
9.53
9.55
9.59
9.62
9.64
9.69
9.72
9.77
9.79
9.85
9.87
9.9
9.92
9.92
9.98
10.01
10.05
10.1
10.12
10.13
10.15
10.17
10.18
10.2
10.22
10.23
10.26
10.3
10.32
10.34
10.37
10.42
10.48
10.5
10.54
10.57
10.62
10.64
10.65
10.68
10.69
10.71
10.73
10.74
10.77
10.79
10.81
10.86
10.91
10.92
10.95
10.98
11.01
11.02
11.05
11.08
11.11
11.15
11.18
11.25
11.27
11.31
11.32
11.36
11.4
11.43
11.44
11.46
11.46
11.48
11.48
11.5
11.54
11.56
11.61
11.61
11.65
11.67
11.67
11.69
11.71
11.72
11.74
11.74
11.77
11.8
11.87
11.95
11.96
11.97
11.99
12.05
12.12
12.14
12.16
12.19
12.23
12.23
12.26
12.29
12.31
12.33
12.36
12.38
12.4
12.41
12.45
12.49
12.52
12.53
12.54
12.55
12.58
12.63
12.65
12.67
12.71
12.74
12.76
12.78
12.82
12.84
12.87
12.9
12.9
12.93
12.95
12.97
13.01
13.03
13.08
13.11
13.17
13.17
13.19
13.22
13.27
13.28
13.32
13.36
13.37
13.41
13.44
13.48
13.52
13.55
13.58
13.6
13.61
13.63
13.66
13.69
13.72
13.75
13.77
13.81
13.82
13.86
13.89
13.91
13.97
13.98
14.02
14.04
14.09
14.12
14.13
14.17
14.17
14.2
14.23
14.28
14.3
14.32
14.32
14.36
14.38
14.41
14.47
14.5
14.53
14.58
14.62
14.63
14.67
14.7
14.73
14.76
14.8
14.84
14.86
14.89
14.92
14.97
15.02
15.08
15.08
15.12
15.17
15.19
15.2
15.25
15.3
15.31
15.35
15.37
15.37
15.41
15.46
15.5
15.54
15.57
15.59
15.61
15.66
15.7
15.76
15.77
15.8
15.83
15.86
15.9
15.93
15.97
16.0
16.03
16.06
16.07
16.12
16.16
16.21
16.25
16.32
16.35
16.38
16.4
16.43
16.46
16.52
16.55
16.59
16.6
16.62
16.66
16.69
16.72
16.77
16.82
16.83
16.85
16.89
16.92
16.95
17.0
17.06
17.08
17.16
17.21
17.26
17.28
17.32
17.35
17.38
17.39
17.42
17.46
17.52
17.56
17.59
17.61
17.63
17.65
17.74
17.81
17.86
17.89
17.94
17.97
18.03
18.08
18.12
18.17
18.2
18.22
18.23
18.26
18.3
18.35
18.39
18.42
18.47
18.52
18.57
18.59
18.64
18.69
18.78
18.8
18.82
18.84
18.86
18.9
18.92
18.96
19.02
19.08
19.14
19.2
19.25
19.29
19.33
19.38
19.43
19.46
19.56
19.61
19.62
19.64
19.7
19.73
19.78
19.84
19.89
19.91
19.96
20.0
20.05
20.09
20.15
20.23
20.3
20.36
20.39
20.45
20.51
20.57
20.6
20.67
20.69
20.74
20.8
20.85
20.9
20.95
21.0
21.05
21.13
21.18
21.26
21.33
21.41
21.48
21.49
21.52
21.53
21.61
21.69
21.77
21.8
21.88
21.98
22.06
22.09
22.13
22.2
22.24
22.27
22.32
22.39
22.47
22.52
22.57
22.65
22.72
22.8
22.86
22.9
22.95
23.04
23.13
23.21
23.26
23.31
23.35
23.43
23.49
23.62
23.74
23.84
23.86
23.93
24.03
24.09
24.14
24.22
24.3
24.43
24.5
24.6
24.73
24.88
24.97
25.06
25.15
25.25
25.33
25.44
25.6
25.71
25.83
25.9
26.01
26.15
26.25
26.38
26.49
26.61
26.77
26.85
26.96
27.12
27.3
27.46
27.58
27.72
27.96
28.17
28.35
28.48
28.66
28.83
29.07
29.27
29.51
29.79
30.0
30.3
30.57
30.81
31.2
31.63
31.97
32.29
32.85
33.28
34.02
34.86
35.65
37.54
39.54
