0.328
0.328
0.328
0.328
0.329
0.329
0.333
0.335
0.337
0.337
0.337
0.337
0.34
0.343
0.345
0.347
0.353
0.355
0.362
0.368
0.375
0.384
0.387
0.395
0.402
0.416
0.427
0.434
0.446
0.464
0.474
0.487
0.503
0.514
0.527
0.537
0.553
0.57
0.581
0.598
0.613
0.632
0.655
0.667
0.686
0.705
0.739
0.76
0.782
0.801
0.813
0.837
0.858
0.874
0.898
0.93
0.956
0.988
1.024
1.047
1.075
1.1
1.145
1.172
1.206
1.242
1.285
1.329
1.369
1.425
1.481
1.546
1.616
1.686
1.757
1.809
1.908
2.002
2.097
2.211
2.278
2.367
2.435
2.517
2.619
2.787
2.935
3.071
3.183
3.359
3.486
3.606
3.873
4.204
4.35
4.471
4.661
4.881
5.214
5.791
