0.328
0.328
0.328
0.328
0.328
0.328
0.328
0.329
0.33
0.33
0.332
0.333
0.334
0.334
0.336
0.338
0.339
0.339
0.341
0.342
0.344
0.346
0.347
0.352
0.357
0.36
0.367
0.373
0.387
0.398
0.401
0.408
0.418
0.424
0.431
0.44
0.446
0.465
0.474
0.482
0.489
0.498
0.509
0.517
0.521
0.53
0.542
0.553
0.567
0.579
0.588
0.599
0.615
0.625
0.632
0.642
0.652
0.67
0.688
0.698
0.711
0.719
0.73
0.745
0.755
0.767
0.781
0.801
0.813
0.826
0.839
0.849
0.861
0.877
0.902
0.915
0.933
0.944
0.963
0.975
0.995
1.013
1.026
1.041
1.065
1.088
1.107
1.133
1.151
1.167
1.189
1.221
1.247
1.27
1.296
1.317
1.343
1.366
1.398
1.42
1.441
1.472
1.496
1.515
1.54
1.565
1.581
1.604
1.63
1.655
1.678
1.701
1.73
1.768
1.803
1.826
1.851
1.886
1.916
1.948
1.991
2.032
2.072
2.101
2.144
2.183
2.243
2.286
2.34
2.396
2.451
2.532
2.607
2.696
2.781
2.842
2.938
3.049
3.154
3.24
3.321
3.41
3.526
3.643
3.965
4.134
4.451
4.75
4.901
5.097
