0.163817
0.163817
0.19086
0.19086
0.216329
0.216329
0.236956
0.236956
0.246869
0.246869
0.27183
0.27183
0.326218
0.334846
0.334846
0.402462
0.405099
0.405099
0.413525
0.413525
0.420007
0.420007
0.441956
0.441956
0.448365
0.449219
0.449219
0.454948
0.454948
0.459218
0.467877
0.473018
0.473018
0.479644
0.479644
0.488955
0.488955
0.507017
0.51937
0.51937
0.534066
0.534066
0.543593
0.543593
0.552109
0.552478
0.552478
0.552935
0.563428
0.565645
0.565645
0.567492
0.572759
0.572759
0.596742
0.608261
0.608261
0.613794
0.613794
0.62577
0.62577
0.634116
0.634116
0.65083
0.657797
0.664181
0.694875
0.695122
0.695122
0.709281
0.709281
0.727533
0.734437
0.735848
0.739312
0.739351
0.741163
0.741163
0.801889
0.801889
0.809384
0.812329
0.812329
0.815156
0.82204
0.829102
0.833805
0.849075
0.853229
0.853229
0.854151
0.854151
0.856469
0.856469
0.862066
0.865787
0.865787
0.878699
0.878699
0.880823
0.897334
0.903975
0.903975
0.911494
0.928476
0.931086
0.931086
0.93525
0.939439
0.95893
1.00235
1.0415
1.06017
1.0743
1.09197
1.12737
1.13096
1.13625
1.13625
1.16933
1.19808
1.20982
1.21878
1.25095
1.27818
1.31454
1.34281
1.35525
1.35525
1.36916
1.41267
1.41267
1.41938
1.45806
1.4606
1.46509
1.52734
1.549
1.62901
1.63374
1.71151
1.71399
1.83188
1.9356
1.98717
2.11436
2.12204
2.16829
2.16829
3.29056
