0.328
0.328
0.328
0.328
0.328
0.328
0.328
0.328
0.328
0.328
0.328
0.329
0.33
0.33
0.331
0.332
0.332
0.332
0.332
0.333
0.334
0.334
0.334
0.334
0.334
0.334
0.334
0.334
0.334
0.334
0.335
0.335
0.336
0.336
0.337
0.337
0.338
0.338
0.339
0.339
0.339
0.339
0.34
0.342
0.346
0.347
0.349
0.35
0.351
0.352
0.354
0.358
0.359
0.369
0.373
0.374
0.378
0.381
0.383
0.386
0.389
0.393
0.396
0.398
0.4
0.402
0.406
0.411
0.415
0.417
0.423
0.428
0.433
0.436
0.441
0.445
0.451
0.454
0.456
0.459
0.464
0.466
0.469
0.47
0.474
0.477
0.478
0.481
0.486
0.487
0.49
0.496
0.501
0.505
0.51
0.518
0.521
0.523
0.528
0.536
0.542
0.548
0.552
0.557
0.561
0.561
0.566
0.568
0.575
0.583
0.585
0.589
0.594
0.597
0.602
0.608
0.614
0.623
0.625
0.632
0.637
0.64
0.645
0.65
0.656
0.66
0.667
0.672
0.679
0.683
0.686
0.694
0.705
0.709
0.716
0.722
0.729
0.734
0.738
0.744
0.75
0.753
0.759
0.763
0.77
0.78
0.793
0.801
0.811
0.817
0.825
0.831
0.835
0.838
0.843
0.849
0.853
0.859
0.868
0.871
0.88
0.891
0.898
0.904
0.912
0.919
0.923
0.933
0.937
0.94
0.945
0.952
0.962
0.969
0.982
0.991
0.995
1.001
1.007
1.012
1.019
1.023
1.032
1.04
1.052
1.058
1.068
1.075
1.078
1.083
1.088
1.094
1.108
1.111
1.117
1.126
1.136
1.143
1.151
1.159
1.17
1.175
1.184
1.193
1.203
1.209
1.214
1.22
1.229
1.236
1.243
1.252
1.262
1.277
1.28
1.291
1.301
1.308
1.316
1.325
1.337
1.35
1.364
1.373
1.381
1.393
1.402
1.415
1.422
1.434
1.44
1.45
1.465
1.475
1.481
1.492
1.496
1.509
1.518
1.525
1.534
1.55
1.562
1.577
1.587
1.597
1.61
1.623
1.638
1.653
1.668
1.681
1.694
1.707
1.728
1.742
1.759
1.775
1.802
1.816
1.833
1.851
1.866
1.887
1.9
1.915
1.94
1.96
1.979
1.997
2.012
2.03
2.045
2.078
2.09
2.108
2.139
2.169
2.193
2.236
2.271
2.316
2.365
2.413
2.469
2.546
2.605
2.71
2.816
2.91
3.023
3.145
3.424
3.617
3.748
4.009
4.191
4.594
4.839
5.481
