0.15026
0.15026
0.150661
0.150661
0.150761
0.150761
0.15085
0.15085
0.15206
0.15206
0.152956
0.152956
0.153659
0.153659
0.153856
0.153856
0.153879
0.153879
0.154637
0.154637
0.154697
0.154697
0.171738
0.171738
0.173957
0.173957
0.182788
0.182788
0.18394
0.18394
0.184525
0.187767
0.187767
0.199822
0.199822
0.201096
0.201096
0.209033
0.209033
0.209335
0.209335
0.210089
0.210089
0.211515
0.211515
0.234299
0.234299
0.236348
0.236348
0.2381
0.2381
0.249875
0.249875
0.254433
0.254433
0.25787
0.25787
0.261128
0.261128
0.262345
0.262345
0.26983
0.26983
0.287447
0.287447
0.305742
0.305742
0.310763
0.310763
0.311624
0.311624
0.312054
0.31232
0.31232
0.312798
0.312798
0.323631
0.323631
0.325425
0.325425
0.330344
0.333647
0.333647
0.336939
0.34058
0.34058
0.341309
0.341962
0.344278
0.344278
0.345076
0.345076
0.348683
0.348683
0.351308
0.351308
0.353854
0.354256
0.354256
0.354958
0.354958
0.355754
0.355996
0.355996
0.357903
0.357903
0.359763
0.36555
0.36555
0.365685
0.367897
0.367897
0.368193
0.368193
0.368678
0.368678
0.372712
0.372712
0.373805
0.374153
0.374153
0.376203
0.376581
0.376581
0.377676
0.380449
0.381789
0.383308
0.394963
0.406735
0.411728
0.421802
0.422465
0.422465
0.422584
0.422584
0.422763
0.422763
0.423754
0.423754
0.433686
0.434903
0.434903
0.435463
0.441505
0.441505
0.444594
0.444594
0.4451
0.4451
0.445476
0.446016
0.446016
0.448333
0.450982
0.453474
0.453474
0.454403
0.457887
0.467206
0.467206
0.474667
0.474667
0.475162
0.475162
0.47651
0.47651
0.478764
0.478764
0.480668
0.486422
0.486422
0.487188
0.487615
0.487615
0.489871
0.489871
0.491003
0.493575
0.493575
0.50076
0.50191
0.50191
0.505019
0.507309
0.507407
0.50882
0.50882
0.513691
0.514087
0.525904
0.532905
0.532905
0.533562
0.534933
0.538716
0.538716
0.540093
0.540093
0.540421
0.544369
0.545928
0.545928
0.550617
0.550617
0.550887
0.550986
0.550986
0.552951
0.554362
0.555532
0.556448
0.556448
0.557456
0.557456
0.560458
0.560458
0.561017
0.561584
0.562007
0.56244
0.577798
0.577798
0.583326
0.589333
0.589333
0.593732
0.596465
0.600438
0.602153
0.602153
0.60246
0.60246
0.60814
0.610336
0.610336
0.611486
0.611999
0.618858
0.61911
0.61911
0.62327
0.62349
0.629135
0.632195
0.632706
0.659108
0.660112
0.662644
0.669598
0.670657
0.670657
0.684092
0.684092
0.687039
0.687039
0.699442
0.699442
0.701123
0.708196
0.726464
0.726464
0.727903
0.731567
0.732652
0.744353
0.744353
0.749014
0.752426
0.752426
0.762433
0.762433
0.7802
0.788686
0.788686
0.791698
0.791897
0.791897
0.80769
0.811747
0.811747
0.821596
0.824161
0.824161
0.828272
0.836651
0.836651
0.837755
0.866937
0.869726
0.869726
0.872546
0.882537
0.884107
0.884224
0.885504
0.886507
0.893894
0.895699
0.895984
0.897059
0.898096
0.903107
0.907727
0.909861
0.913351
0.917234
0.917568
0.917568
0.921233
0.930627
0.930627
0.93293
0.93293
0.939032
0.940587
0.947473
0.965147
0.965147
0.971879
0.972757
0.992397
0.992397
1.01055
1.01889
1.02073
1.03447
1.03447
1.03612
1.07087
1.10767
1.11121
1.1163
1.12078
1.12884
1.1422
1.17047
1.18673
1.19352
1.21067
1.23916
1.25706
1.27161
1.28988
1.31201
1.37995
1.41459
1.42759
1.48027
1.59288
