0.04
0.07
0.13
0.24
0.41
0.53
0.65
0.7
0.73
0.74
0.78
0.79
0.83
0.86
0.89
0.9
0.91
0.92
0.95
0.95
0.95
0.97
0.98
0.98
0.98
0.98
0.99
1.0
1.0
1.0
1.02
1.06
1.09
1.1
1.12
1.14
1.15
1.19
1.22
1.22
1.24
1.29
1.35
1.4
1.42
1.48
1.53
1.58
1.6
1.62
1.63
1.63
1.66
1.67
1.7
1.71
1.74
1.74
1.74
1.74
1.74
1.74
1.74
1.74
1.75
1.76
1.79
1.79
1.8
1.81
1.81
1.83
1.83
1.87
1.89
1.9
1.95
1.99
2.02
2.03
2.07
2.15
2.17
2.23
2.23
2.27
2.36
2.37
2.4
2.43
2.47
2.47
2.51
2.52
2.53
2.55
2.57
2.6
2.61
2.62
2.62
2.63
2.64
2.66
2.67
2.69
2.7
2.73
2.74
2.76
2.78
2.82
2.84
2.86
2.89
2.93
2.98
3.02
3.07
3.13
3.15
3.17
3.19
3.2
3.23
3.24
3.24
3.24
3.24
3.25
3.26
3.27
3.29
3.31
3.33
3.35
3.38
3.4
3.41
3.43
3.44
3.48
3.53
3.58
3.61
3.64
3.72
3.82
3.87
3.9
3.96
3.98
4.04
4.09
4.09
4.12
4.14
4.16
4.16
4.16
4.17
4.2
4.2
4.2
4.22
4.25
4.28
4.28
4.3
4.33
4.37
4.38
4.42
4.48
4.55
4.56
4.65
4.67
4.73
4.77
4.8
4.82
4.83
4.9
4.93
4.93
4.95
4.98
5.02
5.05
5.08
5.1
5.11
5.16
5.18
5.3
5.31
5.35
5.39
5.47
5.48
5.51
5.54
5.62
5.64
5.7
5.71
5.75
5.77
5.8
5.83
5.85
5.85
5.9
5.97
6.0
6.07
6.12
6.19
6.24
6.28
6.33
6.37
6.42
6.46
6.48
6.52
6.54
6.56
6.62
6.66
6.71
6.73
6.79
6.84
6.86
6.91
6.96
7.02
7.05
7.13
7.18
7.24
7.28
7.35
7.38
7.42
7.47
7.55
7.58
7.61
7.68
7.71
7.75
7.79
7.84
7.87
7.95
8.01
8.04
8.06
8.1
8.16
8.23
8.27
8.31
8.36
8.41
8.45
8.49
8.55
8.58
8.65
8.7
8.77
8.81
8.86
8.92
8.98
9.01
9.07
9.08
9.15
9.21
9.22
9.26
9.29
9.32
9.35
9.35
9.43
9.5
9.54
9.65
9.71
9.73
9.76
9.81
9.89
9.94
9.99
10.07
10.15
10.2
10.21
10.23
10.25
10.31
10.39
10.42
10.46
10.54
10.57
10.64
10.71
10.76
10.81
10.87
10.88
10.92
10.95
11.02
11.08
11.13
11.21
11.26
11.29
11.4
11.46
11.51
11.57
11.61
11.68
11.72
11.75
11.81
11.88
11.95
11.98
12.06
12.13
12.16
12.22
12.3
12.37
12.42
12.48
12.53
12.54
12.57
12.68
12.74
12.79
12.88
12.94
13.02
13.08
13.14
13.2
13.31
13.35
13.41
13.47
13.51
13.6
13.71
13.74
13.78
13.85
13.91
14.05
14.11
14.18
14.3
14.37
14.44
14.48
14.52
14.58
14.67
14.74
14.88
14.94
15.09
15.14
15.25
15.27
15.35
15.46
15.58
15.67
15.75
15.84
15.91
16.0
16.1
16.21
16.29
16.43
16.58
16.71
16.81
16.93
17.0
17.14
17.31
17.46
17.58
17.71
17.82
17.96
18.07
18.19
18.35
18.5
18.6
18.75
18.89
19.03
19.24
19.42
19.57
19.77
19.94
20.25
20.42
20.66
20.84
21.07
21.19
21.41
21.68
22.01
22.31
22.55
22.86
23.11
23.45
23.85
24.21
24.69
25.04
25.51
26.19
26.7
27.46
28.26
29.36
32.07
36.26
