0.328
0.328
0.328
0.328
0.328
0.328
0.328
0.329
0.329
0.329
0.33
0.33
0.33
0.331
0.332
0.332
0.333
0.333
0.333
0.333
0.333
0.333
0.333
0.334
0.334
0.334
0.335
0.335
0.335
0.336
0.337
0.337
0.338
0.338
0.338
0.339
0.339
0.339
0.339
0.34
0.341
0.341
0.341
0.341
0.342
0.343
0.344
0.344
0.344
0.345
0.346
0.346
0.346
0.346
0.346
0.349
0.353
0.355
0.357
0.359
0.365
0.373
0.376
0.383
0.388
0.397
0.406
0.409
0.413
0.417
0.418
0.421
0.425
0.429
0.43
0.433
0.436
0.438
0.438
0.438
0.439
0.44
0.442
0.442
0.443
0.443
0.446
0.447
0.45
0.453
0.456
0.458
0.462
0.465
0.469
0.475
0.48
0.485
0.489
0.491
0.503
0.509
0.511
0.518
0.522
0.524
0.531
0.534
0.538
0.54
0.54
0.544
0.547
0.55
0.551
0.553
0.556
0.557
0.563
0.569
0.571
0.575
0.579
0.586
0.589
0.601
0.604
0.608
0.612
0.616
0.62
0.623
0.629
0.632
0.636
0.638
0.641
0.646
0.649
0.652
0.657
0.66
0.666
0.67
0.674
0.681
0.689
0.696
0.697
0.702
0.708
0.712
0.715
0.723
0.724
0.726
0.733
0.736
0.742
0.749
0.754
0.758
0.762
0.764
0.769
0.772
0.777
0.781
0.786
0.792
0.795
0.8
0.808
0.81
0.815
0.819
0.829
0.835
0.838
0.84
0.84
0.844
0.847
0.851
0.855
0.863
0.867
0.871
0.876
0.884
0.892
0.898
0.902
0.908
0.91
0.913
0.918
0.921
0.925
0.926
0.929
0.932
0.938
0.941
0.947
0.952
0.96
0.968
0.973
0.976
0.979
0.984
0.985
0.989
0.998
1.003
1.01
1.014
1.021
1.023
1.029
1.033
1.037
1.046
1.052
1.057
1.062
1.065
1.066
1.067
1.075
1.081
1.085
1.09
1.093
1.101
1.103
1.105
1.11
1.118
1.121
1.127
1.13
1.133
1.14
1.146
1.154
1.156
1.16
1.164
1.168
1.171
1.175
1.18
1.189
1.2
1.207
1.208
1.213
1.218
1.227
1.231
1.239
1.243
1.249
1.254
1.259
1.261
1.265
1.265
1.27
1.276
1.281
1.288
1.295
1.299
1.301
1.308
1.316
1.32
1.321
1.323
1.33
1.333
1.339
1.347
1.353
1.357
1.362
1.369
1.371
1.377
1.386
1.391
1.395
1.396
1.398
1.403
1.405
1.41
1.416
1.419
1.424
1.431
1.434
1.441
1.448
1.452
1.461
1.467
1.47
1.478
1.482
1.483
1.487
1.492
1.499
1.504
1.506
1.507
1.514
1.519
1.529
1.537
1.541
1.545
1.556
1.56
1.562
1.567
1.573
1.582
1.588
1.596
1.606
1.608
1.612
1.616
1.622
1.628
1.631
1.635
1.647
1.655
1.664
1.67
1.678
1.683
1.687
1.693
1.698
1.701
1.707
1.712
1.717
1.727
1.74
1.751
1.756
1.765
1.769
1.771
1.776
1.782
1.791
1.804
1.811
1.817
1.82
1.825
1.833
1.841
1.847
1.851
1.856
1.863
1.873
1.879
1.888
1.899
1.906
1.919
1.927
1.935
1.939
1.946
1.951
1.961
1.969
1.983
1.994
2.003
2.01
2.02
2.028
2.035
2.039
2.049
2.06
2.07
2.079
2.091
2.109
2.119
2.126
2.131
2.142
2.155
2.167
2.176
2.195
2.208
2.219
2.228
2.239
2.251
2.263
2.279
2.294
2.308
2.324
2.334
2.357
2.378
2.392
2.409
2.426
2.45
2.476
2.501
2.531
2.558
2.58
2.612
2.642
2.685
2.719
2.758
2.799
2.841
2.882
2.938
3.015
3.136
3.256
3.615
3.957
4.287
4.479
4.844
