0.33
0.45
0.54
0.58
0.67
0.71
0.71
0.73
0.78
0.87
0.89
0.91
0.95
1
1.03
1.07
1.14
1.16
1.21
1.24
1.27
1.31
1.35
1.39
1.43
1.43
1.45
1.48
1.49
1.53
1.54
1.54
1.55
1.56
1.56
1.57
1.59
1.63
1.63
1.64
1.68
1.68
1.73
1.75
1.77
1.81
1.83
1.84
1.88
1.95
2
2.04
2.07
2.11
2.14
2.16
2.17
2.17
2.19
2.19
2.19
2.2
2.22
2.26
2.29
2.32
2.36
2.4
2.43
2.46
2.49
2.5
2.5
2.53
2.56
2.6
2.62
2.63
2.66
2.66
2.7
2.74
2.79
2.8
2.82
2.86
2.87
2.88
2.92
2.93
2.95
2.98
3.02
3.09
3.12
3.13
3.15
3.16
3.18
3.21
3.23
3.24
3.26
3.32
3.34
3.36
3.38
3.39
3.44
3.45
3.49
3.5
3.52
3.55
3.6
3.62
3.64
3.64
3.65
3.69
3.74
3.75
3.78
3.8
3.82
3.84
3.85
3.85
3.86
3.89
3.93
3.95
4.01
4.05
4.1
4.12
4.15
4.17
4.23
4.27
4.35
4.39
4.41
4.45
4.51
4.52
4.53
4.56
4.61
4.64
4.65
4.66
4.68
4.72
4.77
4.81
4.84
4.85
4.86
4.89
4.92
4.94
4.98
5.02
5.04
5.08
5.12
5.16
5.18
5.2
5.25
5.29
5.31
5.35
5.37
5.41
5.41
5.44
5.45
5.48
5.5
5.51
5.54
5.56
5.59
5.61
5.66
5.7
5.71
5.75
5.77
5.79
5.82
5.9
5.95
6.02
6.09
6.12
6.12
6.16
6.18
6.2
6.21
6.25
6.28
6.31
6.36
6.36
6.39
6.45
6.48
6.53
6.56
6.58
6.62
6.66
6.7
6.75
6.77
6.79
6.81
6.81
6.86
6.92
6.95
7
7.04
7.07
7.11
7.15
7.18
7.24
7.3
7.37
7.39
7.46
7.5
7.52
7.56
7.62
7.66
7.68
7.7
7.74
7.76
7.8
7.83
7.85
7.88
7.9
7.91
8
8.06
8.1
8.12
8.21
8.26
8.36
8.39
8.43
8.43
8.46
8.51
8.57
8.6
8.63
8.67
8.7
8.79
8.82
8.84
8.88
8.94
9.01
9.03
9.08
9.11
9.13
9.19
9.19
9.23
9.28
9.3
9.31
9.35
9.4
9.46
9.5
9.53
9.58
9.66
9.71
9.72
9.77
9.83
9.84
9.89
9.92
9.95
9.99
10.04
10.07
10.09
10.15
10.22
10.24
10.28
10.4
10.43
10.45
10.53
10.55
10.59
10.66
10.69
10.69
10.72
10.77
10.82
10.86
10.87
10.91
10.93
10.96
11.03
11.09
11.1
11.15
11.19
11.25
11.32
11.38
11.4
11.43
11.48
11.55
11.59
11.64
11.66
11.7
11.71
11.73
11.81
11.83
11.86
11.91
11.97
12.02
12.05
12.09
12.18
12.24
12.26
12.3
12.34
12.42
12.47
12.49
12.52
12.56
12.6
12.63
12.66
12.74
12.81
12.85
12.91
12.96
13
13.01
13.06
13.14
13.17
13.23
13.3
13.33
13.35
13.38
13.43
13.47
13.51
13.58
13.65
13.7
13.75
13.83
13.86
13.9
13.95
14.03
14.1
14.19
14.22
14.24
14.27
14.32
14.36
14.46
14.52
14.56
14.67
14.74
14.78
14.83
14.89
14.93
15
15.03
15.13
15.17
15.27
15.32
15.39
15.49
15.57
15.63
15.68
15.7
15.73
15.81
15.9
15.99
16.08
16.14
16.23
16.34
16.42
16.5
16.58
16.65
16.72
16.78
16.82
16.9
16.98
17.06
17.1
17.18
17.25
17.35
17.48
17.58
17.67
17.77
17.84
17.92
18.05
18.11
18.22
18.31
18.43
18.46
18.6
18.75
18.86
19.01
19.07
19.17
19.3
19.41
19.48
19.61
19.71
19.84
20.01
20.16
20.28
20.38
20.53
20.66
20.86
20.99
21.15
21.33
21.55
21.78
22
22.18
22.39
22.56
22.84
23.09
23.38
23.64
23.97
24.27
24.57
24.94
25.27
25.68
26.17
26.72
27.17
27.81
28.75
29.63
30.93
32.63
34.62
38.34
