   0.32800
   0.33500
   0.33700
   0.34400
   0.35600
   0.37000
   0.39100
   0.41700
   0.44800
   0.48500
   0.52800
   0.57800
   0.61300
   0.65100
   0.68900
   0.74600
   0.78400
   0.83000
   0.89200
   0.94800
   1.01400
   1.11000
   1.19400
   1.25900
   1.32700
   1.39700
   1.49100
   1.61000
   1.69500
   1.77800
   1.86800
   1.99500
   2.16100
   2.24600
   2.36700
   2.49800
   2.72800
   2.84900
   2.96700
   3.12300
   3.48500
   3.79600
   4.01100
   4.15300
   4.37400
   4.55900
   4.79400
   4.98200
   5.25300
   5.64800
