0.150862
0.150862
0.152605
0.152605
0.153885
0.153885
0.155321
0.155331
0.156613
0.15662
0.158129
0.158131
0.159903
0.160127
0.16235
0.162527
0.164327
0.164479
0.166741
0.167167
0.168769
0.169001
0.171124
0.171757
0.173567
0.174182
0.176093
0.176665
0.178403
0.178873
0.180567
0.181076
0.182345
0.183328
0.184749
0.185598
0.186665
0.187436
0.188768
0.189633
0.190889
0.192037
0.193341
0.194395
0.195577
0.196657
0.198075
0.19919
0.200197
0.201078
0.202392
0.203363
0.204632
0.205695
0.207042
0.208154
0.209408
0.210645
0.211819
0.213023
0.214189
0.21507
0.216025
0.216927
0.218182
0.219485
0.220807
0.221624
0.222709
0.223755
0.225135
0.226146
0.227386
0.228258
0.229271
0.230223
0.231505
0.232445
0.233577
0.234716
0.235598
0.236839
0.237786
0.238767
0.240096
0.241317
0.242293
0.243625
0.244952
0.246005
0.24674
0.247868
0.248835
0.25008
0.25121
0.2525
0.253631
0.255007
0.256064
0.257366
0.258291
0.259376
0.260435
0.261558
0.262551
0.263815
0.26515
0.266492
0.267443
0.268716
0.269819
0.270933
0.27201
0.272963
0.274319
0.275341
0.276778
0.277967
0.279264
0.280324
0.281444
0.282401
0.283713
0.284709
0.285643
0.286641
0.287831
0.289223
0.29007
0.29152
0.29232
0.293657
0.294515
0.295878
0.297225
0.298701
0.299927
0.301392
0.30236
0.303368
0.30477
0.30591
0.307236
0.308506
0.309603
0.311037
0.312379
0.313448
0.314762
0.316046
0.317082
0.318279
0.319371
0.320435
0.321501
0.322448
0.323565
0.324572
0.325866
0.32681
0.327721
0.328842
0.329612
0.330759
0.33195
0.333001
0.333984
0.334882
0.335903
0.3369
0.33814
0.339238
0.340423
0.341576
0.342598
0.343726
0.344732
0.346093
0.346871
0.347986
0.348998
0.350425
0.351572
0.353172
0.354004
0.355057
0.355953
0.357001
0.358461
0.359438
0.360569
0.361373
0.362869
0.363886
0.365099
0.366443
0.36768
0.368714
0.369687
0.370849
0.371651
0.372817
0.373845
0.374879
0.375735
0.376939
0.377949
0.379237
0.379891
0.381125
0.381865
0.382873
0.384004
0.385235
0.386415
0.38751
0.388744
0.389634
0.390695
0.391763
0.392655
0.393589
0.394534
0.395844
0.396823
0.397973
0.399358
0.400282
0.401294
0.402553
0.40346
0.404477
0.405667
0.406708
0.407957
0.409244
0.410249
0.411558
0.412738
0.414259
0.41531
0.416283
0.417226
0.418369
0.419273
0.420315
0.42172
0.422648
0.423955
0.425174
0.426464
0.427702
0.429048
0.430103
0.431165
0.432386
0.433651
0.434892
0.436004
0.437222
0.438356
0.439591
0.440852
0.442012
0.443074
0.444438
0.445694
0.447092
0.448466
0.449743
0.451057
0.452558
0.454167
0.455704
0.457414
0.45881
0.460212
0.461658
0.462844
0.464187
0.465229
0.46657
0.467877
0.46933
0.470898
0.472078
0.473524
0.474885
0.476261
0.477569
0.478953
0.480222
0.481731
0.483032
0.484185
0.485244
0.486542
0.488144
0.489216
0.49044
0.491678
0.492838
0.494293
0.495544
0.496804
0.497937
0.499134
0.500784
0.502216
0.503668
0.504731
0.506298
0.50755
0.508773
0.509623
0.511671
0.513099
0.514444
0.515623
0.517015
0.518334
0.519813
0.521104
0.52277
0.523943
0.525044
0.526555
0.528353
0.52956
0.531207
0.532673
0.533933
0.535343
0.536701
0.538101
0.539353
0.540841
0.542311
0.543722
0.545324
0.546957
0.548445
0.550062
0.551425
0.552835
0.554193
0.555976
0.557601
0.559425
0.561357
0.562915
0.564225
0.565771
0.567204
0.568637
0.570208
0.571884
0.573673
0.575056
0.576914
0.578202
0.579761
0.581529
0.583029
0.584739
0.586559
0.588443
0.589894
0.59128
0.59288
0.594588
0.596079
0.597525
0.599183
0.600693
0.602222
0.604148
0.605886
0.608019
0.609777
0.611203
0.612945
0.614357
0.616535
0.618479
0.620577
0.622165
0.6239
0.625598
0.627653
0.630014
0.632209
0.633942
0.636016
0.637985
0.640089
0.64225
0.644206
0.646323
0.648467
0.650762
0.653398
0.655209
0.657051
0.658497
0.660546
0.662409
0.664867
0.667278
0.669275
0.671635
0.674655
0.677148
0.679171
0.681649
0.684099
0.686143
0.688462
0.690201
0.692358
0.694389
0.696965
0.6995
0.701498
0.703744
0.705953
0.708369
0.711189
0.713869
0.716283
0.718698
0.721118
0.724226
0.726784
0.729932
0.733342
0.736387
0.739998
0.744125
0.747419
0.751083
0.754611
0.758261
0.761672
0.764589
0.767963
0.771698
0.775367
0.779119
0.782685
0.78603
0.78993
0.793187
0.796683
0.800662
0.80418
0.807986
0.811515
0.815356
0.819082
0.823017
0.826691
0.830383
0.834949
0.840316
0.845684
0.851095
0.855559
0.860803
0.865706
0.871228
0.877115
0.883743
0.888422
0.894432
0.899749
0.905046
0.910814
0.91598
0.920756
0.925801
0.932786
0.940531
0.950912
0.959783
0.969314
0.978856
0.990846
1.00208
1.0161
1.03014
1.04889
1.0689
1.10141
1.14241
1.18572
1.26135
1.38291
1.58391
1.69832
