0.146898
0.146898
0.15116
0.15116
0.15192
0.15192
0.152445
0.152445
0.152914
0.152914
0.153481
0.153482
0.154027
0.154039
0.154536
0.154539
0.155101
0.155119
0.155718
0.155742
0.156463
0.156551
0.157314
0.157419
0.158136
0.158331
0.158994
0.159183
0.159938
0.160172
0.160784
0.161103
0.161704
0.162153
0.162889
0.163262
0.164072
0.164624
0.165512
0.165927
0.166855
0.167318
0.168117
0.168647
0.169385
0.169782
0.170436
0.17091
0.171841
0.172449
0.173268
0.173861
0.174383
0.174895
0.175542
0.176333
0.177126
0.177697
0.178397
0.178982
0.179737
0.180242
0.180879
0.181536
0.182307
0.18283
0.183636
0.184127
0.184814
0.185247
0.186037
0.186664
0.18733
0.187805
0.188712
0.189328
0.189973
0.190441
0.191243
0.19184
0.192615
0.193165
0.193969
0.194581
0.195175
0.195819
0.196456
0.197038
0.197818
0.198458
0.199167
0.199845
0.200507
0.201257
0.201961
0.202736
0.203229
0.204044
0.204658
0.205226
0.205763
0.206459
0.206903
0.207679
0.208317
0.208972
0.20971
0.210263
0.21094
0.211425
0.212207
0.212681
0.213379
0.213869
0.214766
0.215282
0.216046
0.216515
0.217006
0.217661
0.218192
0.218768
0.219408
0.220109
0.220852
0.221384
0.221885
0.222516
0.223272
0.223785
0.224511
0.225019
0.225845
0.226323
0.227011
0.227623
0.228295
0.228734
0.22933
0.229882
0.230425
0.23093
0.231639
0.232006
0.232574
0.233108
0.233701
0.23436
0.234833
0.235445
0.235889
0.236419
0.236976
0.237517
0.238059
0.238512
0.239114
0.239632
0.240072
0.240584
0.241006
0.241656
0.242019
0.242539
0.243224
0.243837
0.244435
0.245003
0.24577
0.246382
0.24704
0.247641
0.248141
0.248748
0.249256
0.249925
0.25038
0.251072
0.251716
0.252309
0.252889
0.253426
0.253994
0.254629
0.255094
0.255725
0.256369
0.256844
0.257394
0.258052
0.258511
0.258884
0.259537
0.260142
0.260865
0.261428
0.262086
0.262565
0.2631
0.263566
0.264212
0.264825
0.265519
0.266249
0.266696
0.267465
0.267942
0.268574
0.269166
0.269728
0.270328
0.271013
0.271531
0.272151
0.272593
0.273267
0.273848
0.274467
0.275066
0.275731
0.276364
0.276991
0.277568
0.278075
0.278654
0.279135
0.279613
0.280262
0.28076
0.281372
0.281899
0.282511
0.283158
0.283572
0.284023
0.28468
0.285131
0.285788
0.286227
0.286761
0.287288
0.287851
0.288295
0.288826
0.289297
0.289902
0.290406
0.290894
0.291653
0.292005
0.292581
0.293025
0.293477
0.294101
0.294609
0.295038
0.295577
0.296119
0.2966
0.297146
0.297638
0.298161
0.298593
0.299169
0.299706
0.300275
0.300714
0.301265
0.301843
0.302464
0.302975
0.303564
0.304146
0.304654
0.305178
0.305788
0.306218
0.306805
0.307183
0.307761
0.308349
0.308893
0.309469
0.309905
0.310489
0.310914
0.311424
0.312034
0.312539
0.313187
0.313796
0.314475
0.314996
0.315535
0.316032
0.316556
0.317192
0.31761
0.318084
0.318549
0.318996
0.319497
0.32003
0.320515
0.321043
0.321475
0.322077
0.322613
0.323133
0.323666
0.324255
0.324766
0.325333
0.325805
0.326277
0.32689
0.327432
0.327994
0.328527
0.329034
0.329535
0.329989
0.330413
0.331071
0.331522
0.33202
0.332671
0.333136
0.333773
0.334448
0.334847
0.335447
0.335944
0.336553
0.337073
0.337572
0.338092
0.33865
0.339229
0.339772
0.340246
0.340978
0.341578
0.342109
0.342688
0.343209
0.343829
0.344402
0.344855
0.345406
0.345863
0.346383
0.346991
0.347482
0.348152
0.348742
0.349284
0.349811
0.350266
0.350822
0.351366
0.351885
0.352458
0.353026
0.353609
0.354009
0.354587
0.355054
0.355688
0.356167
0.356737
0.357485
0.358008
0.358495
0.359048
0.359517
0.360243
0.360732
0.361183
0.361766
0.362232
0.362759
0.363339
0.36378
0.364445
0.364926
0.365502
0.366111
0.366699
0.367318
0.367752
0.368142
0.368723
0.369366
0.369977
0.370455
0.371006
0.371527
0.372136
0.372603
0.373154
0.373638
0.374261
0.37478
0.375315
0.376045
0.37667
0.377226
0.377802
0.378326
0.378799
0.379349
0.379917
0.380482
0.380934
0.381607
0.382263
0.382797
0.38337
0.383946
0.384538
0.385065
0.385617
0.38615
0.38672
0.38725
0.387723
0.388321
0.388956
0.389532
0.390088
0.390748
0.391326
0.391749
0.392398
0.39298
0.393543
0.394009
0.394564
0.39513
0.395896
0.396596
0.397322
0.397914
0.398481
0.399316
0.400055
0.400703
0.401128
0.40177
0.402374
0.403121
0.403639
0.404255
0.404783
0.405383
0.406163
0.406944
0.407562
0.40822
0.40887
0.409625
0.410318
0.410977
0.411592
0.412243
0.412959
0.413619
0.414343
0.414854
0.415564
0.41626
0.41705
0.417637
0.418337
0.418829
0.419504
0.420058
0.420602
0.421272
0.421832
0.422435
0.423048
0.423588
0.424211
0.424769
0.425451
0.425944
0.426698
0.427317
0.428164
0.428769
0.429433
0.430136
0.430777
0.431451
0.432134
0.432778
0.433496
0.434085
0.434907
0.435593
0.436282
0.437183
0.43788
0.438478
0.439115
0.439984
0.440682
0.441343
0.442006
0.442647
0.443425
0.44408
0.444528
0.445103
0.445783
0.446581
0.447469
0.448156
0.449107
0.449814
0.450545
0.45132
0.452136
0.452882
0.453802
0.454665
0.455521
0.456244
0.457041
0.457866
0.458425
0.459077
0.459868
0.46064
0.461598
0.462446
0.463109
0.463929
0.465035
0.465844
0.466771
0.467675
0.468514
0.469304
0.470347
0.471322
0.472262
0.473295
0.474273
0.475295
0.476206
0.477063
0.478049
0.478848
0.479738
0.48079
0.481735
0.482775
0.483475
0.484124
0.485014
0.485964
0.487073
0.488039
0.488769
0.489952
0.491025
0.492055
0.493373
0.494269
0.49539
0.496484
0.497516
0.498507
0.499346
0.50023
0.501428
0.502384
0.503458
0.504577
0.505514
0.506552
0.507519
0.508653
0.509777
0.510568
0.511314
0.512421
0.513478
0.514392
0.515406
0.516456
0.517614
0.518696
0.519741
0.521198
0.522273
0.523174
0.524115
0.525021
0.526404
0.527451
0.528617
0.529771
0.531063
0.532284
0.533533
0.534818
0.535937
0.537129
0.53859
0.539791
0.541
0.542354
0.543831
0.545135
0.546499
0.547552
0.54898
0.550482
0.551946
0.553269
0.554628
0.555807
0.557099
0.558606
0.559948
0.561369
0.562762
0.564077
0.56545
0.566833
0.568209
0.569572
0.570936
0.572477
0.5739
0.575578
0.577283
0.578718
0.580198
0.58191
0.583356
0.585
0.586965
0.589057
0.590756
0.592615
0.59407
0.595646
0.597266
0.59916
0.600859
0.60266
0.60447
0.606089
0.608213
0.610198
0.612038
0.613612
0.615765
0.61736
0.619395
0.621577
0.623572
0.625926
0.627883
0.629991
0.631972
0.634635
0.637013
0.639179
0.64176
0.643515
0.645602
0.647821
0.650131
0.651962
0.65431
0.656749
0.659517
0.662142
0.665181
0.668194
0.670302
0.67324
0.676395
0.679282
0.682545
0.685674
0.687982
0.690848
0.693758
0.698001
0.701524
0.705189
0.708376
0.711246
0.714964
0.718314
0.72272
0.726541
0.730434
0.734885
0.738946
0.743323
0.748326
0.752131
0.756335
0.760575
0.765189
0.770128
0.774646
0.78081
0.787827
0.794315
0.800075
0.806264
0.812136
0.818474
0.825025
0.832434
0.83821
0.844325
0.8511
0.858291
0.864979
0.872004
0.879756
0.889221
0.899835
0.909549
0.919004
0.927764
0.938265
0.950152
0.960705
0.971536
0.982904
0.99131
1.00119
1.01445
1.0316
1.06014
1.09347
1.12513
1.18896
1.2947
