0.15
0.36
0.58
0.68
0.79
0.81
0.84
0.92
0.95
1.02
1.04
1.09
1.13
1.16
1.26
1.32
1.33
1.36
1.4
1.46
1.49
1.55
1.57
1.57
1.63
1.69
1.76
1.85
1.94
2
2.04
2.13
2.18
2.22
2.26
2.3
2.32
2.32
2.35
2.38
2.38
2.4
2.42
2.46
2.49
2.53
2.61
2.63
2.69
2.7
2.74
2.76
2.84
2.87
2.91
2.93
2.96
2.99
3.01
3.03
3.05
3.09
3.11
3.13
3.19
3.21
3.24
3.33
3.35
3.37
3.4
3.46
3.51
3.57
3.61
3.63
3.66
3.7
3.74
3.79
3.8
3.84
3.9
3.91
3.93
3.97
3.98
3.99
4
4.06
4.12
4.13
4.19
4.25
4.26
4.32
4.35
4.44
4.48
4.52
4.53
4.55
4.58
4.59
4.6
4.67
4.72
4.76
4.82
4.86
4.92
4.98
5.02
5.06
5.1
5.12
5.13
5.15
5.17
5.21
5.25
5.26
5.32
5.36
5.42
5.45
5.5
5.51
5.57
5.6
5.65
5.67
5.69
5.73
5.75
5.81
5.86
5.88
5.91
5.93
5.94
5.96
5.97
5.98
6
6.04
6.06
6.09
6.11
6.15
6.2
6.23
6.26
6.33
6.37
6.39
6.46
6.5
6.53
6.57
6.62
6.65
6.68
6.69
6.74
6.75
6.77
6.78
6.78
6.79
6.82
6.85
6.89
6.93
6.96
6.98
6.99
7.01
7.04
7.07
7.09
7.12
7.15
7.2
7.22
7.26
7.28
7.29
7.32
7.34
7.38
7.39
7.45
7.46
7.47
7.53
7.58
7.64
7.68
7.68
7.69
7.69
7.72
7.75
7.77
7.82
7.84
7.87
7.88
7.9
7.94
7.96
7.98
8.01
8.03
8.07
8.09
8.12
8.16
8.16
8.2
8.2
8.22
8.23
8.27
8.29
8.33
8.34
8.36
8.36
8.4
8.44
8.45
8.49
8.51
8.53
8.55
8.6
8.65
8.66
8.69
8.69
8.7
8.71
8.73
8.77
8.81
8.82
8.83
8.84
8.87
8.93
8.96
9
9.05
9.07
9.08
9.11
9.13
9.15
9.18
9.21
9.24
9.26
9.28
9.29
9.31
9.34
9.39
9.4
9.46
9.47
9.49
9.52
9.52
9.55
9.59
9.61
9.64
9.66
9.7
9.77
9.79
9.81
9.83
9.85
9.88
9.89
9.9
9.95
9.96
9.97
9.98
10.02
10.06
10.09
10.11
10.15
10.15
10.17
10.18
10.2
10.2
10.21
10.23
10.27
10.31
10.35
10.36
10.44
10.47
10.49
10.53
10.57
10.59
10.59
10.63
10.66
10.68
10.7
10.75
10.76
10.77
10.77
10.77
10.82
10.86
10.89
10.92
10.93
10.94
10.98
10.99
10.99
11
11.03
11.06
11.08
11.11
11.13
11.15
11.17
11.19
11.22
11.23
11.24
11.24
11.26
11.29
11.34
11.38
11.42
11.45
11.49
11.5
11.51
11.54
11.56
11.64
11.65
11.66
11.66
11.69
11.72
11.76
11.77
11.8
11.83
11.85
11.88
11.89
11.91
11.95
11.97
11.99
12.01
12.04
12.06
12.07
12.07
12.1
12.12
12.12
12.13
12.15
12.2
12.22
12.22
12.26
12.28
12.33
12.34
12.37
12.41
12.47
12.51
12.57
12.61
12.62
12.63
12.66
12.69
12.71
12.73
12.74
12.78
12.8
12.84
12.85
12.87
12.87
12.87
12.88
12.89
12.93
12.94
12.96
12.96
12.99
13.01
13.02
13.05
13.09
13.14
13.21
13.26
13.29
13.31
13.33
13.35
13.35
13.38
13.41
13.45
13.48
13.52
13.59
13.61
13.63
13.67
13.7
13.73
13.73
13.73
13.74
13.74
13.74
13.74
13.76
13.78
13.81
13.81
13.85
13.87
13.92
13.95
14.02
14.02
14.08
14.11
14.17
14.19
14.19
14.2
14.23
14.26
14.29
14.31
14.32
14.38
14.4
14.43
14.46
14.48
14.53
14.54
14.56
14.58
14.58
14.61
14.63
14.67
14.7
14.72
14.77
14.8
14.87
14.9
14.93
14.95
14.98
15.02
15.02
15.03
15.06
15.08
15.12
15.16
15.19
15.21
15.24
15.25
15.28
15.31
15.34
15.35
15.37
15.39
15.41
15.45
15.53
15.55
15.57
15.6
15.63
15.67
15.72
15.74
15.78
15.82
15.84
15.85
15.88
15.9
15.97
15.98
15.99
16
16.03
16.05
16.08
16.12
16.16
16.2
16.24
16.26
16.31
16.34
16.39
16.41
16.45
16.46
16.47
16.49
16.52
16.56
16.58
16.62
16.65
16.65
16.67
16.74
16.78
16.81
16.86
16.88
16.9
16.97
17
17.01
17.05
17.06
17.12
17.15
17.21
17.25
17.26
17.29
17.33
17.37
17.4
17.42
17.44
17.48
17.5
17.51
17.58
17.62
17.67
17.71
17.73
17.77
17.8
17.83
17.87
17.89
17.93
17.98
18.03
18.07
18.11
18.17
18.2
18.23
18.26
18.29
18.32
18.34
18.38
18.44
18.47
18.54
18.55
18.58
18.6
18.66
18.73
18.77
18.8
18.84
18.88
18.94
18.98
19
19.05
19.13
19.14
19.18
19.2
19.25
19.29
19.31
19.38
19.39
19.43
19.45
19.51
19.57
19.61
19.65
19.72
19.77
19.82
19.86
19.93
19.98
20.03
20.07
20.11
20.14
20.16
20.19
20.27
20.32
20.35
20.37
20.41
20.46
20.57
20.64
20.71
20.76
20.81
20.81
20.83
20.88
20.96
21.02
21.05
21.11
21.17
21.24
21.3
21.39
21.46
21.55
21.6
21.66
21.67
21.74
21.79
21.88
21.92
22.04
22.06
22.11
22.18
22.24
22.36
22.45
22.51
22.54
22.61
22.67
22.71
22.84
22.89
22.93
23.05
23.1
23.12
23.24
23.29
23.4
23.53
23.61
23.7
23.77
23.86
23.94
24.04
24.09
24.2
24.27
24.39
24.46
24.54
24.67
24.79
24.93
24.99
25.12
25.2
25.32
25.44
25.58
25.65
25.8
25.97
26.14
26.26
26.4
26.55
26.7
26.82
27.04
27.3
27.44
27.71
27.96
28.22
28.4
28.63
28.93
29.18
29.52
29.81
30.14
30.48
30.94
31.39
31.77
32.24
32.73
33.29
33.86
34.78
35.81
37.93
41.34
