0.328
0.328
0.328
0.328
0.328
0.333
0.335
0.335
0.336
0.339
0.339
0.341
0.341
0.343
0.345
0.347
0.352
0.354
0.359
0.367
0.375
0.384
0.392
0.405
0.418
0.431
0.446
0.455
0.467
0.474
0.481
0.487
0.503
0.51
0.529
0.541
0.548
0.562
0.576
0.596
0.612
0.622
0.638
0.651
0.666
0.675
0.687
0.708
0.72
0.738
0.757
0.774
0.793
0.812
0.827
0.847
0.865
0.889
0.914
0.928
0.949
0.975
0.998
1.02
1.042
1.068
1.097
1.123
1.152
1.178
1.221
1.243
1.286
1.325
1.38
1.434
1.507
1.593
1.666
1.736
1.808
1.874
1.953
2.05
2.1
2.2
2.285
2.436
2.534
2.628
2.726
2.889
3.056
3.369
3.723
3.834
4.166
4.661
4.896
5.389
