0.328
0.328
0.328
0.328
0.328
0.328
0.329
0.329
0.33
0.33
0.33
0.332
0.332
0.333
0.334
0.334
0.335
0.336
0.337
0.339
0.34
0.34
0.34
0.34
0.343
0.344
0.347
0.348
0.351
0.353
0.355
0.356
0.357
0.357
0.361
0.364
0.37
0.377
0.38
0.384
0.393
0.396
0.404
0.407
0.413
0.42
0.431
0.441
0.449
0.458
0.462
0.468
0.472
0.479
0.481
0.488
0.495
0.502
0.511
0.515
0.522
0.529
0.54
0.551
0.564
0.574
0.582
0.591
0.6
0.613
0.621
0.632
0.639
0.645
0.654
0.666
0.68
0.688
0.699
0.713
0.721
0.735
0.747
0.759
0.771
0.787
0.8
0.813
0.821
0.836
0.841
0.857
0.876
0.892
0.912
0.924
0.934
0.951
0.968
0.984
1.007
1.027
1.041
1.061
1.073
1.097
1.124
1.143
1.161
1.174
1.202
1.222
1.238
1.265
1.286
1.309
1.34
1.368
1.404
1.426
1.459
1.496
1.542
1.584
1.622
1.661
1.719
1.766
1.823
1.87
1.915
1.982
2.048
2.124
2.202
2.316
2.432
2.592
2.695
2.864
2.972
3.07
3.21
3.334
3.423
3.619
3.835
4.042
4.202
5.316
