0.163041
0.163041
0.197994
0.197994
0.207707
0.207707
0.208151
0.208151
0.21043
0.232739
0.232739
0.241146
0.241146
0.253411
0.253411
0.272188
0.272188
0.275175
0.275175
0.287004
0.287004
0.293081
0.293081
0.298636
0.298636
0.305151
0.305151
0.316657
0.318992
0.318992
0.321329
0.324305
0.324305
0.325441
0.340373
0.340373
0.350314
0.350314
0.360741
0.360741
0.370306
0.370354
0.37188
0.375458
0.375458
0.376909
0.376909
0.396371
0.396371
0.408505
0.408505
0.41842
0.41842
0.418559
0.418559
0.426042
0.426042
0.443972
0.459629
0.459629
0.463725
0.463725
0.477207
0.477207
0.478122
0.478122
0.484111
0.484111
0.48941
0.48941
0.497417
0.510996
0.512602
0.512602
0.514779
0.521009
0.521009
0.523395
0.531146
0.546187
0.546187
0.559061
0.559061
0.559625
0.559625
0.561108
0.561108
0.575939
0.575939
0.580646
0.597839
0.597839
0.601044
0.60231
0.60231
0.608664
0.620927
0.620927
0.630737
0.630737
0.64486
0.64486
0.644932
0.664614
0.677192
0.677192
0.685825
0.688614
0.688614
0.691174
0.700789
0.718483
0.718483
0.723451
0.726797
0.727206
0.727206
0.731245
0.731659
0.731659
0.734726
0.73521
0.737349
0.737349
0.743131
0.74459
0.74459
0.750396
0.752537
0.758706
0.758706
0.760426
0.760426
0.765204
0.765204
0.776864
0.795572
0.802084
0.802084
0.821963
0.821963
0.822494
0.822494
0.844257
0.893768
0.893768
0.900166
0.908422
0.910856
0.918646
0.92075
0.928409
0.931317
0.941044
0.941044
0.977321
0.982531
0.983383
1.02221
1.04104
1.04104
1.04291
1.06608
1.07449
1.09877
1.10897
1.11308
1.11308
1.15889
1.1831
1.19271
1.20866
1.21158
1.23249
1.26472
1.27029
1.27855
1.33428
1.33755
1.34358
1.37115
1.37976
1.40089
1.4122
1.5823
1.5823
1.60435
1.60965
1.66425
1.67712
1.74809
1.75862
1.77769
1.77769
1.82371
1.82371
1.9168
1.92644
2.01525
2.54442
