0.328
0.328
0.328
0.328
0.328
0.328
0.328
0.328
0.328
0.329
0.33
0.331
0.331
0.332
0.333
0.333
0.333
0.334
0.334
0.334
0.334
0.334
0.335
0.336
0.336
0.337
0.338
0.338
0.339
0.339
0.339
0.339
0.342
0.344
0.345
0.349
0.354
0.356
0.357
0.359
0.362
0.37
0.374
0.378
0.386
0.392
0.4
0.403
0.408
0.418
0.421
0.425
0.429
0.432
0.437
0.441
0.446
0.45
0.453
0.457
0.462
0.466
0.469
0.477
0.481
0.487
0.494
0.498
0.501
0.508
0.516
0.523
0.527
0.529
0.537
0.542
0.547
0.551
0.56
0.571
0.584
0.592
0.593
0.6
0.605
0.609
0.613
0.622
0.633
0.64
0.649
0.657
0.668
0.679
0.684
0.691
0.699
0.707
0.713
0.728
0.734
0.743
0.75
0.757
0.765
0.777
0.793
0.806
0.813
0.822
0.831
0.839
0.854
0.865
0.88
0.897
0.902
0.919
0.932
0.949
0.957
0.968
0.986
0.995
1.005
1.021
1.036
1.045
1.056
1.072
1.085
1.093
1.101
1.113
1.123
1.142
1.154
1.169
1.181
1.191
1.203
1.214
1.233
1.245
1.257
1.275
1.288
1.304
1.32
1.331
1.352
1.376
1.389
1.406
1.421
1.446
1.465
1.478
1.499
1.515
1.536
1.563
1.58
1.608
1.625
1.651
1.665
1.69
1.714
1.741
1.761
1.78
1.813
1.844
1.877
1.902
1.939
1.971
2.017
2.064
2.127
2.175
2.231
2.302
2.367
2.432
2.533
2.639
2.746
2.833
2.998
3.242
3.458
3.67
3.909
4.065
4.283
4.604
4.827
5.2
