0.17443
0.17443
0.177722
0.177722
0.242424
0.242424
0.244568
0.244568
0.254111
0.254111
0.261774
0.261774
0.26964
0.26964
0.269933
0.269933
0.271939
0.271939
0.279327
0.279327
0.281432
0.281432
0.28618
0.28618
0.289019
0.289019
0.301977
0.301977
0.304851
0.304851
0.318361
0.318854
0.32182
0.32182
0.321996
0.321996
0.322433
0.322433
0.323466
0.323466
0.324306
0.324306
0.325603
0.325603
0.327613
0.327613
0.333039
0.333039
0.334161
0.334161
0.335391
0.335391
0.339784
0.339784
0.348127
0.348127
0.349217
0.349217
0.352573
0.352573
0.354142
0.354142
0.355564
0.355564
0.357513
0.357513
0.363926
0.366615
0.370408
0.370408
0.372481
0.375958
0.387183
0.387183
0.388
0.388
0.388306
0.388306
0.388733
0.388733
0.390897
0.390897
0.391162
0.39745
0.39745
0.397719
0.404279
0.404279
0.40492
0.405545
0.405545
0.406242
0.406242
0.406632
0.407214
0.407214
0.407579
0.409972
0.409972
0.417202
0.417202
0.417872
0.417872
0.41976
0.41976
0.421246
0.421246
0.421499
0.424
0.424017
0.424017
0.427555
0.427555
0.432436
0.434371
0.434371
0.434434
0.444513
0.444513
0.446127
0.446127
0.447735
0.447735
0.46331
0.46331
0.465715
0.465715
0.467415
0.467415
0.472832
0.480928
0.48158
0.48158
0.483404
0.483404
0.483439
0.491632
0.493593
0.493593
0.504595
0.504595
0.507345
0.509357
0.509357
0.510273
0.511936
0.511936
0.512636
0.512636
0.515601
0.515601
0.520804
0.520804
0.521695
0.526318
0.526318
0.535532
0.536522
0.536522
0.53902
0.53902
0.539599
0.542173
0.542173
0.544022
0.544022
0.547679
0.547679
0.547814
0.547814
0.549062
0.549062
0.549586
0.549586
0.552508
0.552508
0.55574
0.55574
0.555845
0.555845
0.56295
0.567213
0.568151
0.569223
0.571632
0.575425
0.575425
0.595194
0.599665
0.599904
0.600711
0.600711
0.602258
0.604613
0.604613
0.61387
0.620021
0.621912
0.621912
0.629492
0.629492
0.630017
0.632688
0.63416
0.641633
0.641633
0.656549
0.66393
0.66393
0.669028
0.679432
0.692472
0.692472
0.69479
0.696589
0.701792
0.701792
0.713263
0.715207
0.715207
0.717814
0.719572
0.72201
0.731041
0.734023
0.736074
0.736209
0.736209
0.736801
0.738624
0.74051
0.74051
0.742803
0.742803
0.743099
0.753097
0.754257
0.760682
0.767045
0.77475
0.777051
0.777051
0.780194
0.791583
0.791583
0.794976
0.807003
0.807861
0.80973
0.810576
0.810576
0.812233
0.815201
0.816661
0.831393
0.843452
0.843718
0.843718
0.860899
0.8816
0.894304
0.894386
0.898329
0.919984
0.928539
0.93237
0.93237
0.963995
0.970238
0.970238
1.03461
1.03527
1.03527
1.06437
1.06551
1.06572
1.08758
1.08945
1.10095
1.10694
1.12398
1.12465
1.15166
1.20579
1.22732
1.22732
1.25063
1.25519
1.28969
1.28969
1.31109
1.41526
1.41592
1.4667
1.46715
1.7216
1.82402
1.85102
2.35568
2.76944
