0.158442
0.158442
0.163622
0.163622
0.214542
0.214542
0.218694
0.218694
0.220737
0.220737
0.239782
0.239782
0.242651
0.242651
0.250881
0.250881
0.253931
0.253931
0.255183
0.255183
0.260474
0.260474
0.267256
0.267256
0.272601
0.272601
0.285326
0.285326
0.286898
0.286898
0.289568
0.291108
0.291108
0.291878
0.291878
0.296436
0.296436
0.297472
0.298928
0.298928
0.30025
0.301286
0.301286
0.30259
0.30259
0.303676
0.303676
0.305638
0.305638
0.311652
0.311652
0.313693
0.313693
0.317289
0.317289
0.322947
0.323282
0.323282
0.32612
0.32612
0.328327
0.328327
0.32882
0.3328
0.3328
0.333969
0.333969
0.338868
0.338868
0.33941
0.33941
0.345389
0.346674
0.346674
0.348171
0.349269
0.350067
0.350067
0.350288
0.350288
0.36205
0.36205
0.362615
0.362615
0.364926
0.368039
0.368039
0.368807
0.368807
0.36935
0.36935
0.377982
0.377982
0.381123
0.381123
0.384158
0.38501
0.38501
0.385351
0.385351
0.385436
0.385436
0.385586
0.385586
0.386881
0.387167
0.387167
0.395901
0.398731
0.399164
0.402509
0.402509
0.404103
0.404103
0.404398
0.404398
0.406906
0.407761
0.408791
0.409036
0.409036
0.410026
0.411532
0.411532
0.412715
0.412715
0.41775
0.419429
0.420559
0.420559
0.422682
0.422682
0.424665
0.424665
0.42525
0.428006
0.431838
0.431838
0.440551
0.440956
0.443551
0.44541
0.446897
0.449429
0.449429
0.450124
0.450286
0.450376
0.450376
0.45081
0.451606
0.451606
0.454732
0.458264
0.458667
0.460282
0.460587
0.464187
0.465882
0.466927
0.467741
0.467772
0.468453
0.47314
0.473752
0.477396
0.477396
0.478421
0.479404
0.479404
0.480388
0.480388
0.481608
0.483022
0.483022
0.490776
0.492324
0.492324
0.49408
0.502359
0.505131
0.509495
0.509495
0.509707
0.523971
0.523971
0.525518
0.525518
0.528578
0.529813
0.536052
0.538374
0.538374
0.548425
0.550374
0.550374
0.550445
0.550445
0.554241
0.557649
0.566954
0.569295
0.570774
0.575041
0.575041
0.576352
0.576352
0.576846
0.578923
0.578923
0.579808
0.579808
0.581023
0.581708
0.58232
0.585719
0.585719
0.592542
0.6078
0.6078
0.610393
0.612832
0.612832
0.616596
0.616596
0.618659
0.618659
0.620598
0.620598
0.629344
0.629381
0.630281
0.630281
0.632342
0.634235
0.636168
0.639829
0.64583
0.64583
0.647848
0.648616
0.653766
0.653766
0.655422
0.661013
0.661013
0.664742
0.665891
0.66956
0.66956
0.680193
0.681015
0.683575
0.683575
0.685811
0.686884
0.686884
0.687093
0.695348
0.699199
0.704007
0.707039
0.70897
0.710641
0.710641
0.713511
0.713999
0.715793
0.71828
0.71828
0.721243
0.721243
0.722796
0.722796
0.728727
0.728727
0.73575
0.744236
0.755111
0.76105
0.764051
0.766874
0.766874
0.770413
0.784407
0.80148
0.80349
0.808219
0.810615
0.812818
0.819062
0.821853
0.821853
0.825768
0.831858
0.833022
0.835428
0.835487
0.835487
0.842166
0.85119
0.854359
0.854366
0.86267
0.863448
0.868522
0.868696
0.872341
0.886507
0.889063
0.896366
0.902309
0.920076
0.920076
0.947992
0.957491
0.957491
0.966127
0.968439
0.968439
0.969359
0.969359
0.972237
0.981006
0.99637
0.997067
1.00743
1.00905
1.00905
1.01184
1.02655
1.03549
1.04275
1.08341
1.12627
1.1382
1.15
1.23385
1.25508
1.25933
1.27153
1.32385
1.32385
1.35848
1.38346
1.39759
1.4021
1.42743
1.44203
1.89096
