0.157647
0.157647
0.167159
0.167159
0.17741
0.17741
0.18942
0.18942
0.197331
0.19734
0.205587
0.205761
0.211725
0.211957
0.219144
0.219733
0.224917
0.225561
0.229925
0.230493
0.234717
0.23562
0.239244
0.240322
0.243714
0.245027
0.249335
0.250633
0.25308
0.254683
0.257295
0.258936
0.262126
0.263516
0.265705
0.267249
0.270092
0.271434
0.273471
0.274853
0.276939
0.278862
0.280808
0.282415
0.284016
0.285643
0.287477
0.288722
0.290735
0.29226
0.294185
0.295801
0.297987
0.299605
0.301468
0.302782
0.305074
0.306675
0.308804
0.310177
0.312182
0.313563
0.315859
0.317628
0.319539
0.320882
0.322508
0.323769
0.325757
0.32705
0.328865
0.33081
0.332378
0.333696
0.335238
0.336305
0.338274
0.339646
0.341082
0.342385
0.344198
0.345744
0.346783
0.347963
0.349233
0.351166
0.352677
0.354014
0.35512
0.356618
0.358546
0.360629
0.362089
0.363705
0.365223
0.366538
0.368269
0.369848
0.371132
0.372421
0.373326
0.374588
0.375951
0.37743
0.378816
0.3801
0.38151
0.382966
0.38465
0.385961
0.387499
0.388811
0.39007
0.391727
0.393606
0.39491
0.396292
0.398289
0.399765
0.401397
0.402892
0.404574
0.406041
0.407625
0.40926
0.410703
0.411907
0.41345
0.415142
0.417256
0.418874
0.420341
0.421985
0.423383
0.425228
0.426789
0.428545
0.430245
0.431692
0.433385
0.435176
0.437167
0.438901
0.440867
0.442688
0.444798
0.446496
0.448373
0.449767
0.452064
0.453803
0.456102
0.458274
0.460076
0.462487
0.464501
0.466521
0.46837
0.470264
0.471688
0.473582
0.475649
0.477667
0.479297
0.48155
0.483529
0.485788
0.487802
0.489813
0.491773
0.493666
0.495402
0.497455
0.49976
0.502768
0.504501
0.506686
0.50847
0.511758
0.514298
0.516854
0.518879
0.521343
0.524193
0.526729
0.528601
0.531138
0.533911
0.536606
0.539198
0.54207
0.54461
0.546508
0.549147
0.55154
0.554101
0.556254
0.559103
0.561546
0.564057
0.566919
0.56938
0.57222
0.574591
0.577251
0.580009
0.582687
0.585036
0.587407
0.590489
0.592889
0.595029
0.597515
0.600282
0.602589
0.60534
0.607597
0.61014
0.612292
0.614297
0.616906
0.619984
0.622233
0.624416
0.627617
0.629819
0.632724
0.634235
0.636948
0.639142
0.641416
0.643756
0.646178
0.648394
0.650293
0.65265
0.654831
0.657104
0.659629
0.661381
0.663942
0.666249
0.668575
0.671004
0.672848
0.674567
0.676645
0.679383
0.681631
0.683664
0.686154
0.688251
0.690289
0.692929
0.695187
0.697467
0.699798
0.7023
0.705036
0.707426
0.710338
0.713031
0.716004
0.718503
0.721678
0.724482
0.727368
0.730539
0.733797
0.736714
0.739866
0.743926
0.748147
0.75215
0.755544
0.758984
0.762324
0.765605
0.768879
0.772312
0.776305
0.779405
0.782267
0.785926
0.789551
0.793695
0.797838
0.802595
0.807649
0.812397
0.817048
0.820863
0.825352
0.829919
0.833752
0.838049
0.843729
0.848203
0.852733
0.85709
0.862461
0.866797
0.872105
0.877428
0.88294
0.888008
0.893549
0.900358
0.905424
0.911328
0.917601
0.923429
0.929644
0.936085
0.941981
0.949485
0.956296
0.963976
0.974231
0.981262
0.987805
0.995601
1.00185
1.00967
1.01685
1.0241
1.03037
1.03713
1.04294
1.05273
1.06237
1.07254
1.08441
1.09695
1.11504
1.13423
1.1633
1.19196
1.22376
1.26818
1.30067
1.32565
1.35885
1.40202
1.42306
1.447
1.48068
1.5292
1.60105
1.8874
