0.152497
0.152497
0.159071
0.159071
0.16044
0.16044
0.164445
0.164445
0.165811
0.165811
0.166931
0.166931
0.169996
0.169996
0.181755
0.181755
0.183438
0.183438
0.187565
0.187565
0.195592
0.195592
0.210532
0.211408
0.211408
0.21395
0.21395
0.214651
0.214651
0.218816
0.218816
0.225763
0.225763
0.235629
0.235629
0.237673
0.237673
0.241229
0.241229
0.243412
0.251667
0.251667
0.252086
0.252086
0.257549
0.257549
0.259554
0.259554
0.263034
0.263518
0.263518
0.270954
0.270954
0.272155
0.272155
0.277371
0.277371
0.278632
0.278632
0.279326
0.279326
0.285851
0.287504
0.292149
0.292149
0.294139
0.294139
0.295425
0.295425
0.301309
0.301309
0.301472
0.301472
0.306875
0.306875
0.307213
0.307213
0.307959
0.307959
0.308986
0.318794
0.318794
0.319026
0.319026
0.324098
0.325291
0.32813
0.32813
0.328413
0.328993
0.328993
0.329972
0.329972
0.331125
0.331125
0.333078
0.333369
0.333369
0.336107
0.336107
0.336847
0.336847
0.347237
0.348049
0.348049
0.350519
0.350519
0.351264
0.351264
0.352518
0.352518
0.354596
0.355157
0.355157
0.356695
0.356695
0.360758
0.360758
0.365043
0.365043
0.365669
0.367837
0.367837
0.368153
0.368153
0.369457
0.369457
0.373942
0.374777
0.375931
0.375931
0.378532
0.378532
0.380037
0.380037
0.381214
0.381214
0.384518
0.384518
0.385622
0.385622
0.386994
0.387738
0.393098
0.393098
0.399852
0.399852
0.403698
0.403698
0.405316
0.406952
0.406983
0.406983
0.408714
0.408714
0.408723
0.408723
0.410617
0.412034
0.412034
0.412368
0.412368
0.412414
0.412928
0.412928
0.416971
0.416971
0.418444
0.418444
0.41865
0.419567
0.422707
0.424044
0.424044
0.42486
0.42486
0.428487
0.429536
0.430617
0.432883
0.432883
0.435766
0.435766
0.435767
0.437239
0.437524
0.443162
0.443162
0.443567
0.443567
0.444061
0.444061
0.444402
0.444402
0.449269
0.456323
0.457548
0.463569
0.464951
0.464951
0.468437
0.468437
0.473174
0.473174
0.475295
0.475295
0.475333
0.476189
0.476189
0.480262
0.480262
0.480369
0.485666
0.485666
0.488398
0.489028
0.493993
0.495185
0.496166
0.496166
0.497372
0.497372
0.498146
0.498865
0.503742
0.504104
0.505638
0.510581
0.510581
0.511222
0.511242
0.51916
0.519589
0.519789
0.521691
0.521959
0.522053
0.522761
0.523669
0.524161
0.527433
0.529827
0.530778
0.533219
0.533368
0.538375
0.54086
0.541399
0.541399
0.543262
0.543262
0.546323
0.551719
0.560391
0.560391
0.561097
0.56137
0.561574
0.570532
0.570532
0.575075
0.575075
0.576427
0.576427
0.577296
0.578227
0.580359
0.586935
0.586935
0.590355
0.5982
0.607253
0.608455
0.608809
0.613402
0.613402
0.621076
0.624026
0.624512
0.624855
0.624855
0.625663
0.625663
0.630442
0.63653
0.63653
0.639711
0.64332
0.64332
0.644618
0.64517
0.646963
0.64833
0.651535
0.652327
0.654181
0.654181
0.654601
0.657087
0.657087
0.658424
0.664835
0.667688
0.67455
0.677113
0.677113
0.680736
0.689135
0.689135
0.690626
0.690626
0.692856
0.694463
0.696548
0.69762
0.69762
0.698404
0.699071
0.712284
0.718621
0.73634
0.738782
0.738782
0.749398
0.749398
0.75021
0.75021
0.751881
0.751881
0.759486
0.759486
0.759675
0.759675
0.761675
0.761675
0.774646
0.784919
0.785182
0.786948
0.790214
0.797844
0.797844
0.798256
0.803416
0.816193
0.816193
0.824174
0.831886
0.833812
0.846824
0.848746
0.849893
0.850334
0.861208
0.863184
0.865525
0.872465
0.872465
0.883188
0.884913
0.888932
0.891335
0.892491
0.892491
0.904886
0.922869
0.933972
0.950538
0.962492
0.96341
0.971807
1.01891
1.02143
1.02484
1.02883
1.05784
1.05784
1.06818
1.07057
1.07236
1.07246
1.10755
1.11509
1.12075
1.12614
1.16553
1.17832
1.19398
1.20038
1.20901
1.22948
1.2643
1.2752
1.27822
1.31256
1.36215
1.46679
1.51479
1.73495
1.9434
