0.22
0.46
0.58
0.65
0.66
0.67
0.74
0.77
0.84
0.9
0.96
1.04
1.14
1.2
1.22
1.26
1.28
1.34
1.38
1.39
1.39
1.46
1.5
1.56
1.63
1.71
1.74
1.74
1.76
1.76
1.79
1.81
1.83
1.85
1.89
1.91
1.96
2.01
2.09
2.1
2.14
2.22
2.25
2.25
2.32
2.33
2.35
2.37
2.39
2.4
2.41
2.42
2.48
2.53
2.56
2.64
2.66
2.76
2.81
2.85
2.87
2.88
2.9
2.92
2.92
2.94
2.97
3
3.01
3.02
3.04
3.06
3.07
3.08
3.11
3.18
3.22
3.25
3.28
3.29
3.33
3.33
3.33
3.34
3.35
3.37
3.38
3.38
3.42
3.45
3.46
3.46
3.46
3.46
3.49
3.53
3.56
3.62
3.63
3.66
3.69
3.76
3.8
3.82
3.83
3.84
3.86
3.9
3.91
3.95
3.95
3.97
3.99
4.01
4.04
4.04
4.07
4.1
4.17
4.2
4.24
4.3
4.32
4.37
4.41
4.44
4.45
4.46
4.46
4.47
4.5
4.52
4.52
4.54
4.56
4.57
4.6
4.6
4.62
4.62
4.63
4.66
4.69
4.69
4.71
4.74
4.75
4.78
4.81
4.85
4.89
4.92
4.94
4.96
4.97
5
5.02
5.05
5.07
5.09
5.11
5.13
5.16
5.2
5.22
5.27
5.3
5.35
5.39
5.47
5.5
5.53
5.54
5.56
5.58
5.6
5.62
5.64
5.67
5.71
5.72
5.73
5.75
5.77
5.78
5.79
5.79
5.81
5.85
5.9
5.94
6
6.01
6.05
6.11
6.15
6.19
6.24
6.28
6.3
6.32
6.34
6.38
6.4
6.41
6.42
6.43
6.46
6.46
6.49
6.54
6.56
6.61
6.64
6.68
6.69
6.73
6.74
6.83
6.84
6.89
6.94
6.97
7.02
7.08
7.12
7.15
7.19
7.22
7.23
7.27
7.29
7.3
7.3
7.34
7.39
7.47
7.52
7.55
7.57
7.62
7.66
7.68
7.7
7.75
7.8
7.84
7.88
7.94
7.99
8.04
8.07
8.12
8.15
8.17
8.23
8.25
8.31
8.36
8.37
8.4
8.43
8.47
8.52
8.56
8.6
8.63
8.67
8.69
8.73
8.77
8.83
8.86
8.91
8.95
8.97
9.04
9.06
9.09
9.11
9.19
9.22
9.24
9.29
9.33
9.36
9.41
9.45
9.51
9.52
9.55
9.6
9.66
9.71
9.74
9.81
9.83
9.88
9.91
9.93
10
10.04
10.08
10.14
10.17
10.17
10.22
10.28
10.34
10.39
10.39
10.47
10.53
10.56
10.59
10.61
10.65
10.67
10.77
10.82
10.86
10.89
10.91
10.97
11
11.05
11.09
11.15
11.22
11.27
11.3
11.35
11.38
11.43
11.48
11.51
11.58
11.63
11.66
11.74
11.8
11.84
11.87
11.95
12.02
12.05
12.12
12.16
12.21
12.25
12.28
12.31
12.36
12.45
12.5
12.56
12.64
12.68
12.75
12.85
12.89
12.93
12.98
13.01
13.06
13.11
13.16
13.22
13.27
13.36
13.39
13.47
13.55
13.61
13.69
13.79
13.87
13.91
13.98
14.02
14.15
14.19
14.22
14.27
14.32
14.42
14.46
14.58
14.67
14.74
14.78
14.85
15
15.02
15.08
15.17
15.28
15.36
15.41
15.49
15.57
15.68
15.76
15.83
15.9
15.95
16.08
16.19
16.32
16.4
16.5
16.56
16.66
16.76
16.87
17.03
17.11
17.26
17.34
17.47
17.65
17.8
17.98
18.15
18.29
18.59
18.79
18.94
19.23
19.41
19.63
19.9
20.23
20.49
20.77
20.99
21.37
21.7
22.06
22.49
22.91
23.38
23.92
24.42
24.95
25.54
26.38
27.36
29.07
31.68
