0.328
0.328
0.328
0.328
0.328
0.328
0.328
0.328
0.329
0.329
0.329
0.33
0.33
0.33
0.33
0.331
0.332
0.332
0.332
0.332
0.332
0.332
0.334
0.334
0.334
0.334
0.334
0.335
0.335
0.336
0.336
0.338
0.339
0.34
0.34
0.34
0.34
0.34
0.342
0.342
0.342
0.346
0.347
0.351
0.352
0.353
0.356
0.359
0.364
0.365
0.37
0.373
0.377
0.384
0.391
0.394
0.395
0.397
0.405
0.408
0.41
0.412
0.418
0.418
0.42
0.422
0.424
0.427
0.43
0.431
0.432
0.436
0.437
0.44
0.448
0.449
0.452
0.456
0.459
0.459
0.464
0.467
0.473
0.475
0.478
0.483
0.486
0.488
0.491
0.493
0.498
0.5
0.504
0.507
0.511
0.512
0.518
0.521
0.523
0.526
0.53
0.533
0.537
0.541
0.542
0.544
0.551
0.555
0.557
0.566
0.571
0.574
0.579
0.584
0.585
0.589
0.592
0.593
0.593
0.596
0.599
0.602
0.603
0.607
0.612
0.62
0.623
0.627
0.633
0.639
0.642
0.648
0.652
0.657
0.661
0.669
0.669
0.676
0.676
0.679
0.681
0.683
0.685
0.687
0.69
0.695
0.696
0.7
0.703
0.713
0.717
0.728
0.732
0.735
0.742
0.745
0.753
0.757
0.761
0.765
0.768
0.769
0.771
0.773
0.78
0.784
0.785
0.791
0.795
0.797
0.801
0.808
0.815
0.82
0.823
0.827
0.836
0.839
0.844
0.851
0.855
0.86
0.866
0.867
0.875
0.878
0.88
0.88
0.883
0.885
0.889
0.893
0.897
0.899
0.902
0.909
0.917
0.924
0.931
0.939
0.946
0.95
0.953
0.958
0.959
0.959
0.961
0.968
0.971
0.971
0.974
0.975
0.979
0.979
0.987
0.99
0.994
1.001
1.011
1.019
1.026
1.032
1.039
1.047
1.051
1.052
1.057
1.057
1.06
1.063
1.065
1.067
1.069
1.07
1.074
1.077
1.081
1.083
1.084
1.088
1.093
1.096
1.101
1.106
1.113
1.118
1.122
1.13
1.135
1.139
1.142
1.146
1.147
1.155
1.157
1.161
1.164
1.166
1.169
1.172
1.174
1.179
1.181
1.184
1.19
1.199
1.202
1.212
1.218
1.224
1.228
1.24
1.242
1.243
1.246
1.246
1.246
1.248
1.252
1.258
1.262
1.267
1.273
1.279
1.28
1.283
1.286
1.287
1.292
1.297
1.3
1.303
1.309
1.315
1.317
1.321
1.323
1.33
1.333
1.338
1.344
1.349
1.351
1.359
1.362
1.37
1.371
1.373
1.378
1.38
1.382
1.386
1.386
1.39
1.393
1.397
1.399
1.405
1.41
1.414
1.42
1.423
1.43
1.434
1.442
1.447
1.453
1.458
1.462
1.464
1.465
1.465
1.472
1.476
1.479
1.479
1.482
1.488
1.494
1.499
1.506
1.509
1.52
1.525
1.529
1.532
1.535
1.541
1.544
1.548
1.551
1.552
1.559
1.562
1.566
1.574
1.583
1.589
1.596
1.598
1.601
1.607
1.611
1.619
1.621
1.622
1.624
1.627
1.631
1.641
1.652
1.657
1.661
1.666
1.671
1.676
1.68
1.684
1.691
1.694
1.697
1.705
1.71
1.71
1.716
1.722
1.733
1.741
1.746
1.749
1.757
1.761
1.765
1.769
1.776
1.778
1.785
1.791
1.797
1.8
1.809
1.811
1.82
1.827
1.83
1.834
1.84
1.846
1.853
1.865
1.87
1.876
1.88
1.887
1.891
1.895
1.901
1.907
1.915
1.922
1.933
1.942
1.949
1.955
1.957
1.964
1.97
1.98
1.987
1.995
2.002
2.011
2.017
2.025
2.035
2.041
2.052
2.062
2.073
2.078
2.087
2.097
2.107
2.114
2.122
2.135
2.145
2.154
2.164
2.173
2.179
2.185
2.195
2.206
2.214
2.223
2.235
2.25
2.26
2.27
2.279
2.294
2.307
2.326
2.337
2.352
2.364
2.372
2.386
2.407
2.422
2.438
2.452
2.468
2.481
2.501
2.52
2.54
2.566
2.586
2.6
2.621
2.647
2.673
2.697
2.721
2.752
2.793
2.84
2.903
2.961
3.029
3.172
3.334
3.465
3.863
3.967
4.137
4.468
5.163
