0.151102
0.151102
0.153539
0.153539
0.155116
0.155116
0.157118
0.157128
0.159238
0.159322
0.161651
0.161671
0.164643
0.16468
0.1669
0.166949
0.169502
0.169611
0.17242
0.172652
0.175381
0.17575
0.178403
0.178751
0.180653
0.181023
0.183414
0.184246
0.185736
0.18683
0.18883
0.189988
0.191677
0.192714
0.194236
0.195359
0.196543
0.198172
0.198992
0.201121
0.20216
0.203593
0.204672
0.206133
0.207184
0.208797
0.209947
0.21135
0.212835
0.214169
0.215651
0.21657
0.217957
0.219141
0.220546
0.221555
0.223186
0.224041
0.225568
0.22664
0.22776
0.22886
0.230282
0.231671
0.233171
0.234392
0.235729
0.236749
0.23827
0.239133
0.240257
0.241669
0.242902
0.243925
0.245445
0.246488
0.247498
0.248724
0.250103
0.251125
0.252353
0.253239
0.254781
0.256179
0.257246
0.258486
0.259637
0.260635
0.261727
0.262867
0.26428
0.265531
0.266251
0.267104
0.268113
0.269086
0.270137
0.27133
0.272212
0.273416
0.274135
0.275772
0.276318
0.277366
0.278307
0.279384
0.280266
0.281498
0.282483
0.283405
0.284224
0.285157
0.286296
0.287489
0.288286
0.289428
0.290682
0.29173
0.292736
0.293695
0.294664
0.295624
0.296646
0.297564
0.298669
0.299682
0.300808
0.301609
0.302414
0.303494
0.304369
0.305871
0.306767
0.307986
0.309149
0.309983
0.310832
0.311657
0.312639
0.313487
0.314367
0.315161
0.316236
0.317177
0.318161
0.318927
0.319725
0.320759
0.321551
0.322496
0.3233
0.324287
0.325055
0.325999
0.326734
0.32758
0.3284
0.329402
0.330253
0.331176
0.332065
0.333031
0.333832
0.33507
0.335859
0.336956
0.337744
0.338698
0.339532
0.340419
0.341351
0.342165
0.343047
0.3441
0.344938
0.345733
0.346667
0.347602
0.348643
0.349541
0.350208
0.350929
0.351758
0.352611
0.353475
0.354452
0.355274
0.356141
0.356949
0.3576
0.35854
0.359278
0.360201
0.361358
0.362207
0.363161
0.364002
0.364975
0.365842
0.366726
0.367644
0.368446
0.369128
0.369991
0.370646
0.371574
0.372195
0.373239
0.37386
0.374884
0.375838
0.376882
0.377855
0.378667
0.379805
0.380654
0.381482
0.382602
0.383402
0.384451
0.38535
0.386136
0.386986
0.38783
0.388756
0.389659
0.390488
0.391426
0.39249
0.393552
0.394263
0.395369
0.396348
0.397311
0.398213
0.399194
0.400313
0.401137
0.402614
0.403588
0.404523
0.405566
0.406859
0.407939
0.408849
0.409939
0.411214
0.412393
0.413345
0.414133
0.415169
0.416106
0.41706
0.418005
0.41887
0.419993
0.421133
0.421868
0.423033
0.424031
0.425407
0.42653
0.427527
0.428452
0.429563
0.430582
0.43189
0.433116
0.433954
0.435279
0.436238
0.43753
0.438295
0.439509
0.440577
0.441935
0.443129
0.444281
0.445362
0.446357
0.447471
0.44877
0.449897
0.450917
0.452197
0.453366
0.454456
0.455582
0.456677
0.457854
0.459039
0.460352
0.4614
0.462668
0.464128
0.465207
0.466532
0.467596
0.468883
0.470044
0.471184
0.472636
0.473708
0.474815
0.475609
0.477004
0.478213
0.47938
0.48052
0.481615
0.48264
0.48413
0.485407
0.486648
0.487901
0.48919
0.490538
0.491781
0.493196
0.494622
0.495997
0.497019
0.498455
0.499587
0.501093
0.502691
0.50406
0.505606
0.507159
0.508698
0.509936
0.511549
0.51301
0.514511
0.515709
0.51714
0.518902
0.520765
0.522023
0.523523
0.524867
0.52659
0.528359
0.529838
0.531312
0.533013
0.534977
0.53665
0.538422
0.539961
0.541612
0.543129
0.544743
0.546478
0.547997
0.549363
0.550942
0.552602
0.554266
0.556322
0.557943
0.559603
0.56133
0.563354
0.565267
0.566821
0.568719
0.57058
0.572729
0.574844
0.576468
0.578459
0.580037
0.582259
0.583937
0.586138
0.587908
0.59014
0.59177
0.59376
0.595852
0.598325
0.60048
0.602882
0.605543
0.607656
0.609575
0.611913
0.6139
0.616075
0.618299
0.620602
0.622566
0.62496
0.627328
0.629622
0.631323
0.633215
0.63535
0.637396
0.639778
0.641679
0.643945
0.645749
0.648188
0.650399
0.652394
0.654115
0.656206
0.659018
0.661694
0.664719
0.667242
0.66944
0.67212
0.674709
0.677599
0.679977
0.682957
0.686063
0.689212
0.692561
0.695376
0.698266
0.700868
0.704225
0.707721
0.710852
0.714041
0.717159
0.720622
0.723923
0.727531
0.730174
0.733265
0.736663
0.740635
0.744473
0.747747
0.751655
0.755402
0.759008
0.763705
0.768406
0.7729
0.776495
0.781154
0.785511
0.789867
0.79433
0.798587
0.802294
0.806891
0.811634
0.815486
0.819302
0.823821
0.827589
0.83243
0.836931
0.841699
0.845992
0.850945
0.855734
0.861022
0.865186
0.870075
0.87562
0.880499
0.887724
0.893686
0.901075
0.907874
0.914772
0.923028
0.931225
0.939209
0.949818
0.959649
0.9731
0.985977
0.994288
1.00343
1.0116
1.01998
1.0303
1.04347
1.0599
1.07579
1.09433
1.11376
1.13959
1.18541
1.28685
1.38616
1.49132
1.60563
1.65477
1.74271
1.8411
