0.149791
0.149791
0.151561
0.151892
0.152906
0.153057
0.154355
0.154385
0.155415
0.155458
0.156708
0.156872
0.157938
0.158014
0.159502
0.159646
0.161331
0.161481
0.163102
0.163206
0.16514
0.165245
0.167289
0.16743
0.168961
0.169345
0.170861
0.171146
0.173072
0.173569
0.174834
0.175283
0.176471
0.176956
0.178751
0.179243
0.180496
0.181228
0.182365
0.182819
0.1843
0.184972
0.186032
0.186511
0.187913
0.188408
0.189361
0.189963
0.191093
0.191906
0.193148
0.193759
0.194717
0.195494
0.196628
0.197424
0.198369
0.199283
0.200115
0.200967
0.201966
0.202801
0.203592
0.204375
0.205067
0.206226
0.206935
0.207758
0.20854
0.209236
0.210039
0.210853
0.211607
0.212379
0.213169
0.213844
0.214474
0.215373
0.216059
0.216981
0.217432
0.218192
0.218857
0.219588
0.220364
0.221052
0.221666
0.222443
0.223314
0.223912
0.224501
0.225268
0.225897
0.226568
0.227239
0.22786
0.228586
0.229251
0.229984
0.23058
0.231267
0.231882
0.232705
0.23341
0.234039
0.2347
0.235338
0.236072
0.236741
0.237587
0.23816
0.238796
0.239357
0.240008
0.240582
0.241189
0.241772
0.242527
0.243161
0.243806
0.244391
0.244983
0.245519
0.246073
0.246551
0.247092
0.247774
0.24853
0.249082
0.249536
0.250181
0.250729
0.251295
0.251721
0.252315
0.252663
0.253377
0.253809
0.254548
0.254971
0.255545
0.255973
0.2567
0.25706
0.257801
0.258438
0.259067
0.25963
0.260211
0.261019
0.26148
0.2621
0.262907
0.263426
0.264197
0.264836
0.265392
0.265929
0.266591
0.267039
0.267657
0.268144
0.268639
0.269313
0.269802
0.27044
0.271019
0.271626
0.272229
0.272801
0.273316
0.273895
0.274471
0.274903
0.275514
0.275968
0.27658
0.277081
0.27768
0.278268
0.278776
0.279261
0.279841
0.280346
0.280975
0.281509
0.282173
0.282648
0.283277
0.283706
0.28435
0.284886
0.285425
0.285933
0.286496
0.287015
0.287484
0.288074
0.288509
0.289074
0.289489
0.290116
0.290616
0.290983
0.291497
0.292001
0.292532
0.292981
0.293396
0.293844
0.294381
0.294755
0.29529
0.295713
0.296337
0.296761
0.297339
0.297893
0.298432
0.298951
0.299575
0.300184
0.300634
0.301241
0.301649
0.302188
0.302723
0.303181
0.303527
0.304086
0.304562
0.305174
0.305657
0.306136
0.306633
0.30709
0.307526
0.307986
0.308527
0.308934
0.309398
0.30983
0.310295
0.310733
0.31131
0.311769
0.312367
0.312912
0.313394
0.313952
0.314367
0.314826
0.31531
0.315679
0.316258
0.316852
0.317384
0.317822
0.318204
0.318638
0.319182
0.319581
0.320045
0.320591
0.321076
0.321561
0.322077
0.322566
0.322996
0.323465
0.32386
0.324308
0.32483
0.325212
0.325626
0.32612
0.326583
0.327011
0.327417
0.327872
0.328362
0.328827
0.329332
0.329769
0.330196
0.33074
0.33115
0.331678
0.332077
0.332541
0.332956
0.333451
0.333885
0.334284
0.334789
0.335277
0.335841
0.336298
0.336675
0.337189
0.337667
0.338115
0.338496
0.339024
0.339442
0.339908
0.340224
0.340759
0.341136
0.341575
0.341951
0.342441
0.342799
0.343233
0.343792
0.344342
0.344718
0.345138
0.34556
0.346088
0.346752
0.347173
0.347712
0.348126
0.34867
0.349136
0.349697
0.350112
0.350626
0.351063
0.351517
0.351978
0.352419
0.352953
0.35342
0.353875
0.354385
0.354786
0.355291
0.355754
0.356145
0.356642
0.357248
0.357748
0.358164
0.358814
0.359416
0.359846
0.360317
0.360724
0.361325
0.361811
0.362444
0.362916
0.363321
0.363872
0.364352
0.364784
0.365349
0.36587
0.36626
0.366803
0.367271
0.367832
0.368321
0.368782
0.369353
0.369842
0.370382
0.370884
0.371342
0.371853
0.372219
0.372855
0.373305
0.373849
0.37429
0.374746
0.37538
0.375872
0.376345
0.376902
0.377375
0.37794
0.378312
0.37884
0.379337
0.37985
0.380408
0.380927
0.381512
0.381979
0.382527
0.383046
0.38358
0.384
0.384602
0.385028
0.385563
0.385996
0.38645
0.386827
0.3875
0.387843
0.388364
0.388904
0.389417
0.38994
0.390387
0.39096
0.391358
0.391764
0.392289
0.392818
0.393291
0.393797
0.394496
0.394906
0.395306
0.395813
0.396247
0.396889
0.397294
0.397808
0.398343
0.398937
0.399552
0.399999
0.400627
0.401055
0.401514
0.402015
0.402538
0.403208
0.403711
0.404368
0.404999
0.405566
0.406164
0.406799
0.407436
0.408044
0.408596
0.409264
0.409856
0.410396
0.410932
0.411623
0.412137
0.412686
0.413186
0.413743
0.414317
0.414852
0.415473
0.415936
0.416456
0.416917
0.417593
0.418049
0.418644
0.419293
0.419865
0.420295
0.420849
0.42132
0.421874
0.422346
0.422987
0.423525
0.424191
0.424732
0.425341
0.425793
0.426374
0.426965
0.427651
0.428301
0.428923
0.429553
0.430154
0.430793
0.43127
0.431729
0.43251
0.433167
0.433832
0.434387
0.434982
0.435529
0.436143
0.436645
0.437338
0.437875
0.438476
0.439264
0.439901
0.440622
0.44144
0.442123
0.442746
0.44346
0.444078
0.444718
0.445341
0.446155
0.446734
0.447462
0.448144
0.44882
0.449439
0.450077
0.450806
0.451325
0.452081
0.452708
0.453507
0.454111
0.454758
0.455511
0.456211
0.456896
0.457631
0.458303
0.459067
0.459886
0.460618
0.461271
0.462049
0.462919
0.46373
0.464466
0.465206
0.466088
0.46683
0.4676
0.46822
0.468911
0.469666
0.470656
0.471398
0.47213
0.472916
0.473635
0.474431
0.475084
0.475744
0.476753
0.477591
0.478483
0.479317
0.480123
0.481027
0.481687
0.482321
0.483029
0.483772
0.484594
0.485491
0.486191
0.487001
0.487793
0.488645
0.489341
0.490039
0.490821
0.491532
0.492269
0.493105
0.493833
0.494703
0.495474
0.496295
0.497094
0.497777
0.498716
0.499403
0.500343
0.50122
0.502068
0.503001
0.503744
0.50445
0.505484
0.506313
0.507266
0.508052
0.508992
0.509866
0.510692
0.511805
0.512771
0.513736
0.514557
0.515343
0.516388
0.517478
0.518387
0.519259
0.520133
0.521249
0.522108
0.523307
0.524309
0.52536
0.526516
0.52751
0.528485
0.529574
0.530605
0.531638
0.532788
0.534058
0.535143
0.53638
0.537474
0.538557
0.539686
0.540906
0.54224
0.543447
0.544721
0.546188
0.547345
0.548509
0.549755
0.551023
0.552052
0.553105
0.554166
0.555475
0.556664
0.557977
0.559301
0.560496
0.561762
0.563105
0.564181
0.565635
0.566842
0.568166
0.569398
0.570799
0.572312
0.57401
0.575556
0.57725
0.578755
0.58013
0.581672
0.58332
0.58518
0.586522
0.588163
0.590149
0.59165
0.593212
0.594895
0.596525
0.598394
0.600665
0.602179
0.603732
0.605758
0.607315
0.609413
0.611715
0.613893
0.615637
0.617319
0.619468
0.621411
0.62351
0.625448
0.627311
0.629566
0.631523
0.633661
0.635631
0.637657
0.639663
0.641671
0.643415
0.645827
0.647758
0.64985
0.652388
0.654251
0.656997
0.659723
0.661673
0.664121
0.666514
0.669175
0.67194
0.674157
0.676862
0.679183
0.682287
0.685222
0.688011
0.690841
0.69346
0.696862
0.699725
0.70391
0.706675
0.709947
0.714185
0.717612
0.721134
0.725391
0.729514
0.733274
0.737481
0.741567
0.745761
0.74997
0.754817
0.759787
0.764021
0.768048
0.772615
0.777652
0.781454
0.786348
0.793144
0.798944
0.805809
0.815026
0.82364
0.833864
0.842585
0.852625
0.863918
0.875452
0.888255
0.901377
0.918534
0.935011
0.954377
0.976904
1.00287
1.0268
1.04621
1.066
1.1047
1.1617
1.23437
1.36629
