0.328
0.328
0.329
0.33
0.331
0.332
0.332
0.333
0.333
0.334
0.335
0.335
0.336
0.337
0.337
0.337
0.338
0.34
0.34
0.34
0.341
0.343
0.343
0.344
0.344
0.344
0.345
0.345
0.345
0.346
0.347
0.347
0.348
0.349
0.349
0.351
0.352
0.354
0.354
0.355
0.355
0.355
0.358
0.361
0.363
0.364
0.365
0.365
0.365
0.366
0.366
0.366
0.366
0.366
0.367
0.368
0.369
0.372
0.376
0.378
0.379
0.382
0.383
0.384
0.384
0.389
0.391
0.393
0.394
0.396
0.399
0.402
0.404
0.405
0.406
0.409
0.412
0.416
0.42
0.421
0.421
0.422
0.424
0.427
0.428
0.429
0.431
0.433
0.433
0.436
0.438
0.439
0.442
0.447
0.451
0.457
0.462
0.463
0.465
0.467
0.472
0.473
0.476
0.48
0.482
0.485
0.487
0.49
0.495
0.498
0.5
0.504
0.506
0.507
0.507
0.508
0.508
0.509
0.51
0.512
0.514
0.517
0.521
0.521
0.523
0.528
0.529
0.531
0.534
0.534
0.536
0.537
0.54
0.541
0.546
0.548
0.553
0.556
0.562
0.562
0.563
0.563
0.564
0.564
0.568
0.571
0.573
0.574
0.579
0.58
0.58
0.584
0.585
0.591
0.592
0.594
0.595
0.598
0.6
0.602
0.605
0.607
0.612
0.615
0.622
0.629
0.632
0.635
0.639
0.647
0.648
0.651
0.653
0.656
0.656
0.658
0.659
0.66
0.662
0.663
0.663
0.664
0.664
0.666
0.667
0.668
0.674
0.677
0.679
0.68
0.683
0.688
0.689
0.693
0.693
0.699
0.701
0.704
0.706
0.71
0.711
0.714
0.719
0.723
0.726
0.727
0.727
0.73
0.737
0.738
0.742
0.744
0.746
0.751
0.752
0.756
0.758
0.763
0.767
0.774
0.778
0.781
0.782
0.786
0.791
0.796
0.798
0.801
0.803
0.807
0.81
0.81
0.811
0.812
0.815
0.817
0.819
0.82
0.823
0.823
0.825
0.828
0.831
0.834
0.835
0.839
0.842
0.847
0.853
0.856
0.861
0.862
0.864
0.868
0.869
0.87
0.872
0.872
0.874
0.878
0.881
0.883
0.884
0.891
0.891
0.892
0.895
0.897
0.901
0.903
0.907
0.907
0.908
0.911
0.913
0.917
0.922
0.93
0.932
0.938
0.941
0.944
0.947
0.95
0.952
0.954
0.954
0.961
0.965
0.97
0.972
0.972
0.974
0.976
0.976
0.977
0.979
0.979
0.979
0.979
0.979
0.981
0.982
0.986
0.99
0.993
0.996
1
1.004
1.006
1.008
1.011
1.018
1.022
1.023
1.026
1.028
1.034
1.04
1.044
1.047
1.047
1.048
1.051
1.052
1.055
1.057
1.06
1.061
1.064
1.066
1.068
1.071
1.073
1.073
1.078
1.08
1.083
1.086
1.086
1.089
1.094
1.097
1.1
1.103
1.108
1.115
1.116
1.121
1.123
1.125
1.128
1.131
1.131
1.133
1.135
1.136
1.137
1.14
1.145
1.147
1.149
1.151
1.153
1.155
1.158
1.16
1.166
1.169
1.171
1.174
1.18
1.183
1.186
1.191
1.192
1.195
1.197
1.199
1.205
1.207
1.209
1.212
1.213
1.213
1.217
1.221
1.221
1.223
1.225
1.227
1.228
1.234
1.237
1.237
1.24
1.246
1.256
1.259
1.263
1.266
1.273
1.276
1.279
1.279
1.279
1.281
1.286
1.289
1.292
1.296
1.298
1.299
1.299
1.301
1.303
1.305
1.306
1.308
1.31
1.311
1.317
1.322
1.324
1.327
1.329
1.333
1.337
1.343
1.347
1.351
1.353
1.362
1.368
1.37
1.373
1.377
1.378
1.379
1.383
1.384
1.384
1.388
1.389
1.391
1.394
1.396
1.399
1.402
1.402
1.404
1.406
1.411
1.413
1.417
1.421
1.427
1.428
1.434
1.436
1.438
1.444
1.448
1.452
1.453
1.459
1.463
1.464
1.465
1.467
1.469
1.47
1.473
1.476
1.476
1.477
1.479
1.481
1.488
1.492
1.499
1.501
1.503
1.509
1.509
1.517
1.518
1.52
1.523
1.526
1.528
1.533
1.535
1.538
1.541
1.542
1.543
1.547
1.547
1.554
1.558
1.559
1.559
1.567
1.571
1.574
1.578
1.581
1.586
1.59
1.595
1.598
1.603
1.606
1.609
1.611
1.612
1.614
1.616
1.62
1.62
1.623
1.624
1.629
1.631
1.633
1.635
1.641
1.648
1.651
1.657
1.66
1.664
1.668
1.673
1.677
1.682
1.685
1.687
1.689
1.693
1.695
1.695
1.698
1.701
1.704
1.707
1.711
1.712
1.717
1.718
1.723
1.728
1.73
1.734
1.736
1.741
1.748
1.755
1.758
1.763
1.765
1.768
1.77
1.776
1.777
1.783
1.784
1.787
1.79
1.793
1.797
1.802
1.805
1.807
1.809
1.814
1.814
1.819
1.823
1.83
1.836
1.842
1.845
1.848
1.857
1.86
1.868
1.87
1.871
1.875
1.881
1.884
1.886
1.889
1.892
1.895
1.899
1.903
1.907
1.916
1.922
1.927
1.931
1.939
1.941
1.944
1.947
1.951
1.956
1.961
1.963
1.965
1.966
1.975
1.978
1.979
1.982
1.988
1.993
2
2.006
2.011
2.016
2.021
2.026
2.031
2.034
2.037
2.039
2.043
2.045
2.05
2.053
2.057
2.067
2.071
2.075
2.083
2.09
2.095
2.1
2.103
2.107
2.112
2.115
2.118
2.123
2.124
2.126
2.133
2.14
2.144
2.156
2.161
2.172
2.177
2.182
2.184
2.187
2.188
2.192
2.196
2.199
2.204
2.21
2.226
2.233
2.243
2.249
2.254
2.258
2.262
2.265
2.271
2.278
2.286
2.297
2.304
2.312
2.315
2.322
2.323
2.326
2.328
2.339
2.35
2.36
2.371
2.383
2.394
2.397
2.4
2.407
2.411
2.414
2.422
2.437
2.444
2.454
2.466
2.476
2.486
2.494
2.501
2.511
2.522
2.529
2.542
2.551
2.566
2.576
2.584
2.596
2.602
2.615
2.629
2.646
2.659
2.672
2.678
2.692
2.705
2.72
2.741
2.759
2.778
2.793
2.808
2.83
2.854
2.872
2.903
2.929
2.954
2.981
3.007
3.032
3.062
3.1
3.138
3.173
3.207
3.238
3.281
3.357
3.447
3.561
3.716
3.905
