0.207862
0.207862
0.26597
0.26597
0.278273
0.278273
0.302507
0.302507
0.39218
0.39218
0.401138
0.408893
0.408893
0.414673
0.414673
0.436129
0.436129
0.477195
0.477195
0.637405
0.637405
0.639755
0.673922
0.673922
0.688604
0.705673
0.705673
0.70929
0.70929
0.744006
0.752497
0.752497
0.796698
0.796698
0.814635
0.832332
0.839357
0.843385
0.869745
0.869745
0.874485
0.8747
0.896822
0.896822
0.945539
0.980986
0.988395
0.988395
1.02745
1.07174
1.07571
1.08305
1.08305
1.08951
1.10275
1.10275
1.1124
1.1124
1.1151
1.14372
1.14372
1.14382
1.15168
1.15168
1.17649
1.20417
1.20417
1.22426
1.22426
1.23121
1.23121
1.26673
1.28033
1.31619
1.31936
1.3542
1.38697
1.39949
1.41634
1.50106
1.53728
1.60901
1.60901
1.66407
1.67106
1.67522
1.67522
1.67799
1.75402
1.79683
1.81221
1.83792
1.89892
2.15151
2.21352
2.2173
2.36358
2.38794
2.41224
3.47005
