0.172794
0.172794
0.195586
0.197508
0.214774
0.2166
0.233119
0.234643
0.25687
0.260082
0.273372
0.276441
0.286655
0.291076
0.300403
0.307485
0.313076
0.319909
0.324974
0.334117
0.337984
0.347306
0.35542
0.362415
0.371826
0.375526
0.384412
0.389967
0.396707
0.401022
0.410639
0.415504
0.421025
0.427813
0.433008
0.438713
0.445461
0.450176
0.457461
0.465642
0.471804
0.47808
0.483775
0.489689
0.49586
0.502284
0.508313
0.515007
0.520896
0.527894
0.533285
0.538208
0.544236
0.550977
0.558467
0.563414
0.569393
0.575064
0.583744
0.591779
0.599686
0.608196
0.615938
0.625305
0.632705
0.640933
0.646742
0.655179
0.661268
0.671782
0.678484
0.686922
0.691533
0.700668
0.7065
0.716479
0.724327
0.731941
0.739987
0.748835
0.75478
0.762379
0.76942
0.778605
0.787736
0.798162
0.813886
0.828511
0.840675
0.850038
0.862534
0.872849
0.884524
0.899181
0.908034
0.923516
0.943682
0.966857
0.989744
1.00645
1.02199
1.03465
1.05263
1.06492
1.07714
1.095
1.10731
1.1189
1.13222
1.1419
1.15155
1.16226
1.17289
1.1861
1.19688
1.21122
1.22643
1.23958
1.25409
1.26455
1.27721
1.28915
1.30127
1.31759
1.33379
1.34997
1.36353
1.37746
1.39171
1.40444
1.42554
1.44163
1.45765
1.47331
1.49318
1.5137
1.53777
1.56765
1.61589
1.65173
1.70259
1.73858
1.78128
1.82999
1.90478
1.99037
2.12975
2.20975
2.33029
2.38966
