0.328
0.328
0.328
0.328
0.329
0.329
0.331
0.332
0.333
0.334
0.334
0.335
0.335
0.339
0.341
0.342
0.345
0.349
0.352
0.352
0.357
0.362
0.37
0.376
0.385
0.39
0.397
0.406
0.407
0.41
0.415
0.429
0.435
0.444
0.45
0.457
0.469
0.474
0.482
0.489
0.503
0.511
0.518
0.526
0.534
0.54
0.547
0.559
0.571
0.584
0.59
0.598
0.61
0.628
0.639
0.657
0.666
0.677
0.682
0.697
0.711
0.724
0.736
0.748
0.76
0.778
0.8
0.807
0.82
0.836
0.86
0.871
0.893
0.906
0.927
0.944
0.96
0.987
1.007
1.018
1.037
1.061
1.083
1.104
1.129
1.148
1.175
1.189
1.214
1.239
1.258
1.282
1.304
1.331
1.35
1.371
1.387
1.408
1.43
1.454
1.474
1.495
1.518
1.538
1.56
1.583
1.613
1.639
1.669
1.696
1.73
1.759
1.795
1.83
1.87
1.902
1.936
1.966
2.001
2.046
2.09
2.126
2.166
2.212
2.254
2.289
2.34
2.386
2.434
2.474
2.511
2.551
2.606
2.657
2.768
2.832
2.903
2.995
3.1
3.261
3.363
3.487
3.626
3.82
4.03
4.317
4.386
4.562
4.785
5.042
