0.38
0.6
0.76
0.77
0.77
0.77
0.78
0.79
0.8
0.82
0.84
0.92
0.96
1
1.06
1.14
1.19
1.26
1.3
1.35
1.37
1.41
1.45
1.47
1.48
1.5
1.51
1.52
1.53
1.58
1.62
1.66
1.7
1.73
1.74
1.78
1.78
1.79
1.79
1.86
1.9
1.94
1.97
1.98
2.01
2.05
2.08
2.14
2.15
2.17
2.22
2.26
2.26
2.27
2.3
2.34
2.39
2.43
2.48
2.53
2.55
2.59
2.66
2.69
2.71
2.75
2.82
2.89
2.91
3.02
3.08
3.17
3.24
3.29
3.35
3.38
3.4
3.43
3.47
3.51
3.58
3.63
3.63
3.68
3.74
3.76
3.82
3.92
3.95
4.02
4.11
4.14
4.24
4.31
4.36
4.36
4.4
4.45
4.47
4.52
4.62
4.69
4.84
4.9
4.94
5.01
5.08
5.15
5.23
5.34
5.5
5.55
5.63
5.69
5.77
5.83
5.89
5.96
6.05
6.19
6.28
6.44
6.52
6.59
6.7
6.84
7
7.12
7.26
7.35
7.51
7.64
7.82
8.01
8.2
8.38
8.72
8.95
9.16
9.4
9.65
9.9
10.26
10.96
11.87
12.77
13.71
15.54
20.6
24.83
