0.160667
0.160667
0.174357
0.175311
0.190569
0.191951
0.206963
0.209641
0.221838
0.224668
0.23845
0.241699
0.251156
0.255696
0.260219
0.266242
0.271332
0.281911
0.285287
0.294865
0.300079
0.307285
0.311928
0.317969
0.325054
0.329288
0.335443
0.339289
0.343178
0.348588
0.353159
0.358134
0.362479
0.367879
0.372756
0.378393
0.382955
0.386712
0.391063
0.396263
0.399818
0.404875
0.408235
0.413564
0.418435
0.422292
0.428135
0.432493
0.437606
0.442214
0.445956
0.450397
0.454981
0.458429
0.462685
0.466723
0.470487
0.474529
0.478682
0.482039
0.485005
0.487509
0.491257
0.493897
0.49874
0.502155
0.505724
0.5098
0.514056
0.518141
0.521801
0.526443
0.531197
0.535534
0.539897
0.544191
0.547809
0.551772
0.557459
0.56172
0.566193
0.571733
0.577831
0.583061
0.588582
0.593435
0.597787
0.603236
0.608803
0.614326
0.620054
0.62531
0.631845
0.636281
0.640078
0.644913
0.650891
0.654885
0.658964
0.665712
0.670577
0.676555
0.682164
0.687909
0.692595
0.696506
0.700593
0.704168
0.708978
0.713539
0.717988
0.724136
0.727783
0.732524
0.737889
0.741758
0.745954
0.751147
0.756317
0.762691
0.767754
0.773097
0.778145
0.782838
0.791331
0.797954
0.803446
0.809687
0.818538
0.824606
0.831391
0.839508
0.848467
0.855991
0.864166
0.872748
0.88246
0.891299
0.899722
0.908446
0.916354
0.924621
0.931672
0.941669
0.952289
0.960811
0.969602
0.978481
0.988059
0.997156
1.00496
1.01504
1.02526
1.03353
1.04565
1.05681
1.06696
1.07963
1.0914
1.10579
1.11594
1.12502
1.13657
1.14394
1.15497
1.16704
1.17867
1.18876
1.20033
1.21418
1.23133
1.2462
1.25985
1.27194
1.28705
1.29882
1.30926
1.31601
1.32431
1.33676
1.34582
1.35823
1.37244
1.38632
1.40348
1.42266
1.43619
1.45333
1.47227
1.4991
1.51897
1.54507
1.56384
1.59306
1.6371
1.7527
1.89826
1.95884
2.05323
2.06078
