0.149823
0.149823
0.154811
0.154811
0.190074
0.190748
0.190748
0.207134
0.209646
0.209646
0.214411
0.214411
0.223993
0.223993
0.22885
0.22885
0.240417
0.240417
0.257039
0.257039
0.262996
0.262996
0.277489
0.277489
0.300361
0.300361
0.300538
0.300538
0.309496
0.309496
0.316631
0.318721
0.318721
0.319869
0.324725
0.324725
0.328691
0.350019
0.350514
0.351633
0.355995
0.355995
0.361406
0.375291
0.375291
0.378455
0.378455
0.384713
0.384713
0.38609
0.38609
0.389828
0.400725
0.400725
0.401975
0.401975
0.404235
0.404235
0.410441
0.410441
0.414348
0.419226
0.419226
0.419536
0.419536
0.421835
0.421835
0.426341
0.429579
0.429579
0.43664
0.43664
0.438276
0.438276
0.439303
0.439303
0.443754
0.44856
0.454379
0.454379
0.455433
0.455433
0.455517
0.458952
0.459743
0.459743
0.463689
0.463689
0.464282
0.466458
0.473539
0.477011
0.4788
0.4788
0.482935
0.488063
0.488063
0.492879
0.492879
0.493035
0.493969
0.498989
0.498989
0.504308
0.504308
0.506723
0.506723
0.51357
0.516908
0.516908
0.517214
0.517214
0.520222
0.520222
0.524979
0.524979
0.528549
0.534611
0.534611
0.541948
0.54446
0.544642
0.544642
0.549034
0.556319
0.556319
0.567699
0.567699
0.572873
0.573783
0.584766
0.591529
0.591529
0.595388
0.595388
0.596834
0.603019
0.603019
0.603643
0.60713
0.61503
0.61581
0.61581
0.617135
0.618016
0.620334
0.620334
0.626923
0.631275
0.652676
0.652676
0.659447
0.659447
0.666501
0.666501
0.683201
0.683201
0.689552
0.693043
0.693043
0.693589
0.69431
0.69431
0.712938
0.714931
0.723835
0.723835
0.735859
0.773642
0.777691
0.791949
0.803889
0.803889
0.80446
0.80446
0.80799
0.811705
0.816897
0.823066
0.841118
0.859086
0.865283
0.865283
0.869281
0.869281
0.869573
0.874515
0.874515
0.881381
0.884758
0.88546
0.889296
0.890426
0.891165
0.892726
0.908643
0.911644
0.911644
0.914929
0.936314
0.942341
0.948392
0.950719
0.954226
0.956705
0.962044
0.986005
0.986005
0.987832
0.996996
0.999318
1.01005
1.01606
1.07033
1.07859
1.0942
1.11396
1.11396
1.11612
1.12743
1.12793
1.12793
1.17091
1.18456
1.18478
1.19246
1.22733
1.22935
1.23561
1.26149
1.26267
1.26267
1.26418
1.30949
1.30949
1.31686
1.32298
1.38352
1.39757
1.43726
1.44923
1.45621
1.46647
1.53133
1.54224
1.59989
1.6176
1.64901
1.73445
1.90251
