0.151837
0.151837
0.153037
0.153037
0.170474
0.170474
0.174098
0.174098
0.186503
0.186503
0.190367
0.190367
0.19944
0.19944
0.219519
0.219519
0.221071
0.221071
0.222175
0.222175
0.23196
0.23196
0.23773
0.23773
0.241431
0.241431
0.243445
0.268206
0.268206
0.284004
0.284004
0.284639
0.284639
0.289208
0.289208
0.29397
0.29397
0.294493
0.294493
0.295348
0.300742
0.300742
0.302433
0.302433
0.310964
0.313196
0.313196
0.31499
0.31641
0.32009
0.32009
0.320298
0.320298
0.324839
0.324839
0.335236
0.335236
0.336532
0.336532
0.339493
0.339493
0.341646
0.350964
0.350964
0.352425
0.352425
0.361828
0.36291
0.363819
0.363819
0.367915
0.367915
0.368197
0.369337
0.369337
0.376379
0.38098
0.388304
0.388304
0.389204
0.409085
0.409085
0.411437
0.411437
0.412777
0.412777
0.413733
0.413733
0.416827
0.417172
0.417172
0.418464
0.420687
0.420687
0.424273
0.424273
0.428207
0.428207
0.431099
0.431099
0.434331
0.434331
0.438994
0.440562
0.444665
0.444665
0.445073
0.449791
0.451974
0.453307
0.453426
0.453426
0.454917
0.454917
0.461712
0.461712
0.465704
0.465704
0.468372
0.469601
0.471339
0.472888
0.475105
0.476589
0.476589
0.485053
0.485798
0.485803
0.489953
0.491279
0.492212
0.492212
0.494214
0.495744
0.495744
0.496986
0.496986
0.501089
0.504309
0.507194
0.510757
0.520111
0.520111
0.525384
0.525384
0.532038
0.540087
0.545744
0.545744
0.550621
0.551972
0.551972
0.557173
0.557173
0.557714
0.558654
0.558654
0.558786
0.561489
0.561489
0.565057
0.572385
0.572385
0.574498
0.574498
0.57661
0.579556
0.579556
0.582032
0.584292
0.587453
0.588695
0.591866
0.591866
0.596016
0.602347
0.602551
0.602551
0.603788
0.603788
0.604468
0.60971
0.60971
0.611131
0.611131
0.615996
0.615996
0.617704
0.617704
0.620264
0.620264
0.62512
0.626749
0.637829
0.643371
0.646072
0.646072
0.649083
0.663845
0.664142
0.664142
0.665405
0.669265
0.669837
0.673657
0.673657
0.674941
0.674941
0.67797
0.67797
0.681042
0.683743
0.683743
0.687571
0.687571
0.693957
0.693957
0.696827
0.712103
0.716708
0.716708
0.717557
0.719618
0.724792
0.725725
0.735553
0.735553
0.747474
0.753278
0.755191
0.758023
0.763322
0.763322
0.766242
0.79696
0.79696
0.801722
0.801722
0.814484
0.823557
0.845773
0.849425
0.849425
0.849695
0.851376
0.854901
0.855693
0.857505
0.857669
0.874529
0.891125
0.900098
0.908292
0.916734
0.918107
0.935038
0.935038
0.947828
0.962303
0.966452
0.966748
0.977181
1.00597
1.01424
1.01593
1.01593
1.02049
1.02281
1.03521
1.05938
1.07926
1.08192
1.09552
1.11222
1.1216
1.12778
1.15213
1.17295
1.19223
1.19907
1.19907
1.2012
1.20244
1.24782
1.26552
1.27589
1.28308
1.28894
1.29753
1.29781
1.30949
1.30949
1.35823
1.38375
1.42643
1.64999
1.6715
1.91231
1.94282
2.02213
