0.09
0.18
0.25
0.32
0.41
0.43
0.61
0.67
0.71
0.73
0.76
0.76
0.77
0.78
0.78
0.78
0.83
0.86
0.89
0.9
0.94
0.95
0.95
0.95
0.95
0.95
0.95
0.95
0.96
0.96
0.96
0.96
0.96
0.96
0.96
0.96
0.98
0.99
1.0
1.0
1.0
1.0
1.0
1.01
1.04
1.04
1.05
1.05
1.05
1.07
1.09
1.11
1.12
1.13
1.15
1.17
1.2
1.24
1.28
1.29
1.31
1.34
1.37
1.38
1.42
1.44
1.47
1.47
1.5
1.52
1.55
1.57
1.59
1.64
1.69
1.7
1.71
1.74
1.75
1.77
1.78
1.81
1.82
1.83
1.83
1.83
1.84
1.85
1.87
1.87
1.9
1.9
1.93
1.95
1.96
1.98
1.99
1.99
2.02
2.02
2.04
2.08
2.09
2.1
2.12
2.13
2.15
2.17
2.19
2.19
2.23
2.24
2.25
2.25
2.26
2.27
2.28
2.3
2.31
2.31
2.31
2.34
2.34
2.34
2.37
2.38
2.41
2.41
2.46
2.47
2.5
2.53
2.59
2.62
2.63
2.66
2.67
2.69
2.71
2.72
2.75
2.78
2.78
2.81
2.84
2.88
2.9
2.91
2.92
2.94
2.94
3.0
3.01
3.04
3.07
3.11
3.11
3.12
3.13
3.13
3.14
3.15
3.16
3.17
3.18
3.19
3.22
3.24
3.24
3.27
3.27
3.3
3.32
3.34
3.35
3.37
3.37
3.41
3.43
3.46
3.5
3.53
3.6
3.63
3.65
3.67
3.7
3.74
3.77
3.84
3.87
3.87
3.94
3.94
3.98
3.99
4.0
4.01
4.04
4.06
4.1
4.1
4.1
4.12
4.15
4.18
4.22
4.23
4.26
4.29
4.3
4.33
4.35
4.36
4.37
4.38
4.39
4.4
4.42
4.45
4.49
4.51
4.53
4.57
4.63
4.72
4.78
4.83
4.88
4.97
4.99
5.02
5.04
5.07
5.11
5.13
5.16
5.21
5.26
5.27
5.29
5.31
5.35
5.39
5.41
5.43
5.46
5.48
5.5
5.53
5.55
5.57
5.6
5.63
5.67
5.71
5.77
5.82
5.92
5.99
6.03
6.11
6.13
6.2
6.23
6.25
6.31
6.33
6.4
6.44
6.47
6.5
6.56
6.59
6.66
6.74
6.83
6.88
6.93
7.0
7.06
7.13
7.17
7.25
7.29
7.37
7.39
7.44
7.46
7.55
7.64
7.72
7.76
7.82
7.91
8.06
8.1
8.13
8.25
8.28
8.32
8.45
8.5
8.59
8.69
8.75
8.87
8.99
9.07
9.18
9.23
9.31
9.45
9.6
9.7
9.81
9.95
10.11
10.26
10.41
10.61
10.75
10.96
11.15
11.36
11.59
11.89
12.15
12.44
12.75
13.17
13.56
13.98
14.3
14.76
15.28
15.85
16.44
17.02
17.89
18.67
19.41
20.33
21.7
23.35
25.54
28.61
31.58
38.1
