0.151745
0.151745
0.153971
0.1542
0.155865
0.156104
0.158693
0.159128
0.161681
0.162217
0.164843
0.16538
0.168135
0.169178
0.172717
0.174044
0.176724
0.178679
0.18116
0.183182
0.186169
0.187873
0.189644
0.191716
0.1943
0.196603
0.198666
0.200741
0.203099
0.205322
0.207564
0.209677
0.211642
0.213419
0.215645
0.217258
0.218944
0.220994
0.222355
0.224591
0.226629
0.228667
0.230444
0.232513
0.233911
0.236112
0.237853
0.240064
0.241583
0.243439
0.244944
0.24647
0.248107
0.250004
0.251635
0.253439
0.254928
0.256191
0.258073
0.25975
0.261217
0.262818
0.264224
0.266606
0.268191
0.269998
0.271274
0.273038
0.274204
0.276348
0.277867
0.279421
0.280911
0.282889
0.284562
0.286659
0.28787
0.289797
0.290929
0.293064
0.294817
0.296328
0.298007
0.300007
0.301364
0.302794
0.30407
0.305143
0.306756
0.308039
0.30934
0.31071
0.312093
0.314002
0.315087
0.316565
0.318071
0.319614
0.321181
0.322556
0.324483
0.326262
0.32783
0.329162
0.330806
0.332299
0.333852
0.335427
0.337013
0.338539
0.340259
0.341638
0.343151
0.344707
0.346163
0.347567
0.349655
0.351436
0.352772
0.354682
0.356041
0.357742
0.359461
0.360685
0.362293
0.363684
0.36534
0.366725
0.368002
0.369677
0.371281
0.372571
0.374614
0.3764
0.377894
0.379409
0.380918
0.382717
0.383973
0.385445
0.387062
0.38825
0.389721
0.39101
0.392701
0.394276
0.395989
0.397233
0.399012
0.399993
0.401291
0.402316
0.404029
0.404981
0.406302
0.407408
0.408848
0.410086
0.411669
0.412748
0.414157
0.415485
0.416843
0.418287
0.419538
0.421168
0.422275
0.423736
0.425137
0.427
0.428669
0.429901
0.431194
0.432538
0.433632
0.435125
0.436628
0.438107
0.439597
0.441104
0.442387
0.44405
0.44539
0.446741
0.448131
0.449375
0.451519
0.452727
0.454704
0.456096
0.458202
0.459847
0.461786
0.463207
0.465326
0.466411
0.468521
0.469854
0.471884
0.473367
0.475227
0.476538
0.478061
0.479561
0.481141
0.482817
0.484741
0.486243
0.488203
0.489862
0.491254
0.492974
0.495104
0.496513
0.498427
0.500301
0.502315
0.503639
0.505479
0.506975
0.508629
0.510208
0.511627
0.513864
0.515364
0.517336
0.519323
0.521017
0.522648
0.524643
0.526727
0.528274
0.529993
0.53136
0.533385
0.535416
0.537273
0.539558
0.541448
0.543214
0.545399
0.547756
0.550049
0.551544
0.553986
0.556195
0.558159
0.559671
0.561568
0.563382
0.565713
0.567668
0.569762
0.571981
0.574411
0.576421
0.578595
0.580519
0.583139
0.584854
0.586991
0.589107
0.591306
0.593408
0.595363
0.59758
0.599814
0.602282
0.604578
0.606791
0.609153
0.611851
0.615076
0.617297
0.619658
0.622426
0.625369
0.628011
0.630881
0.633222
0.63579
0.638644
0.64207
0.644695
0.64731
0.650194
0.653001
0.656028
0.659042
0.661248
0.664164
0.666834
0.669889
0.67258
0.675085
0.677823
0.680298
0.682945
0.686332
0.689556
0.691984
0.694577
0.697234
0.699731
0.702884
0.705531
0.708111
0.711083
0.713693
0.716306
0.720226
0.723382
0.726116
0.7289
0.732375
0.735453
0.738607
0.742002
0.745068
0.748802
0.752208
0.755577
0.759162
0.762449
0.765395
0.769554
0.772973
0.776725
0.781145
0.785474
0.789145
0.793489
0.796946
0.800674
0.804993
0.809324
0.812812
0.817669
0.822615
0.827262
0.831007
0.834834
0.839339
0.843955
0.848299
0.852257
0.855867
0.860454
0.863314
0.869479
0.873522
0.878392
0.882676
0.887585
0.893508
0.899566
0.905223
0.912037
0.918436
0.92401
0.931823
0.936955
0.943634
0.950223
0.956651
0.965799
0.974361
0.981809
0.993409
1.00339
1.01273
1.02042
1.03016
1.0364
1.04335
1.0512
1.05869
1.07007
1.08049
1.08989
1.10086
1.10931
1.12067
1.12946
1.13962
1.14722
1.15515
1.16703
1.17936
1.19081
1.202
1.21537
1.23282
1.25655
1.27906
1.31039
1.34507
1.39561
1.47098
1.54779
