0.328
0.328
0.328
0.328
0.328
0.328
0.328
0.328
0.328
0.328
0.328
0.329
0.329
0.329
0.33
0.331
0.331
0.331
0.331
0.332
0.333
0.333
0.333
0.333
0.334
0.334
0.334
0.335
0.335
0.336
0.338
0.338
0.338
0.338
0.338
0.338
0.338
0.341
0.342
0.342
0.343
0.343
0.343
0.343
0.346
0.347
0.35
0.353
0.355
0.355
0.358
0.359
0.365
0.368
0.372
0.376
0.377
0.377
0.377
0.379
0.381
0.382
0.382
0.384
0.385
0.386
0.389
0.391
0.393
0.394
0.394
0.399
0.4
0.405
0.406
0.413
0.418
0.42
0.423
0.423
0.425
0.425
0.43
0.435
0.438
0.443
0.448
0.456
0.459
0.461
0.464
0.466
0.469
0.471
0.474
0.476
0.479
0.483
0.488
0.492
0.493
0.493
0.493
0.497
0.498
0.5
0.504
0.508
0.509
0.509
0.513
0.514
0.516
0.518
0.519
0.523
0.525
0.531
0.533
0.537
0.538
0.541
0.543
0.545
0.55
0.555
0.559
0.562
0.565
0.569
0.574
0.577
0.579
0.585
0.588
0.591
0.593
0.597
0.597
0.598
0.601
0.604
0.607
0.611
0.617
0.62
0.622
0.626
0.627
0.632
0.635
0.641
0.645
0.648
0.65
0.652
0.657
0.66
0.662
0.664
0.666
0.668
0.671
0.674
0.677
0.681
0.684
0.686
0.688
0.689
0.693
0.699
0.702
0.711
0.719
0.721
0.725
0.729
0.733
0.738
0.74
0.743
0.745
0.746
0.749
0.75
0.751
0.751
0.755
0.758
0.764
0.771
0.777
0.781
0.786
0.789
0.791
0.796
0.802
0.804
0.807
0.809
0.811
0.814
0.814
0.819
0.823
0.83
0.833
0.836
0.839
0.842
0.845
0.847
0.853
0.856
0.86
0.862
0.871
0.876
0.878
0.884
0.887
0.89
0.895
0.895
0.896
0.898
0.9
0.903
0.907
0.91
0.913
0.917
0.922
0.923
0.928
0.933
0.936
0.94
0.948
0.953
0.955
0.959
0.961
0.967
0.969
0.975
0.978
0.983
0.988
0.989
0.989
0.991
0.993
0.996
0.998
1.001
1.006
1.014
1.02
1.026
1.034
1.037
1.043
1.044
1.046
1.049
1.055
1.064
1.066
1.067
1.071
1.075
1.079
1.083
1.088
1.094
1.096
1.101
1.104
1.106
1.113
1.117
1.12
1.122
1.128
1.132
1.135
1.137
1.141
1.146
1.149
1.153
1.157
1.161
1.167
1.175
1.179
1.184
1.184
1.185
1.19
1.192
1.197
1.202
1.207
1.21
1.221
1.225
1.23
1.235
1.243
1.249
1.252
1.255
1.259
1.261
1.265
1.272
1.278
1.284
1.289
1.295
1.298
1.302
1.307
1.309
1.315
1.32
1.325
1.33
1.334
1.337
1.344
1.344
1.349
1.356
1.364
1.37
1.376
1.385
1.392
1.396
1.4
1.409
1.414
1.417
1.423
1.425
1.43
1.436
1.443
1.446
1.451
1.457
1.461
1.468
1.481
1.49
1.494
1.499
1.505
1.515
1.522
1.527
1.529
1.532
1.54
1.546
1.553
1.558
1.562
1.566
1.574
1.588
1.596
1.606
1.615
1.626
1.633
1.639
1.644
1.655
1.66
1.668
1.673
1.68
1.689
1.7
1.709
1.717
1.732
1.742
1.753
1.761
1.773
1.789
1.796
1.81
1.821
1.829
1.839
1.854
1.872
1.885
1.9
1.912
1.924
1.937
1.956
1.968
1.987
2.002
2.015
2.035
2.054
2.07
2.089
2.102
2.126
2.142
2.162
2.177
2.198
2.219
2.234
2.256
2.278
2.302
2.326
2.347
2.368
2.392
2.418
2.447
2.486
2.524
2.57
2.628
2.697
2.748
2.816
2.898
2.992
3.156
3.29
3.51
3.899
5.328
