0.152457
0.152457
0.153316
0.153316
0.153928
0.153928
0.154385
0.154385
0.156489
0.156489
0.160356
0.160591
0.160591
0.167566
0.167566
0.17027
0.17027
0.173919
0.173919
0.182543
0.182543
0.188073
0.188073
0.198569
0.198569
0.2118
0.2118
0.213077
0.213077
0.213294
0.213294
0.21359
0.21359
0.217466
0.217466
0.222885
0.222885
0.225154
0.225154
0.227545
0.227545
0.227661
0.227661
0.229397
0.229397
0.230012
0.230012
0.239089
0.239089
0.245949
0.245949
0.252498
0.252498
0.25407
0.25407
0.255526
0.259129
0.259129
0.25949
0.26162
0.269332
0.27254
0.27254
0.273658
0.273658
0.277461
0.277461
0.278451
0.278451
0.278812
0.278812
0.280828
0.281617
0.281617
0.286555
0.286818
0.287746
0.287746
0.290309
0.291299
0.291299
0.291762
0.291762
0.295609
0.295609
0.296399
0.298257
0.298257
0.299115
0.299115
0.300487
0.300487
0.308121
0.308121
0.311038
0.313436
0.313436
0.317533
0.319951
0.319951
0.322891
0.322891
0.324995
0.325752
0.325752
0.325773
0.325773
0.326722
0.326805
0.327798
0.327798
0.328416
0.328416
0.329416
0.330934
0.330934
0.331572
0.332375
0.332824
0.335729
0.335729
0.338243
0.338243
0.339024
0.339024
0.340516
0.340516
0.340627
0.340627
0.340668
0.340668
0.341406
0.341406
0.342665
0.342711
0.342711
0.344206
0.344206
0.345718
0.346299
0.347088
0.347088
0.348958
0.348958
0.349769
0.350863
0.350974
0.350974
0.351969
0.351969
0.354301
0.354301
0.355207
0.355207
0.358121
0.361729
0.361729
0.362386
0.363477
0.363477
0.364396
0.364396
0.364481
0.366546
0.366546
0.367278
0.367278
0.371937
0.37398
0.37398
0.378643
0.378643
0.379346
0.379346
0.379477
0.379477
0.381834
0.381834
0.382425
0.382425
0.386929
0.387129
0.387129
0.390577
0.390577
0.391084
0.391084
0.393574
0.394501
0.394501
0.394899
0.397161
0.399992
0.400265
0.400265
0.401135
0.401135
0.405839
0.406908
0.407497
0.407497
0.407943
0.407943
0.409279
0.409279
0.409805
0.409805
0.413128
0.413128
0.415952
0.415952
0.41692
0.41692
0.417038
0.417038
0.417284
0.417284
0.418242
0.418264
0.418682
0.418788
0.421544
0.421839
0.421839
0.42661
0.426977
0.427005
0.427324
0.427603
0.427603
0.429301
0.429359
0.431846
0.433136
0.433136
0.433542
0.434533
0.434533
0.438165
0.438165
0.440287
0.44093
0.44093
0.443129
0.444551
0.448001
0.448678
0.448678
0.449421
0.449534
0.44963
0.44963
0.452838
0.452838
0.454159
0.454565
0.454565
0.457944
0.457956
0.457956
0.459676
0.459676
0.459756
0.460933
0.460967
0.46177
0.46177
0.46362
0.46362
0.466426
0.466426
0.466915
0.467626
0.467626
0.467837
0.46946
0.470955
0.470955
0.472804
0.472804
0.473571
0.475139
0.475139
0.475643
0.478613
0.480194
0.481199
0.481199
0.481994
0.481994
0.48338
0.48338
0.485746
0.486514
0.487842
0.487842
0.488567
0.492077
0.49234
0.492536
0.493117
0.494233
0.494233
0.494426
0.494426
0.495637
0.50023
0.502596
0.506244
0.509487
0.509487
0.509562
0.513309
0.517333
0.51819
0.51819
0.520047
0.520047
0.520807
0.523004
0.52381
0.524215
0.524215
0.526605
0.529995
0.529995
0.530695
0.532588
0.535074
0.535074
0.537989
0.538374
0.539871
0.541114
0.541114
0.541614
0.543323
0.544482
0.545074
0.550468
0.55111
0.551713
0.551816
0.551816
0.553747
0.553866
0.555516
0.556705
0.556794
0.55734
0.55734
0.561146
0.562737
0.565745
0.565745
0.566881
0.566881
0.568814
0.569963
0.570085
0.574186
0.57448
0.574675
0.574675
0.579027
0.584259
0.587024
0.591596
0.593321
0.59388
0.597642
0.597658
0.597658
0.60145
0.60145
0.609309
0.609463
0.609671
0.609671
0.610035
0.611399
0.615235
0.615235
0.618801
0.625183
0.628864
0.628864
0.633158
0.634104
0.634104
0.635226
0.635646
0.635646
0.635667
0.636628
0.637724
0.637724
0.638312
0.638312
0.638613
0.638613
0.639652
0.63986
0.646252
0.648961
0.650918
0.652382
0.652757
0.652757
0.654574
0.663942
0.665092
0.666285
0.666897
0.667935
0.669197
0.671127
0.673603
0.674438
0.676957
0.680102
0.681012
0.683548
0.693118
0.697403
0.697403
0.697919
0.702712
0.70416
0.707239
0.711109
0.711219
0.719822
0.720077
0.725667
0.725667
0.726272
0.726272
0.727946
0.738988
0.745633
0.745889
0.745889
0.749774
0.758813
0.762167
0.771267
0.77275
0.773575
0.774767
0.780905
0.790307
0.792108
0.792959
0.794145
0.798884
0.802238
0.810145
0.813993
0.820956
0.825157
0.826071
0.848892
0.860828
0.870285
0.870865
0.870865
0.872572
0.879362
0.888614
0.893249
0.901833
0.917051
0.936284
0.937183
0.937183
0.948469
0.956884
0.96045
0.97108
0.972566
0.989432
1.00228
1.02166
1.02707
1.02707
1.02768
1.04512
1.06175
1.12973
1.16929
1.19012
1.22558
1.23924
1.24347
1.24475
1.27169
1.27303
1.33407
1.37641
