0.02
0.03
0.07
0.14
0.22
0.32
0.43
0.49
0.58
0.63
0.65
0.66
0.7
0.72
0.74
0.78
0.8
0.84
0.84
0.87
0.93
0.94
0.97
0.98
0.98
0.98
0.98
0.98
0.98
0.98
0.98
0.98
0.98
0.98
0.98
0.98
0.98
0.98
0.98
0.98
0.98
0.98
0.98
0.99
0.99
1.01
1.02
1.03
1.09
1.11
1.14
1.18
1.19
1.21
1.22
1.25
1.28
1.32
1.34
1.39
1.41
1.43
1.45
1.48
1.48
1.49
1.49
1.49
1.5
1.53
1.56
1.58
1.62
1.64
1.64
1.65
1.67
1.68
1.72
1.72
1.74
1.74
1.77
1.8
1.82
1.87
1.87
1.87
1.87
1.87
1.9
1.91
1.92
1.94
1.96
1.97
2.01
2.04
2.08
2.1
2.12
2.14
2.15
2.15
2.17
2.17
2.19
2.2
2.21
2.21
2.21
2.21
2.22
2.22
2.22
2.22
2.22
2.25
2.25
2.26
2.26
2.27
2.28
2.3
2.31
2.31
2.31
2.34
2.35
2.36
2.36
2.4
2.43
2.45
2.47
2.51
2.53
2.54
2.54
2.56
2.57
2.6
2.61
2.66
2.68
2.7
2.71
2.73
2.75
2.77
2.79
2.8
2.84
2.87
2.87
2.89
2.91
2.92
2.94
2.99
3
3.03
3.04
3.06
3.08
3.12
3.13
3.14
3.14
3.17
3.18
3.19
3.19
3.2
3.2
3.2
3.2
3.22
3.22
3.23
3.23
3.23
3.23
3.24
3.24
3.25
3.27
3.29
3.31
3.32
3.32
3.34
3.38
3.42
3.44
3.48
3.51
3.54
3.57
3.59
3.63
3.66
3.68
3.69
3.7
3.7
3.72
3.75
3.79
3.79
3.8
3.81
3.81
3.82
3.83
3.87
3.88
3.9
3.9
3.91
3.92
3.99
4.01
4.02
4.03
4.05
4.07
4.08
4.09
4.1
4.12
4.12
4.12
4.13
4.15
4.15
4.17
4.18
4.19
4.21
4.22
4.22
4.23
4.24
4.29
4.29
4.3
4.33
4.36
4.4
4.42
4.44
4.45
4.48
4.52
4.55
4.58
4.63
4.65
4.65
4.68
4.68
4.69
4.73
4.75
4.75
4.77
4.79
4.82
4.82
4.85
4.89
4.9
4.91
4.95
4.98
5.01
5.04
5.07
5.11
5.11
5.11
5.12
5.12
5.12
5.15
5.15
5.17
5.17
5.19
5.22
5.22
5.25
5.31
5.35
5.38
5.44
5.45
5.46
5.48
5.5
5.51
5.53
5.53
5.55
5.6
5.62
5.66
5.67
5.71
5.73
5.79
5.79
5.81
5.83
5.87
5.89
5.91
5.94
5.95
5.97
5.99
6.02
6.03
6.05
6.05
6.07
6.1
6.14
6.19
6.23
6.24
6.26
6.31
6.33
6.33
6.36
6.38
6.42
6.44
6.46
6.51
6.57
6.58
6.61
6.65
6.68
6.7
6.72
6.77
6.78
6.79
6.81
6.83
6.85
6.87
6.89
6.9
6.93
6.95
6.98
7
7.04
7.09
7.11
7.15
7.18
7.2
7.22
7.25
7.31
7.33
7.41
7.46
7.51
7.55
7.56
7.61
7.63
7.68
7.73
7.77
7.77
7.81
7.81
7.85
7.87
7.89
7.93
7.96
7.97
7.98
7.99
8.03
8.06
8.09
8.13
8.18
8.21
8.24
8.28
8.34
8.38
8.47
8.53
8.61
8.64
8.68
8.74
8.78
8.83
8.85
8.91
8.94
8.95
8.99
9.02
9.06
9.09
9.19
9.24
9.31
9.38
9.43
9.49
9.52
9.55
9.59
9.68
9.73
9.77
9.87
9.92
9.96
9.97
10.1
10.12
10.17
10.3
10.38
10.41
10.47
10.51
10.58
10.67
10.78
10.83
10.93
11.03
11.14
11.2
11.26
11.31
11.42
11.47
11.6
11.71
11.82
11.88
11.91
12.03
12.1
12.2
12.3
12.46
12.52
12.61
12.69
12.8
12.91
13.14
13.23
13.32
13.48
13.56
13.69
13.85
14.07
14.22
14.42
14.59
14.77
14.98
15.23
15.46
15.72
16.08
16.41
16.65
17.32
17.84
18.45
19.04
20.05
21.36
23.71
25.46
28.11
31.2
40.72
