0.328
0.328
0.328
0.328
0.328
0.328
0.328
0.33
0.33
0.33
0.331
0.331
0.333
0.333
0.334
0.334
0.334
0.335
0.337
0.337
0.338
0.338
0.339
0.34
0.341
0.342
0.342
0.343
0.346
0.347
0.347
0.349
0.349
0.35
0.351
0.357
0.358
0.362
0.364
0.364
0.366
0.368
0.368
0.37
0.371
0.373
0.374
0.376
0.377
0.378
0.38
0.381
0.382
0.384
0.385
0.388
0.389
0.392
0.393
0.397
0.398
0.402
0.408
0.412
0.416
0.42
0.425
0.431
0.434
0.438
0.44
0.441
0.443
0.446
0.447
0.453
0.455
0.458
0.458
0.459
0.459
0.462
0.464
0.467
0.469
0.475
0.482
0.482
0.484
0.485
0.49
0.495
0.496
0.499
0.5
0.502
0.504
0.506
0.509
0.51
0.511
0.513
0.515
0.515
0.518
0.523
0.525
0.526
0.528
0.532
0.533
0.538
0.539
0.541
0.543
0.545
0.552
0.555
0.557
0.56
0.561
0.563
0.567
0.572
0.575
0.582
0.585
0.585
0.588
0.59
0.593
0.594
0.596
0.596
0.598
0.602
0.604
0.608
0.612
0.615
0.618
0.62
0.622
0.626
0.628
0.63
0.632
0.636
0.639
0.642
0.643
0.645
0.65
0.653
0.656
0.659
0.66
0.664
0.667
0.669
0.675
0.677
0.685
0.688
0.69
0.691
0.691
0.692
0.693
0.697
0.699
0.702
0.703
0.704
0.707
0.711
0.716
0.721
0.725
0.73
0.734
0.737
0.739
0.741
0.746
0.748
0.752
0.757
0.76
0.762
0.765
0.766
0.768
0.772
0.772
0.777
0.78
0.781
0.785
0.788
0.789
0.79
0.793
0.793
0.797
0.799
0.8
0.805
0.809
0.811
0.814
0.815
0.817
0.82
0.825
0.828
0.834
0.835
0.835
0.836
0.838
0.841
0.841
0.849
0.851
0.856
0.857
0.86
0.865
0.872
0.877
0.879
0.882
0.883
0.888
0.889
0.892
0.897
0.899
0.901
0.905
0.908
0.911
0.913
0.915
0.915
0.916
0.918
0.921
0.922
0.924
0.925
0.925
0.926
0.928
0.93
0.932
0.933
0.937
0.941
0.944
0.948
0.954
0.956
0.962
0.966
0.973
0.977
0.981
0.983
0.984
0.987
0.99
0.996
0.998
1.004
1.006
1.007
1.008
1.009
1.011
1.011
1.011
1.011
1.012
1.013
1.015
1.016
1.016
1.019
1.021
1.021
1.025
1.029
1.032
1.033
1.038
1.041
1.044
1.048
1.051
1.057
1.062
1.064
1.066
1.068
1.073
1.078
1.081
1.082
1.084
1.084
1.087
1.091
1.094
1.096
1.098
1.098
1.1
1.103
1.107
1.109
1.113
1.113
1.118
1.121
1.125
1.126
1.127
1.128
1.128
1.131
1.132
1.138
1.14
1.143
1.144
1.144
1.146
1.147
1.148
1.151
1.152
1.157
1.161
1.167
1.168
1.174
1.181
1.185
1.188
1.192
1.197
1.201
1.203
1.206
1.209
1.21
1.211
1.212
1.214
1.214
1.215
1.217
1.218
1.22
1.222
1.224
1.225
1.225
1.227
1.228
1.231
1.235
1.238
1.238
1.239
1.242
1.245
1.248
1.251
1.259
1.266
1.268
1.272
1.275
1.282
1.284
1.286
1.289
1.292
1.294
1.297
1.299
1.3
1.301
1.302
1.305
1.306
1.308
1.309
1.313
1.314
1.314
1.317
1.318
1.32
1.321
1.323
1.327
1.332
1.334
1.338
1.341
1.348
1.35
1.353
1.356
1.359
1.363
1.367
1.37
1.375
1.377
1.379
1.382
1.383
1.384
1.387
1.39
1.392
1.394
1.396
1.398
1.401
1.402
1.402
1.405
1.409
1.414
1.419
1.42
1.42
1.424
1.426
1.432
1.437
1.441
1.441
1.442
1.445
1.448
1.448
1.451
1.453
1.455
1.46
1.464
1.465
1.465
1.466
1.469
1.471
1.474
1.477
1.478
1.486
1.488
1.49
1.494
1.499
1.502
1.504
1.507
1.509
1.511
1.512
1.516
1.517
1.52
1.524
1.53
1.533
1.536
1.537
1.538
1.543
1.544
1.546
1.549
1.549
1.551
1.555
1.558
1.56
1.564
1.567
1.568
1.573
1.575
1.577
1.584
1.585
1.587
1.592
1.593
1.595
1.597
1.601
1.605
1.606
1.608
1.611
1.613
1.616
1.62
1.627
1.631
1.634
1.638
1.639
1.641
1.642
1.645
1.649
1.649
1.653
1.655
1.655
1.659
1.661
1.664
1.667
1.671
1.673
1.674
1.679
1.68
1.686
1.694
1.697
1.701
1.705
1.708
1.711
1.713
1.717
1.719
1.719
1.724
1.725
1.727
1.728
1.73
1.733
1.736
1.739
1.743
1.746
1.75
1.752
1.754
1.757
1.761
1.763
1.768
1.773
1.777
1.781
1.784
1.788
1.79
1.795
1.796
1.801
1.803
1.807
1.81
1.814
1.817
1.818
1.823
1.824
1.831
1.837
1.839
1.839
1.843
1.847
1.85
1.853
1.855
1.858
1.859
1.865
1.867
1.868
1.87
1.872
1.873
1.877
1.886
1.891
1.896
1.901
1.906
1.908
1.915
1.92
1.926
1.928
1.93
1.932
1.934
1.936
1.937
1.941
1.944
1.946
1.948
1.956
1.963
1.971
1.975
1.979
1.984
1.987
1.988
1.994
1.995
1.999
2.004
2.01
2.016
2.018
2.024
2.027
2.029
2.032
2.039
2.043
2.046
2.049
2.052
2.061
2.07
2.074
2.08
2.083
2.09
2.093
2.096
2.098
2.101
2.105
2.109
2.115
2.12
2.124
2.13
2.134
2.145
2.155
2.156
2.159
2.165
2.168
2.175
2.179
2.187
2.193
2.196
2.2
2.205
2.212
2.216
2.223
2.229
2.235
2.241
2.245
2.256
2.263
2.267
2.27
2.278
2.282
2.288
2.297
2.306
2.308
2.312
2.318
2.326
2.335
2.342
2.349
2.353
2.366
2.37
2.377
2.39
2.396
2.404
2.406
2.415
2.424
2.432
2.441
2.451
2.464
2.471
2.481
2.491
2.496
2.502
2.514
2.523
2.536
2.544
2.551
2.562
2.579
2.589
2.602
2.61
2.617
2.627
2.635
2.65
2.671
2.684
2.699
2.713
2.736
2.75
2.772
2.795
2.824
2.852
2.888
2.927
2.966
3.005
3.05
3.115
3.175
3.285
3.49
3.845
