0.1
0.18
0.36
0.53
0.64
0.76
0.87
0.97
1
1.03
1.08
1.12
1.16
1.23
1.28
1.32
1.36
1.41
1.48
1.52
1.55
1.59
1.66
1.71
1.77
1.81
1.85
1.9
1.91
1.96
1.98
2.05
2.06
2.11
2.15
2.16
2.18
2.18
2.2
2.22
2.25
2.29
2.35
2.41
2.44
2.45
2.47
2.51
2.55
2.57
2.59
2.63
2.66
2.68
2.72
2.78
2.82
2.87
2.92
2.95
2.99
3.01
3.02
3.04
3.07
3.1
3.1
3.12
3.14
3.16
3.16
3.17
3.19
3.21
3.27
3.33
3.39
3.48
3.49
3.52
3.59
3.67
3.74
3.76
3.81
3.89
3.93
3.95
3.97
3.98
3.98
3.99
4.02
4.06
4.07
4.09
4.11
4.12
4.16
4.25
4.27
4.33
4.36
4.39
4.4
4.42
4.43
4.48
4.54
4.56
4.6
4.63
4.71
4.74
4.77
4.82
4.86
4.91
4.93
4.95
5.04
5.09
5.13
5.15
5.18
5.19
5.2
5.22
5.26
5.27
5.29
5.32
5.37
5.41
5.43
5.48
5.51
5.57
5.64
5.68
5.7
5.75
5.78
5.81
5.87
5.91
5.98
6.04
6.07
6.09
6.1
6.12
6.15
6.18
6.18
6.21
6.23
6.25
6.28
6.28
6.31
6.34
6.37
6.39
6.41
6.42
6.43
6.49
6.5
6.58
6.63
6.67
6.72
6.74
6.82
6.86
6.91
6.98
7
7.03
7.04
7.04
7.04
7.07
7.08
7.09
7.12
7.13
7.14
7.16
7.21
7.22
7.25
7.28
7.31
7.34
7.35
7.39
7.45
7.48
7.55
7.57
7.6
7.71
7.77
7.77
7.79
7.82
7.84
7.88
7.91
7.94
7.94
7.96
7.97
7.98
8
8
8.02
8.04
8.05
8.06
8.1
8.16
8.2
8.26
8.29
8.3
8.33
8.35
8.4
8.44
8.49
8.56
8.57
8.61
8.67
8.7
8.74
8.74
8.75
8.76
8.77
8.79
8.81
8.82
8.82
8.84
8.84
8.85
8.88
8.9
8.95
8.96
8.98
9.01
9.04
9.07
9.11
9.12
9.15
9.19
9.23
9.28
9.33
9.35
9.37
9.38
9.41
9.48
9.49
9.54
9.58
9.6
9.6
9.61
9.62
9.66
9.67
9.67
9.72
9.74
9.75
9.76
9.76
9.76
9.77
9.79
9.81
9.84
9.88
9.9
9.92
9.97
9.99
10.03
10.05
10.1
10.12
10.17
10.24
10.24
10.26
10.29
10.32
10.35
10.38
10.42
10.45
10.47
10.48
10.49
10.51
10.52
10.56
10.56
10.56
10.58
10.59
10.6
10.61
10.61
10.61
10.64
10.67
10.72
10.75
10.77
10.8
10.84
10.86
10.93
10.94
10.98
11.01
11.03
11.04
11.07
11.1
11.15
11.19
11.21
11.22
11.26
11.27
11.27
11.29
11.31
11.32
11.34
11.34
11.35
11.36
11.37
11.37
11.38
11.4
11.45
11.46
11.48
11.5
11.51
11.53
11.54
11.55
11.62
11.65
11.66
11.68
11.7
11.74
11.77
11.83
11.87
11.92
11.98
12
12.03
12.05
12.08
12.09
12.1
12.11
12.15
12.15
12.18
12.19
12.19
12.2
12.2
12.2
12.21
12.26
12.27
12.27
12.3
12.32
12.33
12.35
12.37
12.38
12.4
12.44
12.47
12.49
12.52
12.55
12.6
12.61
12.63
12.66
12.67
12.69
12.75
12.77
12.8
12.85
12.88
12.92
12.93
12.94
12.94
12.98
12.99
12.99
13.01
13.02
13.03
13.04
13.04
13.05
13.06
13.09
13.1
13.13
13.13
13.15
13.19
13.2
13.23
13.26
13.28
13.32
13.36
13.39
13.45
13.47
13.51
13.52
13.52
13.56
13.58
13.61
13.65
13.67
13.7
13.74
13.74
13.74
13.76
13.77
13.77
13.8
13.81
13.83
13.84
13.85
13.88
13.91
13.91
13.91
13.93
13.93
13.96
13.99
14.02
14.05
14.07
14.11
14.11
14.15
14.17
14.21
14.25
14.3
14.33
14.34
14.35
14.39
14.39
14.43
14.48
14.48
14.51
14.51
14.51
14.52
14.54
14.56
14.56
14.58
14.59
14.6
14.62
14.64
14.68
14.71
14.73
14.75
14.77
14.8
14.82
14.82
14.84
14.87
14.89
14.89
14.97
15
15.03
15.06
15.08
15.1
15.11
15.16
15.18
15.19
15.19
15.21
15.23
15.24
15.26
15.27
15.3
15.32
15.33
15.35
15.35
15.4
15.41
15.43
15.46
15.47
15.49
15.5
15.53
15.55
15.57
15.64
15.67
15.69
15.73
15.75
15.78
15.79
15.82
15.84
15.87
15.9
15.93
15.94
15.95
15.97
15.99
16.01
16.03
16.04
16.05
16.08
16.09
16.14
16.15
16.16
16.18
16.19
16.19
16.23
16.26
16.28
16.3
16.32
16.33
16.35
16.4
16.46
16.53
16.57
16.6
16.6
16.62
16.63
16.65
16.67
16.69
16.71
16.72
16.78
16.79
16.82
16.84
16.85
16.86
16.88
16.89
16.89
16.89
16.92
16.92
16.95
16.97
16.99
16.99
17.04
17.07
17.08
17.12
17.14
17.18
17.23
17.24
17.26
17.28
17.3
17.34
17.38
17.4
17.41
17.42
17.45
17.45
17.46
17.49
17.49
17.51
17.53
17.55
17.57
17.6
17.6
17.63
17.64
17.68
17.7
17.74
17.78
17.8
17.83
17.85
17.88
17.9
17.94
17.97
18.01
18.01
18.02
18.03
18.06
18.09
18.1
18.11
18.12
18.15
18.18
18.22
18.23
18.28
18.33
18.34
18.34
18.36
18.38
18.38
18.41
18.42
18.44
18.44
18.45
18.45
18.47
18.51
18.57
18.59
18.63
18.66
18.7
18.72
18.75
18.79
18.81
18.86
18.89
18.94
18.99
19.02
19.03
19.07
19.07
19.08
19.08
19.12
19.13
19.15
19.15
19.15
19.17
19.17
19.18
19.21
19.21
19.24
19.26
19.28
19.3
19.35
19.39
19.42
19.45
19.47
19.51
19.54
19.59
19.59
19.59
19.66
19.68
19.77
19.81
19.85
19.86
19.87
19.88
19.89
19.94
19.95
19.97
20
20.01
20.04
20.04
20.06
20.08
20.1
20.1
20.11
20.15
20.17
20.2
20.21
20.22
20.24
20.29
20.3
20.33
20.38
20.44
20.47
20.55
20.59
20.63
20.67
20.7
20.71
20.71
20.73
20.74
20.75
20.75
20.78
20.79
20.8
20.85
20.89
20.94
20.97
20.99
21.01
21.02
21.07
21.11
21.14
21.18
21.19
21.2
21.26
21.29
21.32
21.34
21.36
21.36
21.42
21.46
21.48
21.52
21.55
21.57
21.6
21.61
21.63
21.65
21.72
21.74
21.8
21.83
21.83
21.85
21.87
21.92
21.94
21.96
21.98
22
22.04
22.06
22.1
22.15
22.18
22.23
22.25
22.27
22.33
22.34
22.39
22.44
22.47
22.5
22.51
22.56
22.56
22.61
22.65
22.71
22.75
22.76
22.78
22.8
22.86
22.86
22.88
22.89
22.96
22.99
23.02
23.04
23.07
23.07
23.11
23.16
23.18
23.25
23.26
23.28
23.32
23.37
23.43
23.47
23.52
23.57
23.6
23.63
23.7
23.74
23.75
23.75
23.8
23.83
23.86
23.9
23.95
23.99
24.03
24.07
24.08
24.11
24.15
24.19
24.23
24.28
24.35
24.38
24.4
24.44
24.48
24.51
24.58
24.61
24.64
24.67
24.7
24.77
24.79
24.84
24.88
24.88
24.91
24.98
25.01
25.07
25.13
25.16
25.25
25.32
25.4
25.44
25.48
25.55
25.59
25.63
25.67
25.7
25.74
25.76
25.82
25.9
25.96
26.01
26.08
26.15
26.22
26.28
26.3
26.35
26.4
26.47
26.51
26.58
26.64
26.72
26.76
26.8
26.86
26.93
27
27.09
27.19
27.28
27.35
27.39
27.46
27.52
27.53
27.62
27.72
27.82
27.87
27.96
28.04
28.14
28.17
28.29
28.34
28.44
28.53
28.6
28.67
28.75
28.81
28.92
29
29.13
29.19
29.29
29.37
29.47
29.58
29.64
29.74
29.93
29.99
30.12
30.26
30.32
30.45
30.6
30.72
30.87
30.99
31.05
31.22
31.39
31.48
31.65
31.87
31.99
32.15
32.37
32.59
32.79
33.04
33.27
33.51
33.82
34.14
34.44
34.82
35.38
36.01
36.61
37.6
39.49
41.5
