0.148337
0.148337
0.150127
0.150127
0.150843
0.150843
0.151534
0.151534
0.152246
0.152246
0.15228
0.15228
0.152362
0.152362
0.152444
0.152444
0.152659
0.152659
0.153008
0.153008
0.153315
0.153315
0.153317
0.153317
0.15336
0.15336
0.1541
0.1541
0.154814
0.154814
0.156067
0.156067
0.15613
0.15613
0.156284
0.156284
0.156462
0.156462
0.157246
0.157246
0.157303
0.157303
0.157748
0.158581
0.158581
0.158831
0.158831
0.161105
0.161105
0.162435
0.162435
0.163535
0.163535
0.163669
0.163669
0.164532
0.164532
0.164879
0.164879
0.165877
0.165877
0.166183
0.166183
0.166517
0.166517
0.166883
0.166883
0.167989
0.167989
0.169758
0.169758
0.170138
0.172241
0.172241
0.173103
0.173103
0.173621
0.173621
0.175422
0.175422
0.175443
0.175443
0.17546
0.17546
0.17683
0.17683
0.177121
0.177121
0.177546
0.178343
0.178343
0.183213
0.183213
0.185165
0.185165
0.186893
0.187197
0.187197
0.188433
0.189683
0.189683
0.190147
0.190147
0.190507
0.190507
0.190508
0.190508
0.192617
0.192617
0.195053
0.195053
0.19626
0.19626
0.196261
0.19698
0.19698
0.19802
0.19802
0.199139
0.199139
0.200303
0.20108
0.202086
0.202086
0.20414
0.20414
0.204552
0.204552
0.204663
0.204663
0.205217
0.205217
0.205603
0.205603
0.206346
0.206346
0.206673
0.206864
0.206864
0.207794
0.207794
0.208054
0.208054
0.20818
0.20818
0.208959
0.208959
0.209145
0.209715
0.209715
0.210008
0.210008
0.210197
0.210197
0.210258
0.210258
0.210407
0.210407
0.210462
0.210462
0.211648
0.211648
0.211948
0.211948
0.213381
0.213381
0.214037
0.214178
0.214691
0.214691
0.215576
0.215576
0.216449
0.216449
0.21658
0.21658
0.216855
0.217787
0.217787
0.217843
0.217843
0.218185
0.218501
0.218501
0.218964
0.218964
0.219483
0.219483
0.220829
0.220829
0.220863
0.220863
0.222201
0.222201
0.223051
0.223051
0.223989
0.223989
0.224429
0.224429
0.224455
0.224455
0.226296
0.226748
0.227089
0.227089
0.227117
0.227117
0.227542
0.227542
0.227599
0.227651
0.227719
0.227719
0.228132
0.228132
0.228411
0.228411
0.228566
0.228566
0.229611
0.229747
0.229747
0.230658
0.230658
0.231704
0.231704
0.232161
0.232642
0.23282
0.233972
0.234209
0.234209
0.23552
0.23552
0.236322
0.23669
0.237137
0.237137
0.237235
0.237235
0.237351
0.237351
0.237466
0.237466
0.237639
0.237639
0.237737
0.237737
0.238485
0.238913
0.239006
0.239006
0.240037
0.24046
0.241655
0.241655
0.24188
0.24188
0.242103
0.242103
0.242194
0.242194
0.2423
0.2423
0.243255
0.243255
0.243397
0.243397
0.243425
0.243425
0.243634
0.243634
0.243853
0.243853
0.24386
0.243861
0.243861
0.243984
0.244486
0.244732
0.244732
0.245036
0.245047
0.245282
0.245282
0.245451
0.246569
0.246569
0.246897
0.246897
0.247659
0.247659
0.247724
0.247961
0.247961
0.248217
0.248217
0.248841
0.248841
0.248869
0.248869
0.24998
0.24998
0.25025
0.25025
0.250591
0.251318
0.251841
0.251841
0.252648
0.252648
0.252898
0.253091
0.253123
0.253123
0.253129
0.253129
0.25431
0.254429
0.254429
0.25455
0.25455
0.255138
0.255138
0.256733
0.256733
0.257439
0.257439
0.257716
0.258061
0.258061
0.258285
0.258285
0.258349
0.258349
0.258396
0.258396
0.258999
0.258999
0.259018
0.259018
0.25906
0.261085
0.261085
0.261353
0.262302
0.262302
0.262397
0.262397
0.262638
0.262827
0.262827
0.263547
0.264467
0.264771
0.264875
0.265446
0.265446
0.265499
0.267513
0.267513
0.268096
0.268679
0.26929
0.26929
0.270427
0.270718
0.270718
0.271031
0.271031
0.271066
0.271555
0.271555
0.272891
0.272891
0.275442
0.275442
0.276273
0.276273
0.276465
0.276465
0.277295
0.277295
0.277444
0.277755
0.278298
0.278501
0.278501
0.278514
0.278514
0.278547
0.278547
0.279617
0.279617
0.279992
0.284556
0.284556
0.284576
0.285945
0.285945
0.286292
0.286292
0.28632
0.286745
0.286749
0.286749
0.287562
0.287562
0.287563
0.287563
0.287969
0.287969
0.288142
0.288142
0.288722
0.288722
0.288859
0.288859
0.288927
0.29149
0.29149
0.291608
0.291608
0.292066
0.292066
0.292682
0.292682
0.293055
0.293512
0.293512
0.293709
0.293709
0.293822
0.294361
0.294361
0.294564
0.294886
0.294886
0.296051
0.296243
0.296243
0.296472
0.29767
0.297769
0.297769
0.298516
0.298516
0.300331
0.300347
0.300621
0.300621
0.300801
0.300949
0.303016
0.303441
0.303989
0.303994
0.303994
0.304102
0.304102
0.304913
0.304954
0.304954
0.305096
0.306861
0.30694
0.30694
0.307165
0.308796
0.308805
0.309734
0.310665
0.310665
0.311519
0.312698
0.313207
0.314731
0.315592
0.316903
0.316903
0.31696
0.31696
0.318347
0.319648
0.319847
0.319982
0.320281
0.321362
0.321851
0.321851
0.32416
0.32416
0.324881
0.324881
0.325579
0.325772
0.326158
0.326158
0.3265
0.326689
0.326689
0.327347
0.327468
0.328071
0.328197
0.32856
0.32883
0.329231
0.330315
0.331039
0.331039
0.331458
0.332061
0.332061
0.333124
0.333977
0.333977
0.334039
0.334524
0.334525
0.334863
0.33555
0.335991
0.335991
0.33608
0.33608
0.336293
0.336596
0.337004
0.337004
0.337678
0.337895
0.337895
0.338171
0.338171
0.339013
0.339048
0.339736
0.340858
0.340858
0.340949
0.340949
0.341391
0.341657
0.342057
0.342057
0.342366
0.342366
0.34254
0.34254
0.343172
0.343172
0.34335
0.34335
0.345912
0.345912
0.346455
0.347304
0.347304
0.348568
0.348568
0.349623
0.351535
0.351827
0.352006
0.352484
0.352484
0.35346
0.35357
0.355056
0.355056
0.355718
0.355791
0.355791
0.355913
0.355913
0.356346
0.356346
0.356465
0.356538
0.356538
0.357674
0.357674
0.358015
0.358015
0.360561
0.360561
0.36077
0.36077
0.360859
0.360859
0.361077
0.361101
0.361291
0.361291
0.361488
0.361488
0.361543
0.363199
0.363199
0.363967
0.364138
0.364224
0.364603
0.364631
0.365158
0.365746
0.365837
0.366152
0.366152
0.36629
0.366645
0.366645
0.368052
0.368605
0.369346
0.369346
0.369347
0.369389
0.369787
0.369942
0.370087
0.370896
0.370896
0.371273
0.371273
0.372603
0.372603
0.372625
0.373513
0.373513
0.373837
0.373837
0.374055
0.374489
0.374747
0.374871
0.376604
0.376604
0.377694
0.378801
0.378801
0.38016
0.380397
0.381149
0.381149
0.381827
0.381827
0.382149
0.382313
0.382313
0.382422
0.382718
0.382718
0.383355
0.383355
0.384107
0.384107
0.38446
0.38446
0.384586
0.384968
0.38497
0.385226
0.386466
0.38675
0.386833
0.386938
0.387118
0.38731
0.387355
0.389141
0.39042
0.39042
0.390607
0.390787
0.391892
0.391892
0.394095
0.394095
0.394274
0.394274
0.395146
0.395285
0.396553
0.396553
0.396559
0.397914
0.397988
0.398036
0.398407
0.398407
0.398663
0.399141
0.400237
0.400848
0.401364
0.40138
0.401667
0.401727
0.401727
0.402359
0.402516
0.402516
0.403981
0.404608
0.404909
0.404909
0.405087
0.405087
0.405668
0.406863
0.406863
0.408107
0.408107
0.40897
0.410349
0.410349
0.410636
0.412331
0.413138
0.413519
0.413817
0.414795
0.416898
0.41785
0.418434
0.418884
0.41905
0.419345
0.419897
0.420306
0.420501
0.420501
0.422825
0.42298
0.423251
0.425349
0.425822
0.425979
0.425979
0.426056
0.4269
0.427029
0.427333
0.4296
0.431351
0.432012
0.436769
0.438996
0.438996
0.439151
0.439151
0.439415
0.440703
0.44099
0.44099
0.444085
0.444563
0.445521
0.446594
0.447099
0.447306
0.447557
0.447557
0.447628
0.447691
0.447852
0.448007
0.448007
0.448956
0.449235
0.449569
0.450226
0.450847
0.451389
0.451389
0.453854
0.454199
0.454253
0.45462
0.455723
0.456763
0.457426
0.457426
0.461285
0.461721
0.463311
0.463311
0.463361
0.463361
0.463378
0.466059
0.467854
0.467854
0.469211
0.469369
0.471382
0.472541
0.473681
0.47552
0.475886
0.475886
0.476513
0.477845
0.477845
0.478456
0.482271
0.483965
0.484734
0.484734
0.486493
0.486493
0.487005
0.488249
0.489501
0.489501
0.489767
0.48978
0.489818
0.491455
0.491455
0.491934
0.494073
0.4948
0.494958
0.49496
0.49496
0.497881
0.498433
0.500081
0.500126
0.501455
0.501511
0.501511
0.50153
0.501788
0.502078
0.50287
0.503263
0.503366
0.503587
0.503606
0.503606
0.506485
0.507651
0.507651
0.508594
0.508895
0.509301
0.509868
0.510114
0.511912
0.512123
0.514884
0.515196
0.516165
0.518455
0.51879
0.520189
0.521192
0.522089
0.523406
0.523594
0.524638
0.524908
0.524908
0.525567
0.525824
0.526493
0.526603
0.528303
0.528303
0.53043
0.530902
0.534723
0.534986
0.536246
0.536246
0.536736
0.541342
0.541342
0.542659
0.545246
0.545768
0.546229
0.546229
0.546584
0.547802
0.548617
0.550294
0.550423
0.550423
0.552994
0.553071
0.553071
0.555719
0.555719
0.556876
0.556876
0.558005
0.559622
0.560364
0.566539
0.572845
0.574368
0.575723
0.577847
0.585285
0.585285
0.587618
0.590267
0.590497
0.593481
0.595447
0.596064
0.597969
0.597969
0.599058
0.600838
0.604297
0.606231
0.608661
0.609576
0.612038
0.612809
0.614141
0.617325
0.619755
0.623626
0.626664
0.628077
0.62867
0.629727
0.636888
0.640118
0.640119
0.640381
0.640381
0.645981
0.652525
0.66185
0.663398
0.669636
0.671919
0.676841
0.692439
0.694983
0.69566
0.697657
0.697657
0.70081
0.704385
0.707891
0.710488
0.718705
0.718705
0.720046
0.724646
0.724646
0.727539
0.731839
0.733013
0.733285
0.735989
0.753294
0.759569
0.762399
0.763673
0.763673
0.765032
0.770822
0.771843
0.782391
0.783206
0.7853
0.787211
0.791789
0.792
0.79496
0.796257
0.803433
0.803809
0.818432
0.830249
0.8435
0.848644
0.862241
0.863816
0.863816
0.86424
0.872376
0.892328
0.93334
0.933764
0.941034
0.942995
1.18204
1.20146
