0.328
0.328
0.328
0.328
0.328
0.328
0.328
0.33
0.33
0.331
0.332
0.332
0.334
0.335
0.337
0.337
0.341
0.341
0.345
0.348
0.352
0.356
0.359
0.36
0.364
0.366
0.37
0.374
0.377
0.384
0.391
0.394
0.398
0.401
0.406
0.411
0.421
0.428
0.434
0.448
0.455
0.458
0.466
0.48
0.486
0.493
0.504
0.513
0.523
0.527
0.54
0.55
0.554
0.563
0.569
0.577
0.588
0.598
0.608
0.62
0.629
0.639
0.65
0.666
0.678
0.689
0.7
0.715
0.726
0.739
0.749
0.758
0.772
0.786
0.799
0.821
0.838
0.851
0.863
0.875
0.888
0.902
0.921
0.943
0.955
0.974
0.992
1.009
1.023
1.037
1.053
1.067
1.089
1.104
1.124
1.144
1.163
1.18
1.191
1.207
1.227
1.25
1.27
1.283
1.302
1.321
1.343
1.365
1.379
1.399
1.417
1.443
1.466
1.488
1.512
1.528
1.552
1.576
1.604
1.635
1.666
1.699
1.733
1.772
1.819
1.869
1.902
1.948
1.983
2.038
2.09
2.137
2.204
2.262
2.333
2.423
2.522
2.622
2.89
3.129
3.333
3.469
3.587
3.685
3.876
4.479
4.862
4.975
5.122
5.29
