0.236765
0.236765
0.263844
0.263844
0.308177
0.308177
0.32522
0.32522
0.327008
0.327008
0.334185
0.334185
0.345124
0.345124
0.354342
0.354342
0.358436
0.358436
0.371668
0.371668
0.397272
0.397272
0.440369
0.444939
0.444939
0.448843
0.448843
0.452583
0.452583
0.459819
0.459819
0.475807
0.475807
0.489337
0.489337
0.503064
0.503064
0.506275
0.506275
0.507466
0.513108
0.513108
0.52403
0.52403
0.532382
0.532382
0.554714
0.558657
0.56213
0.56213
0.57874
0.582266
0.623434
0.623434
0.639195
0.639195
0.642596
0.643691
0.655327
0.655327
0.65966
0.65966
0.673182
0.673182
0.678975
0.693898
0.699743
0.701467
0.720388
0.720388
0.741784
0.754534
0.754534
0.766487
0.766487
0.780397
0.795303
0.806548
0.837003
0.842304
0.848152
0.865107
0.865107
0.88261
0.910012
0.916885
0.916885
0.917561
0.924789
0.92747
0.92747
0.928312
0.931125
0.938426
0.939849
0.939849
0.946606
0.946606
0.952623
0.97606
0.994072
1.00248
1.01313
1.02428
1.02882
1.02882
1.05486
1.05893
1.06079
1.06079
1.07128
1.09808
1.09808
1.10083
1.10083
1.1077
1.113
1.12044
1.15165
1.16956
1.17172
1.17786
1.17786
1.18297
1.19794
1.21235
1.21235
1.22579
1.22579
1.23878
1.23878
1.28372
1.29071
1.30099
1.31429
1.32152
1.3374
1.36011
1.36252
1.44381
1.46226
1.50069
1.57764
1.62059
1.7065
1.70741
1.72713
1.7838
2.01776
2.01776
