0.328
0.328
0.328
0.328
0.328
0.328
0.328
0.328
0.329
0.329
0.329
0.33
0.331
0.332
0.332
0.333
0.333
0.333
0.335
0.337
0.337
0.338
0.339
0.34
0.344
0.346
0.347
0.356
0.363
0.365
0.367
0.369
0.371
0.374
0.376
0.381
0.384
0.387
0.391
0.397
0.405
0.41
0.418
0.425
0.435
0.442
0.449
0.46
0.464
0.473
0.476
0.479
0.488
0.496
0.497
0.503
0.51
0.514
0.522
0.531
0.537
0.543
0.548
0.553
0.565
0.576
0.59
0.603
0.612
0.62
0.627
0.639
0.646
0.655
0.665
0.669
0.674
0.685
0.696
0.706
0.712
0.731
0.741
0.747
0.76
0.775
0.783
0.793
0.8
0.81
0.818
0.831
0.845
0.854
0.865
0.872
0.882
0.89
0.9
0.911
0.921
0.933
0.945
0.948
0.962
0.97
0.98
0.991
0.997
1.006
1.012
1.025
1.036
1.05
1.06
1.065
1.07
1.082
1.089
1.097
1.107
1.12
1.136
1.145
1.157
1.169
1.181
1.19
1.198
1.216
1.226
1.238
1.248
1.261
1.277
1.288
1.296
1.316
1.326
1.341
1.354
1.372
1.389
1.404
1.422
1.439
1.454
1.471
1.484
1.509
1.532
1.555
1.57
1.593
1.615
1.645
1.665
1.694
1.721
1.74
1.774
1.802
1.824
1.843
1.871
1.891
1.923
1.936
1.957
1.985
2.013
2.04
2.066
2.108
2.137
2.168
2.209
2.243
2.285
2.331
2.378
2.438
2.498
2.583
2.666
2.734
2.817
2.875
2.94
3.015
3.09
3.212
3.387
3.602
3.797
4.101
4.64
4.916
5.097
5.217
