0.151068
0.151068
0.166439
0.166439
0.178969
0.178969
0.227689
0.227689
0.248747
0.248747
0.256626
0.256626
0.259667
0.259667
0.274102
0.274102
0.274864
0.274864
0.279136
0.279136
0.286737
0.286737
0.302606
0.302606
0.306771
0.306771
0.312539
0.312539
0.313651
0.313651
0.319551
0.319551
0.321735
0.321735
0.326251
0.326251
0.339278
0.339278
0.33945
0.33945
0.356879
0.356879
0.358321
0.358781
0.358781
0.365393
0.36559
0.36559
0.368494
0.368494
0.371164
0.371164
0.377888
0.377888
0.37902
0.37902
0.379692
0.379692
0.383408
0.383408
0.399274
0.399274
0.407388
0.409853
0.409853
0.410432
0.410432
0.41107
0.41107
0.42002
0.426132
0.426132
0.428421
0.441785
0.441785
0.442694
0.442694
0.443537
0.443537
0.451326
0.451326
0.453964
0.459926
0.459926
0.464046
0.464838
0.473007
0.476084
0.476084
0.478463
0.480063
0.485164
0.485164
0.492827
0.492827
0.494995
0.494995
0.506783
0.506783
0.5098
0.512006
0.532401
0.532401
0.53742
0.53742
0.538856
0.540711
0.540711
0.542673
0.542673
0.54315
0.545933
0.545933
0.560168
0.560168
0.565052
0.565052
0.571516
0.576784
0.576784
0.580484
0.580484
0.58336
0.58336
0.588435
0.593536
0.597078
0.59717
0.59717
0.600419
0.600419
0.618786
0.625478
0.626715
0.627094
0.627094
0.637266
0.639116
0.639939
0.656843
0.658408
0.663871
0.663871
0.668218
0.676185
0.676185
0.681439
0.690104
0.690104
0.698231
0.708016
0.713231
0.713231
0.713248
0.714837
0.718968
0.730939
0.730939
0.731686
0.731686
0.731884
0.735876
0.735876
0.73615
0.73615
0.748545
0.748545
0.752034
0.758118
0.762775
0.762775
0.766096
0.766646
0.767811
0.767848
0.767848
0.772496
0.778481
0.785933
0.788147
0.790564
0.793302
0.804851
0.804851
0.822913
0.825631
0.850566
0.855883
0.868802
0.87213
0.87213
0.878385
0.878675
0.879182
0.887247
0.888714
0.904456
0.915229
0.918615
0.928806
0.958789
0.959328
0.959328
0.965447
0.985394
0.985394
1.01002
1.01002
1.01179
1.01944
1.04245
1.05123
1.05536
1.06913
1.07379
1.07379
1.08915
1.10337
1.10602
1.11314
1.11329
1.12699
1.14462
1.14462
1.15376
1.15376
1.16458
1.16529
1.1817
1.21403
1.21403
1.2197
1.24269
1.27267
1.27267
1.28057
1.2813
1.29787
1.30906
1.30962
1.31432
1.35006
1.35006
1.35861
1.37645
1.40149
1.42791
1.47033
1.67286
1.77995
