0.04
0.14
0.22
0.33
0.41
0.48
0.54
0.66
0.77
0.79
0.81
0.83
0.84
0.85
0.9
0.91
0.91
0.93
0.93
0.94
0.97
1.0
1.02
1.03
1.07
1.09
1.1
1.11
1.14
1.16
1.21
1.21
1.22
1.24
1.26
1.27
1.28
1.32
1.34
1.42
1.45
1.45
1.48
1.5
1.53
1.58
1.64
1.66
1.68
1.72
1.73
1.74
1.74
1.75
1.76
1.76
1.77
1.78
1.78
1.78
1.79
1.8
1.81
1.82
1.86
1.88
1.92
1.95
2.0
2.03
2.08
2.08
2.09
2.12
2.13
2.14
2.14
2.2
2.22
2.25
2.25
2.26
2.27
2.3
2.34
2.37
2.41
2.44
2.46
2.48
2.5
2.51
2.52
2.54
2.55
2.55
2.6
2.62
2.64
2.68
2.72
2.75
2.76
2.79
2.84
2.86
2.91
2.96
3.01
3.04
3.08
3.09
3.11
3.15
3.15
3.16
3.18
3.19
3.22
3.22
3.25
3.25
3.25
3.26
3.26
3.29
3.32
3.34
3.37
3.4
3.53
3.57
3.64
3.66
3.68
3.71
3.74
3.74
3.74
3.75
3.79
3.81
3.83
3.84
3.86
3.88
3.9
3.96
3.98
4.01
4.06
4.11
4.17
4.24
4.29
4.35
4.36
4.4
4.45
4.48
4.5
4.51
4.53
4.55
4.56
4.56
4.58
4.61
4.65
4.7
4.74
4.77
4.85
4.88
4.92
4.97
5.03
5.09
5.15
5.23
5.27
5.28
5.3
5.33
5.33
5.34
5.35
5.36
5.41
5.43
5.48
5.56
5.61
5.66
5.69
5.8
5.85
5.96
6.01
6.04
6.08
6.12
6.16
6.21
6.23
6.25
6.29
6.35
6.38
6.43
6.47
6.56
6.65
6.68
6.71
6.81
6.82
6.89
6.95
7.01
7.07
7.11
7.17
7.25
7.36
7.4
7.45
7.48
7.56
7.61
7.68
7.79
7.87
7.95
8.04
8.1
8.13
8.2
8.27
8.33
8.4
8.48
8.55
8.63
8.74
8.82
8.93
9.03
9.1
9.14
9.23
9.35
9.44
9.52
9.6
9.69
9.75
9.81
9.9
9.95
10.07
10.12
10.36
10.48
10.58
10.67
10.74
10.84
10.97
11.08
11.19
11.39
11.5
11.63
11.77
11.95
12.17
12.36
12.55
12.76
13.04
13.32
13.61
13.95
14.3
14.63
14.96
15.32
15.64
16.0
16.4
16.78
17.11
17.61
18.0
18.68
19.65
20.59
23.75
31.59
