0.153925
0.153925
0.170127
0.170127
0.180225
0.180359
0.189243
0.190047
0.198722
0.201501
0.209113
0.210035
0.217646
0.218815
0.224674
0.227694
0.232048
0.233479
0.237668
0.239788
0.245718
0.247327
0.250876
0.252788
0.256206
0.257947
0.261958
0.26456
0.267817
0.269396
0.271886
0.275056
0.277273
0.279675
0.28159
0.28453
0.287597
0.29026
0.292979
0.294842
0.297502
0.299695
0.302268
0.304078
0.306414
0.308676
0.310989
0.313254
0.316301
0.318487
0.320859
0.323249
0.325433
0.327535
0.330378
0.332133
0.33476
0.336448
0.338769
0.339995
0.342826
0.344679
0.346903
0.348716
0.350836
0.353044
0.35493
0.357418
0.359469
0.362206
0.364677
0.367265
0.36995
0.372599
0.375075
0.376924
0.37938
0.381908
0.38473
0.387561
0.390216
0.393777
0.395726
0.398201
0.400497
0.402397
0.405199
0.40783
0.410223
0.413281
0.416018
0.418332
0.421234
0.423796
0.427309
0.430676
0.433298
0.43645
0.439743
0.442518
0.445218
0.448337
0.450879
0.453812
0.456413
0.458959
0.462212
0.464446
0.467268
0.46982
0.471936
0.474667
0.476571
0.47901
0.480922
0.482707
0.484894
0.487414
0.488722
0.490448
0.492229
0.494291
0.49633
0.498534
0.500542
0.502892
0.505021
0.507142
0.50966
0.512323
0.514474
0.516819
0.519028
0.520983
0.523169
0.525505
0.528037
0.530145
0.53255
0.535275
0.536976
0.539432
0.541424
0.543477
0.54583
0.54809
0.550217
0.552871
0.555313
0.557589
0.560896
0.563456
0.566305
0.569048
0.571811
0.575187
0.578336
0.581714
0.584849
0.587528
0.590527
0.594044
0.597078
0.599945
0.603673
0.60653
0.609761
0.612977
0.616157
0.619097
0.621856
0.625001
0.628171
0.631036
0.63355
0.636648
0.63873
0.641716
0.644379
0.647068
0.650137
0.652531
0.654555
0.657565
0.659719
0.661391
0.664016
0.666519
0.668833
0.671717
0.674119
0.676951
0.679827
0.682083
0.684657
0.687202
0.689638
0.692865
0.695076
0.697489
0.700015
0.702642
0.705199
0.708724
0.7115
0.714517
0.717592
0.720279
0.723062
0.725423
0.729205
0.73219
0.735687
0.738524
0.741395
0.744838
0.747688
0.750443
0.75372
0.757101
0.761104
0.76505
0.76928
0.772245
0.775426
0.779131
0.782382
0.786553
0.790583
0.794247
0.797365
0.80207
0.806644
0.810344
0.81456
0.819976
0.82494
0.829663
0.834825
0.839245
0.842983
0.84762
0.851564
0.857212
0.862638
0.868482
0.873164
0.878918
0.884714
0.889875
0.894964
0.902396
0.908509
0.914632
0.922939
0.928718
0.936605
0.94362
0.951212
0.960352
0.967175
0.974693
0.982905
0.990831
1.0007
1.01083
1.02138
1.03106
1.04065
1.05104
1.06056
1.07242
1.08496
1.09527
1.10537
1.11788
1.13009
1.14406
1.16081
1.17495
1.18739
1.19924
1.21191
1.22354
1.2327
1.24107
1.25006
1.26
1.27495
1.29008
1.30639
1.33473
1.35713
1.38063
1.40772
1.44216
1.48967
1.62869
1.92756
2.15035
