0.144521
0.144521
0.156157
0.15617
0.162609
0.162816
0.169708
0.170177
0.177028
0.177849
0.183486
0.18523
0.191382
0.195186
0.200081
0.202664
0.20648
0.209232
0.214141
0.216663
0.221124
0.222714
0.226857
0.228839
0.232674
0.234777
0.238578
0.240359
0.243271
0.245373
0.248448
0.250236
0.253373
0.255764
0.258339
0.260656
0.262621
0.265886
0.267975
0.270665
0.272506
0.275137
0.277316
0.280592
0.282579
0.285539
0.287293
0.289783
0.292541
0.295001
0.297565
0.299499
0.301549
0.303596
0.304973
0.307147
0.309312
0.311815
0.313904
0.31605
0.317789
0.320029
0.321836
0.323882
0.325619
0.327683
0.329458
0.331199
0.333555
0.335607
0.337261
0.339507
0.341686
0.344182
0.345718
0.347499
0.349159
0.351092
0.352519
0.354258
0.355946
0.357981
0.359017
0.360784
0.362535
0.364754
0.365873
0.367415
0.369832
0.37192
0.373819
0.374992
0.376499
0.378846
0.381276
0.383222
0.384797
0.38656
0.388485
0.390198
0.392108
0.39441
0.395939
0.39781
0.399634
0.401511
0.403351
0.405056
0.406876
0.408923
0.410579
0.411947
0.414324
0.416257
0.418441
0.42018
0.422192
0.423989
0.425756
0.427391
0.429549
0.43163
0.43325
0.435181
0.436793
0.438499
0.440461
0.442458
0.444073
0.445804
0.447685
0.449624
0.451031
0.45353
0.455465
0.457325
0.459559
0.461644
0.463432
0.46528
0.467064
0.468468
0.470395
0.472208
0.474285
0.475395
0.477856
0.479539
0.481987
0.483708
0.485303
0.487043
0.488987
0.490449
0.491837
0.494083
0.496018
0.498122
0.499794
0.502062
0.503877
0.505951
0.507584
0.509495
0.510961
0.512772
0.514761
0.516184
0.518009
0.519089
0.520766
0.522401
0.523978
0.525989
0.527387
0.528793
0.53033
0.532208
0.533962
0.535393
0.537206
0.538831
0.54053
0.54263
0.544274
0.546139
0.547507
0.549394
0.55104
0.552579
0.554153
0.556367
0.557707
0.559383
0.560981
0.56293
0.565102
0.56669
0.568374
0.569959
0.571731
0.573257
0.57533
0.577169
0.579266
0.581043
0.583193
0.58473
0.586939
0.588784
0.590975
0.593104
0.594619
0.597023
0.598919
0.600845
0.603079
0.605178
0.607703
0.610262
0.612699
0.614424
0.617061
0.618751
0.6207
0.62247
0.624499
0.626521
0.628559
0.630354
0.631696
0.633824
0.635848
0.637942
0.640192
0.64208
0.644438
0.646915
0.648548
0.651068
0.653269
0.655591
0.657967
0.660455
0.6624
0.664904
0.667137
0.669772
0.671977
0.67462
0.676712
0.679207
0.68179
0.684232
0.687263
0.689702
0.692247
0.695029
0.697742
0.700688
0.703459
0.706301
0.709222
0.711666
0.71424
0.717456
0.720524
0.723698
0.726545
0.730459
0.734187
0.737298
0.740809
0.744615
0.747558
0.751499
0.755024
0.758962
0.762868
0.767043
0.770602
0.774141
0.778143
0.781655
0.78518
0.789376
0.792747
0.797275
0.802171
0.806617
0.810003
0.814521
0.819207
0.823437
0.826843
0.830976
0.835721
0.839794
0.843721
0.847768
0.851558
0.855263
0.860091
0.86443
0.869141
0.874108
0.879273
0.884066
0.88918
0.894452
0.899963
0.907641
0.914189
0.920936
0.927522
0.934326
0.942725
0.949634
0.958199
0.965493
0.972357
0.981015
0.991246
1.00266
1.01134
1.02175
1.03128
1.03854
1.04741
1.05915
1.07181
1.08566
1.09596
1.10934
1.12553
1.1477
1.16073
1.17789
1.19589
1.21254
1.22997
1.24883
1.26383
1.27935
1.29518
1.31466
1.34198
1.36929
1.4297
1.58563
