0.02
0.08
0.14
0.22
0.31
0.42
0.47
0.57
0.62
0.7
0.78
0.85
0.85
0.89
0.91
0.94
0.97
0.97
0.98
0.98
0.98
0.98
0.98
0.98
0.98
0.98
0.98
0.98
0.99
0.99
1.01
1.02
1.04
1.04
1.09
1.11
1.13
1.16
1.18
1.19
1.19
1.21
1.21
1.21
1.22
1.23
1.24
1.24
1.25
1.25
1.26
1.27
1.28
1.29
1.29
1.29
1.29
1.32
1.33
1.35
1.37
1.37
1.39
1.43
1.48
1.51
1.53
1.61
1.67
1.7
1.72
1.78
1.81
1.82
1.83
1.89
1.92
1.95
1.96
1.98
2
2.01
2.02
2.05
2.06
2.06
2.08
2.08
2.08
2.1
2.1
2.12
2.12
2.12
2.14
2.14
2.14
2.16
2.18
2.18
2.19
2.19
2.2
2.22
2.22
2.23
2.24
2.27
2.28
2.28
2.28
2.29
2.31
2.31
2.33
2.34
2.34
2.34
2.35
2.36
2.36
2.37
2.38
2.38
2.4
2.41
2.44
2.46
2.5
2.55
2.57
2.61
2.64
2.69
2.75
2.81
2.83
2.87
2.89
2.92
2.95
2.97
3
3.01
3.04
3.05
3.05
3.06
3.07
3.11
3.11
3.12
3.12
3.12
3.14
3.15
3.15
3.15
3.16
3.19
3.23
3.23
3.25
3.27
3.27
3.28
3.29
3.29
3.29
3.29
3.29
3.3
3.32
3.33
3.33
3.35
3.39
3.4
3.41
3.43
3.48
3.5
3.54
3.55
3.57
3.6
3.63
3.67
3.69
3.71
3.72
3.75
3.78
3.8
3.83
3.89
3.95
3.97
3.99
4.02
4.03
4.06
4.06
4.07
4.07
4.09
4.1
4.12
4.15
4.19
4.19
4.19
4.2
4.22
4.24
4.25
4.27
4.27
4.27
4.3
4.35
4.38
4.4
4.44
4.49
4.5
4.55
4.58
4.61
4.64
4.66
4.72
4.74
4.76
4.77
4.79
4.8
4.82
4.86
4.88
4.93
4.94
4.95
4.98
5.03
5.04
5.06
5.08
5.13
5.17
5.2
5.24
5.26
5.3
5.33
5.4
5.45
5.48
5.51
5.53
5.58
5.61
5.63
5.65
5.66
5.69
5.72
5.76
5.79
5.86
5.94
6
6.02
6.04
6.05
6.1
6.14
6.17
6.25
6.29
6.32
6.37
6.37
6.38
6.42
6.43
6.5
6.54
6.61
6.64
6.66
6.72
6.78
6.82
6.88
6.93
7
7.04
7.13
7.14
7.16
7.2
7.24
7.32
7.35
7.37
7.42
7.45
7.51
7.55
7.59
7.66
7.77
7.84
7.91
7.97
8.04
8.07
8.09
8.12
8.18
8.22
8.25
8.31
8.38
8.46
8.51
8.58
8.67
8.7
8.76
8.82
8.86
8.89
8.96
8.99
9.11
9.17
9.23
9.28
9.37
9.45
9.48
9.56
9.64
9.74
9.82
9.9
10
10.05
10.13
10.22
10.31
10.42
10.56
10.66
10.78
10.88
11.02
11.11
11.17
11.3
11.45
11.55
11.71
11.92
12.07
12.26
12.43
12.55
12.68
12.89
13.05
13.21
13.42
13.67
13.82
14.04
14.23
14.42
14.58
14.86
15.09
15.36
15.63
15.84
16.29
16.63
17.04
17.38
17.76
18.4
19.15
19.89
20.9
22.65
24.31
25.92
32.4
37.94
