0.328
0.328
0.328
0.328
0.328
0.328
0.328
0.328
0.328
0.328
0.328
0.328
0.329
0.33
0.33
0.33
0.332
0.332
0.332
0.332
0.332
0.332
0.333
0.333
0.334
0.334
0.334
0.334
0.334
0.334
0.335
0.336
0.337
0.337
0.338
0.338
0.338
0.338
0.339
0.339
0.339
0.339
0.339
0.339
0.34
0.342
0.342
0.343
0.343
0.344
0.346
0.347
0.347
0.348
0.348
0.349
0.349
0.349
0.349
0.351
0.352
0.353
0.354
0.354
0.357
0.358
0.36
0.362
0.365
0.367
0.369
0.373
0.375
0.378
0.381
0.383
0.386
0.391
0.393
0.394
0.396
0.399
0.4
0.401
0.402
0.405
0.407
0.41
0.411
0.411
0.412
0.415
0.421
0.424
0.427
0.427
0.429
0.43
0.433
0.434
0.434
0.437
0.439
0.44
0.443
0.448
0.453
0.457
0.459
0.461
0.461
0.465
0.47
0.476
0.477
0.478
0.48
0.485
0.488
0.489
0.489
0.49
0.493
0.497
0.503
0.507
0.507
0.508
0.51
0.513
0.515
0.516
0.516
0.518
0.521
0.524
0.529
0.531
0.532
0.537
0.539
0.545
0.548
0.549
0.552
0.553
0.559
0.562
0.563
0.57
0.574
0.576
0.577
0.579
0.582
0.582
0.585
0.589
0.591
0.594
0.598
0.6
0.606
0.608
0.613
0.618
0.62
0.623
0.625
0.63
0.634
0.636
0.638
0.64
0.641
0.645
0.647
0.649
0.653
0.657
0.664
0.671
0.675
0.677
0.679
0.681
0.685
0.685
0.69
0.697
0.701
0.705
0.707
0.71
0.714
0.718
0.721
0.723
0.725
0.726
0.731
0.735
0.737
0.741
0.746
0.75
0.755
0.762
0.764
0.768
0.774
0.776
0.779
0.782
0.787
0.792
0.797
0.799
0.802
0.803
0.806
0.808
0.809
0.812
0.818
0.824
0.827
0.832
0.836
0.839
0.842
0.847
0.85
0.855
0.861
0.867
0.873
0.88
0.885
0.888
0.891
0.895
0.896
0.902
0.907
0.91
0.917
0.925
0.927
0.934
0.937
0.944
0.948
0.95
0.96
0.962
0.965
0.971
0.974
0.981
0.986
0.991
0.995
1.001
1.008
1.014
1.019
1.027
1.033
1.04
1.042
1.045
1.049
1.056
1.061
1.068
1.074
1.08
1.084
1.09
1.098
1.107
1.11
1.116
1.12
1.123
1.128
1.135
1.14
1.143
1.153
1.163
1.172
1.179
1.184
1.195
1.203
1.207
1.211
1.218
1.222
1.227
1.232
1.242
1.25
1.26
1.268
1.277
1.283
1.287
1.295
1.299
1.305
1.318
1.328
1.34
1.345
1.352
1.359
1.366
1.374
1.379
1.389
1.396
1.403
1.415
1.426
1.438
1.446
1.453
1.462
1.467
1.474
1.482
1.49
1.5
1.509
1.519
1.529
1.543
1.548
1.56
1.568
1.583
1.596
1.604
1.611
1.619
1.633
1.644
1.653
1.663
1.675
1.688
1.699
1.709
1.72
1.732
1.749
1.763
1.769
1.785
1.795
1.814
1.826
1.842
1.854
1.878
1.897
1.915
1.931
1.949
1.971
1.991
2.011
2.029
2.046
2.073
2.094
2.131
2.166
2.2
2.252
2.291
2.332
2.372
2.422
2.474
2.519
2.628
2.824
2.97
3.216
3.372
3.534
3.693
3.882
4.15
4.423
5.377
