0.17
0.36
0.47
0.65
0.72
0.74
0.79
0.82
0.83
0.85
0.86
0.88
0.89
0.91
0.93
0.96
0.98
0.99
1.04
1.04
1.05
1.08
1.08
1.09
1.13
1.18
1.2
1.22
1.26
1.28
1.32
1.34
1.37
1.39
1.46
1.48
1.51
1.56
1.6
1.61
1.64
1.67
1.7
1.71
1.74
1.76
1.76
1.79
1.8
1.87
1.89
1.92
1.96
1.98
2
2.02
2.05
2.06
2.07
2.09
2.14
2.15
2.2
2.24
2.28
2.34
2.4
2.41
2.42
2.44
2.48
2.52
2.53
2.59
2.62
2.67
2.7
2.72
2.72
2.74
2.75
2.78
2.79
2.8
2.81
2.85
2.88
2.91
2.94
2.98
3
3.02
3.04
3.04
3.06
3.08
3.09
3.14
3.15
3.21
3.23
3.27
3.33
3.36
3.41
3.45
3.47
3.5
3.56
3.6
3.64
3.67
3.73
3.79
3.81
3.84
3.87
3.9
3.91
3.92
3.94
3.98
3.98
3.99
4
4.02
4.04
4.05
4.07
4.08
4.11
4.14
4.16
4.25
4.27
4.31
4.36
4.38
4.4
4.44
4.47
4.5
4.52
4.54
4.59
4.65
4.67
4.71
4.72
4.76
4.77
4.78
4.81
4.83
4.83
4.84
4.85
4.87
4.9
4.92
4.93
4.97
5
5.03
5.05
5.1
5.2
5.24
5.28
5.31
5.34
5.35
5.4
5.45
5.47
5.5
5.55
5.59
5.59
5.64
5.64
5.68
5.7
5.71
5.74
5.8
5.86
5.88
5.94
5.97
6
6.04
6.07
6.09
6.12
6.13
6.16
6.19
6.21
6.25
6.26
6.26
6.28
6.3
6.36
6.4
6.41
6.43
6.45
6.47
6.48
6.5
6.54
6.58
6.59
6.63
6.66
6.7
6.75
6.81
6.83
6.89
6.93
6.96
7.01
7.04
7.07
7.1
7.12
7.17
7.2
7.23
7.24
7.24
7.28
7.29
7.3
7.38
7.41
7.44
7.5
7.51
7.56
7.61
7.64
7.73
7.79
7.81
7.85
7.91
7.93
7.94
7.95
7.99
8.02
8.04
8.08
8.09
8.1
8.13
8.15
8.16
8.23
8.27
8.29
8.32
8.41
8.44
8.47
8.51
8.56
8.59
8.65
8.71
8.74
8.76
8.8
8.82
8.86
8.91
8.92
8.93
8.95
8.97
8.99
9.02
9.05
9.06
9.09
9.1
9.13
9.18
9.21
9.3
9.33
9.41
9.46
9.51
9.59
9.66
9.7
9.73
9.75
9.77
9.81
9.82
9.84
9.86
9.91
9.94
10
10.03
10.09
10.11
10.15
10.2
10.24
10.29
10.35
10.4
10.42
10.47
10.54
10.57
10.6
10.62
10.64
10.67
10.71
10.76
10.82
10.83
10.87
10.91
10.97
11.02
11.04
11.06
11.13
11.17
11.22
11.25
11.29
11.36
11.39
11.44
11.47
11.49
11.53
11.58
11.6
11.64
11.7
11.81
11.84
11.87
11.95
12
12.05
12.15
12.21
12.23
12.29
12.31
12.33
12.36
12.43
12.47
12.52
12.58
12.63
12.68
12.73
12.78
12.86
12.94
12.99
13.04
13.08
13.14
13.18
13.21
13.25
13.3
13.37
13.48
13.54
13.58
13.64
13.68
13.77
13.82
13.88
13.91
13.97
14
14.13
14.19
14.22
14.27
14.31
14.4
14.48
14.52
14.58
14.66
14.76
14.8
14.88
14.94
14.99
15.1
15.21
15.25
15.29
15.35
15.44
15.52
15.61
15.66
15.72
15.79
15.87
15.98
16.08
16.14
16.2
16.24
16.3
16.37
16.42
16.48
16.57
16.72
16.82
16.9
16.96
17.03
17.11
17.19
17.26
17.35
17.47
17.56
17.65
17.77
17.86
17.94
18.03
18.16
18.2
18.39
18.49
18.58
18.68
18.81
18.9
19.01
19.17
19.28
19.43
19.49
19.58
19.71
19.85
20.04
20.18
20.31
20.5
20.61
20.79
20.97
21.16
21.31
21.55
21.72
21.92
22.14
22.36
22.63
22.83
23.09
23.33
23.59
23.8
24.08
24.37
24.74
25.09
25.46
25.81
26.28
26.64
27.23
27.87
28.65
29.35
30.25
31.89
35.9
