0.981822
0.981822
1.00755
1.06483
1.0783
1.05278
1.127
1.15971
1.17694
1.16305
1.18594
1.24646
1.24596
1.26443
1.28861
1.25525
1.22749
1.19252
1.28203
1.37325
1.35124
1.28249
1.19798
1.26867
1.27668
1.24044
1.24839
1.2124
1.1515
1.16456
1.23577
1.24171
1.16332
1.22771
1.21404
1.15721
1.22251
1.23096
1.14537
1.12753
1.11275
1.00294
1.02645
1.09536
1.08131
1.08674
1.12103
1.16657
1.13882
1.06973
0.94954
0.951606
0.98372
0.952838
0.936994
0.900827
0.812882
0.845613
0.910585
0.79411
0.753787
0.856543
0.913499
0.825866
0.865287
0.890565
0.864489
0.821118
0.842595
0.87606
0.906055
0.938811
0.947903
0.876576
0.88743
0.920771
0.933514
0.932799
0.930479
0.972157
0.960696
0.961876
1.02923
0.962419
0.988034
1.014
1.00621
1.0272
1.1083
1.23933
1.19536
1.23727
1.29166
1.33725
1.3997
1.28768
1.30607
1.4283
1.40144
1.40185
