0.428615
0.428615
0.4368
0.441406
0.432213
0.45746
0.500131
0.561573
0.578511
0.589403
0.573948
0.60046
0.593872
0.600058
0.614373
0.6246
0.667351
0.636099
0.628107
0.607259
0.605378
0.60125
0.614772
0.672204
0.647184
0.66756
0.658539
0.648571
0.62621
0.604033
0.57197
0.583618
0.578248
0.55516
0.533912
0.574996
0.562621
0.515406
0.522196
0.559785
0.579707
0.542174
0.519084
0.509983
0.503731
0.499578
0.521215
0.520685
0.542599
0.531505
0.55161
0.53025
0.51192
0.479659
0.477021
0.479916
0.504818
0.509488
0.51439
0.514417
0.525125
0.510688
0.532706
0.52516
0.520075
0.526016
0.528294
0.523857
0.539055
0.550931
0.555336
0.604546
0.617418
0.579834
0.635652
0.557157
0.58011
0.603423
0.607691
0.635944
0.614765
0.622745
0.616891
0.597244
0.544334
0.617232
0.620182
0.581285
0.589161
0.578462
0.510401
0.419992
0.429458
0.411036
0.420868
0.364875
0.415643
0.394433
0.335743
0.318651
