1.89111
1.89111
1.90309
1.90961
1.89934
1.90946
1.90432
1.87962
1.86081
1.94219
1.94318
1.91517
1.96527
1.9927
1.96833
1.96638
1.9305
1.89428
1.98404
1.94567
1.90147
1.83874
1.88
1.91496
1.90572
1.8213
1.88404
1.8971
1.90391
1.86442
1.83601
1.89646
1.98812
1.91603
1.88741
1.86366
1.90124
1.92474
1.9409
1.96296
1.94416
1.84154
1.87942
1.86199
1.87499
1.92271
1.88562
1.93865
1.87124
1.87247
1.82807
1.85745
1.91655
1.93816
1.90356
1.79942
1.76785
1.78265
1.7448
1.76683
1.78565
1.89585
1.84595
1.82284
1.84096
1.87704
1.83594
1.82582
1.8449
1.85298
1.82648
1.81615
1.90592
1.89532
1.90948
1.93283
1.90154
1.91799
1.9302
1.92358
1.86261
1.79065
1.71373
1.67332
1.70563
1.70928
1.72088
1.711
1.68503
1.65044
1.60846
1.52595
1.47783
1.35822
1.34293
1.40593
1.46073
1.37527
1.32882
1.44535
