1.0606
1.0606
1.04274
1.0371
1.02634
1.0278
1.02144
1.00653
1.02058
1.03669
1.04273
1.0452
1.03304
1.01534
1.01242
1.01871
1.03145
1.03814
1.02357
1.01337
1.01811
1.00242
0.996485
1.00185
0.995917
0.934956
0.981812
0.98365
0.983591
0.987578
0.984364
0.984909
0.990091
0.983462
0.984564
0.982858
0.984675
0.989403
0.999439
1.00003
0.997291
0.99309
0.991585
0.987792
0.991659
0.993995
1.00256
0.993267
0.995082
0.993306
0.996211
0.991993
1.00013
0.994376
0.995203
1.00676
0.996088
1.00129
1.00599
0.993112
1.00286
1.00849
1.00131
1.00943
1.01327
0.907862
0.889487
0.883908
0.90775
0.900835
0.840124
0.792243
0.744698
0.736177
0.714857
0.710266
0.693403
0.668681
0.643334
0.666475
0.679994
0.695113
0.675653
0.660126
0.681895
0.670981
0.683848
0.667947
0.679107
0.702473
0.731859
0.74327
0.723054
0.710146
0.722257
0.721158
0.727091
0.716188
0.727563
0.745275
