0.854983
0.854983
0.864916
0.857413
0.870255
0.863804
0.88334
0.887503
0.861391
0.880517
0.912895
0.938535
0.940007
0.895084
0.892424
0.887915
0.935616
0.888989
0.920797
0.954455
0.87105
0.833246
0.870703
0.886631
0.925364
0.919039
0.9276
0.905462
0.943784
0.89992
0.932327
0.937167
0.886571
0.833798
0.865645
0.846624
0.734262
0.764638
0.789249
0.723704
0.694295
0.620316
0.539678
0.569565
0.509476
0.472824
0.565806
0.612494
0.642906
0.596821
0.632971
0.522171
0.582884
0.612953
0.637762
0.542379
0.566376
0.530731
0.54252
0.60528
0.578833
0.54579
0.529788
0.578564
0.605624
0.599015
0.614759
0.593436
0.554191
0.575418
0.600411
0.621185
0.663185
0.621943
0.609169
0.62441
0.528255
0.519119
0.528194
0.522082
0.492977
0.55809
0.574228
0.472875
0.4731
0.509011
0.525043
0.498484
0.556511
0.552956
0.463617
0.418037
0.409308
0.393194
0.441115
0.410374
0.351156
0.34712
0.364758
0.377937
