0.672349
0.672349
0.656691
0.665511
0.677859
0.69425
0.699548
0.712423
0.724997
0.680995
0.686385
0.726382
0.735741
0.768528
0.779978
0.758336
0.766798
0.79877
0.753822
0.705659
0.77414
0.80257
0.747393
0.746217
0.758499
0.73706
0.747622
0.784926
0.768586
0.692004
0.638848
0.684338
0.656947
0.618904
0.691324
0.709847
0.734371
0.730395
0.727941
0.720342
0.677274
0.664006
0.645482
0.626598
0.614914
0.649768
0.683848
0.657667
0.599982
0.614775
0.705979
0.784301
0.783826
0.79002
0.844248
0.791834
0.788742
0.879166
0.899806
0.891939
0.847998
0.907717
0.935998
0.932535
0.936406
0.883633
0.860335
0.858833
0.825444
0.903208
0.87974
0.854725
0.871128
0.910683
0.912868
0.90736
0.909628
0.906986
0.859474
0.86926
0.902865
0.909547
0.858808
0.929143
0.932958
0.915393
0.932031
0.930545
0.92449
0.934324
0.928614
0.932896
0.948399
0.954653
0.940537
0.942781
0.953208
0.959622
0.96364
0.970237
