0.328
0.328
0.328
0.328
0.328
0.329
0.33
0.332
0.333
0.335
0.335
0.336
0.337
0.338
0.338
0.343
0.344
0.347
0.349
0.358
0.369
0.378
0.384
0.394
0.41
0.421
0.432
0.444
0.453
0.465
0.474
0.491
0.504
0.518
0.545
0.561
0.58
0.599
0.624
0.649
0.672
0.701
0.726
0.75
0.777
0.812
0.831
0.855
0.886
0.906
0.934
0.969
0.993
1.029
1.06
1.082
1.124
1.159
1.213
1.244
1.28
1.322
1.351
1.393
1.421
1.454
1.485
1.525
1.56
1.61
1.666
1.709
1.756
1.804
1.856
1.908
1.975
2.048
2.109
2.177
2.239
2.335
2.431
2.546
2.642
2.74
2.869
2.951
3.107
3.24
3.41
3.516
3.696
3.859
4.023
4.419
4.809
5.06
5.311
5.448
