0.43
0.68
0.74
0.75
0.75
0.76
0.78
0.79
0.81
0.82
0.83
0.83
0.85
0.86
0.86
0.86
0.87
0.92
1.07
1.16
1.2
1.31
1.37
1.47
1.56
1.56
1.59
1.59
1.61
1.61
1.61
1.62
1.66
1.71
1.74
1.8
1.89
1.93
1.95
2.01
2.08
2.14
2.15
2.16
2.22
2.26
2.28
2.35
2.46
2.58
2.66
2.69
2.83
2.87
2.96
3.05
3.14
3.23
3.29
3.41
3.48
3.59
3.66
3.77
3.79
3.81
3.88
4.06
4.14
4.25
4.34
4.43
4.54
4.61
4.66
4.75
4.91
5.02
5.17
5.23
5.35
5.46
5.63
5.76
5.87
5.98
6.18
6.38
6.58
6.9
7.41
7.87
8.39
9.01
10.07
11.21
12.56
13.72
15.41
18.41
