0.163346
0.163346
0.179777
0.181863
0.195006
0.204182
0.216601
0.222838
0.230276
0.235745
0.243193
0.251334
0.25957
0.264706
0.273579
0.276279
0.281969
0.284897
0.290535
0.293737
0.300057
0.305205
0.312684
0.316037
0.321954
0.325668
0.330801
0.334305
0.339968
0.344564
0.348171
0.352235
0.355719
0.359742
0.3638
0.369647
0.37339
0.377591
0.382052
0.387174
0.39085
0.395496
0.400781
0.405255
0.410774
0.415199
0.419383
0.423398
0.42677
0.431864
0.43507
0.440099
0.444455
0.447999
0.451825
0.455429
0.46006
0.462892
0.467104
0.46955
0.474655
0.479112
0.482598
0.486305
0.490739
0.495575
0.500187
0.505108
0.509948
0.514815
0.520181
0.52523
0.52909
0.534969
0.539973
0.546075
0.550803
0.556288
0.561147
0.567671
0.572422
0.57814
0.582834
0.586667
0.592889
0.599466
0.604236
0.608973
0.614017
0.618294
0.622662
0.626362
0.630506
0.634591
0.637809
0.64231
0.645967
0.649272
0.653176
0.657301
0.661072
0.665219
0.668479
0.673145
0.676274
0.680508
0.685221
0.689797
0.693829
0.698083
0.701718
0.706436
0.710977
0.71554
0.720491
0.725074
0.730036
0.735282
0.740924
0.744133
0.748497
0.753062
0.757982
0.763049
0.767425
0.771782
0.776511
0.781014
0.786257
0.791231
0.796481
0.800596
0.805642
0.810554
0.81523
0.820845
0.826811
0.832013
0.836963
0.841633
0.846863
0.852148
0.857272
0.862562
0.866862
0.874005
0.879754
0.885172
0.891616
0.897242
0.902219
0.907659
0.913136
0.919044
0.925399
0.931562
0.941374
0.950899
0.9571
0.968941
0.97624
0.989117
0.997149
1.00605
1.01497
1.02417
1.0346
1.04513
1.05989
1.07225
1.08921
1.10217
1.1148
1.13284
1.15025
1.17018
1.18434
1.20393
1.2183
1.23692
1.24979
1.27273
1.29622
1.31365
1.3268
1.34851
1.37155
1.38951
1.40888
1.43171
1.4644
1.49926
1.52954
1.56934
1.61467
1.66043
1.70742
1.77004
1.82605
1.90009
