0.198512
0.198512
0.233889
0.233889
0.273074
0.273074
0.300242
0.300285
0.331244
0.331842
0.361154
0.362501
0.382235
0.386631
0.403464
0.409519
0.424916
0.430673
0.450527
0.46252
0.491864
0.506547
0.522878
0.546741
0.559963
0.590371
0.596046
0.626743
0.637474
0.653179
0.666729
0.67732
0.687537
0.698951
0.710562
0.726194
0.740094
0.750738
0.762867
0.776636
0.789129
0.802249
0.816419
0.831497
0.850975
0.872763
0.890044
0.909197
0.925388
0.940023
0.956018
0.967224
0.978736
0.989846
1.00255
1.01393
1.02866
1.04106
1.05324
1.06342
1.07359
1.08871
1.09758
1.10745
1.12389
1.13506
1.14552
1.15689
1.16435
1.17405
1.18367
1.1927
1.20228
1.21307
1.22395
1.23459
1.24729
1.26304
1.28592
1.33534
1.36575
1.40685
1.44498
1.47025
1.56716
1.64302
1.79645
1.92101
1.949
2.00364
2.03523
2.09086
2.12654
2.17145
2.21745
2.28664
2.40214
2.46523
2.48875
2.77186
