0.175135
0.175135
0.21147
0.221235
0.221235
0.237162
0.237162
0.268069
0.268069
0.273808
0.285015
0.285015
0.302858
0.302858
0.307232
0.307232
0.318152
0.318152
0.319586
0.319586
0.320848
0.320848
0.323166
0.323166
0.324551
0.324551
0.329507
0.329507
0.334304
0.334304
0.33673
0.33673
0.354384
0.354384
0.358453
0.358453
0.365567
0.365567
0.368208
0.368208
0.372075
0.372075
0.383581
0.389357
0.389357
0.39963
0.39963
0.404163
0.404163
0.404737
0.404737
0.407406
0.407406
0.40818
0.40818
0.413858
0.413858
0.414051
0.414051
0.414084
0.414084
0.420676
0.436944
0.442501
0.442501
0.443965
0.443965
0.453177
0.453177
0.457358
0.457358
0.461191
0.461191
0.462519
0.463928
0.463928
0.473919
0.49183
0.49183
0.493767
0.493767
0.499395
0.499395
0.503523
0.505186
0.505186
0.510327
0.511174
0.519173
0.524446
0.524446
0.535053
0.540877
0.540877
0.547237
0.547237
0.552419
0.554616
0.567463
0.583086
0.583086
0.591794
0.594253
0.595634
0.59594
0.59594
0.613569
0.613569
0.614826
0.620456
0.647276
0.648948
0.648948
0.655701
0.657423
0.685699
0.721773
0.730059
0.732996
0.732996
0.744576
0.756049
0.756049
0.758026
0.762345
0.762345
0.775518
0.775518
0.777057
0.777057
0.78449
0.797373
0.797373
0.811945
0.813361
0.828417
0.828417
0.838401
0.840189
0.842645
0.845366
0.845366
0.861172
0.865864
0.86676
0.882423
0.882423
0.893898
0.893898
0.926466
0.936161
0.949993
0.949993
0.951214
0.961956
0.961956
0.965385
0.973291
1.00505
1.03148
1.03787
1.03812
1.05156
1.05156
1.06435
1.07305
1.10862
1.12132
1.12132
1.12218
1.13759
1.13759
1.14026
1.14026
1.14159
1.16499
1.18852
1.20186
1.20187
1.2222
1.2222
1.24372
1.27865
1.32905
1.34141
1.3756
1.38444
1.39173
1.43034
1.43034
1.47416
1.50532
1.6327
1.74173
1.85316
1.90948
2.09366
2.09366
2.44526
2.71445
