0.165753
0.165753
0.1862
0.186345
0.204246
0.206392
0.217986
0.219998
0.230178
0.231879
0.245297
0.249243
0.258215
0.260632
0.271716
0.274604
0.281075
0.284406
0.289594
0.292567
0.298261
0.301276
0.308655
0.311194
0.316292
0.320407
0.324402
0.328404
0.333306
0.337851
0.341368
0.344211
0.348209
0.353033
0.356902
0.360448
0.364522
0.36804
0.371146
0.375272
0.378373
0.381278
0.384152
0.386469
0.389774
0.393123
0.396138
0.399218
0.401873
0.405833
0.408287
0.411928
0.415488
0.418612
0.422158
0.425328
0.429485
0.431718
0.435163
0.439776
0.442722
0.447864
0.451298
0.455851
0.459948
0.464123
0.467983
0.47155
0.474931
0.479069
0.482959
0.48588
0.489088
0.492318
0.494741
0.498675
0.502193
0.505851
0.509148
0.513206
0.515509
0.519901
0.523732
0.528172
0.531546
0.535628
0.539233
0.542854
0.546791
0.55019
0.553747
0.557466
0.562687
0.566672
0.571282
0.575797
0.580186
0.585146
0.589771
0.594825
0.599769
0.605143
0.610814
0.615907
0.620472
0.624882
0.629435
0.634555
0.640267
0.645497
0.6515
0.658778
0.666212
0.672232
0.677793
0.684514
0.690666
0.696456
0.701796
0.707713
0.712799
0.71835
0.723225
0.728441
0.735195
0.741847
0.747157
0.751756
0.756897
0.761548
0.767838
0.774512
0.780916
0.787577
0.793858
0.799186
0.804695
0.810352
0.816961
0.824857
0.831324
0.838632
0.846697
0.856986
0.86621
0.877506
0.886618
0.894246
0.902549
0.911339
0.918109
0.926429
0.931657
0.938665
0.945509
0.953148
0.95962
0.966613
0.975005
0.984779
0.994127
1.00411
1.01546
1.02445
1.03255
1.04165
1.04889
1.0585
1.06641
1.07717
1.08606
1.09664
1.10839
1.12313
1.13352
1.14926
1.16592
1.18329
1.19533
1.20719
1.22139
1.23867
1.26008
1.28508
1.30632
1.34216
1.36448
1.38488
1.40943
1.44527
1.51127
1.56919
1.62396
1.70726
1.83277
1.93488
2.02154
2.07086
2.23217
2.63911
