0.155333
0.155333
0.160809
0.160809
0.16556
0.16556
0.175157
0.175157
0.193245
0.193245
0.195673
0.195673
0.203545
0.203545
0.20542
0.20542
0.231152
0.231152
0.232317
0.232317
0.235541
0.235541
0.240315
0.240315
0.246484
0.246484
0.268422
0.268422
0.2796
0.2796
0.279628
0.279628
0.280209
0.280209
0.285362
0.285362
0.288594
0.288594
0.289781
0.289781
0.291036
0.291036
0.294029
0.294029
0.294139
0.294139
0.29516
0.29516
0.30131
0.30131
0.304331
0.304331
0.309072
0.309072
0.310565
0.310565
0.318487
0.3199
0.3199
0.32088
0.32088
0.323655
0.323655
0.326317
0.326317
0.326572
0.328228
0.328228
0.3291
0.329496
0.329496
0.332315
0.334466
0.337399
0.338166
0.338166
0.339247
0.341035
0.341035
0.341259
0.341259
0.34318
0.347611
0.355177
0.355177
0.359749
0.359749
0.365482
0.365482
0.36591
0.36591
0.367015
0.367015
0.375752
0.375752
0.376599
0.376599
0.37717
0.37945
0.37945
0.379613
0.379613
0.380932
0.380932
0.385341
0.385341
0.38943
0.38943
0.390678
0.394991
0.396517
0.396517
0.397027
0.397027
0.397297
0.397297
0.400208
0.400208
0.400234
0.401655
0.403419
0.403419
0.40364
0.40364
0.405296
0.405296
0.408094
0.408094
0.414418
0.421395
0.421395
0.421797
0.421797
0.426255
0.428247
0.428247
0.4379
0.440662
0.441997
0.444095
0.44777
0.453752
0.453752
0.459786
0.459786
0.46151
0.463282
0.463479
0.463728
0.463728
0.472056
0.474272
0.474272
0.474878
0.474878
0.476769
0.476769
0.47968
0.47968
0.484107
0.484107
0.484536
0.484536
0.486682
0.488182
0.488182
0.488506
0.488506
0.488593
0.4886
0.493412
0.495903
0.497032
0.4984
0.498551
0.498551
0.502153
0.50451
0.50451
0.508347
0.508347
0.511571
0.511571
0.515526
0.516468
0.51808
0.52003
0.520332
0.520332
0.520364
0.526823
0.531628
0.531628
0.532696
0.532696
0.536448
0.536448
0.538929
0.538929
0.54319
0.543332
0.543964
0.544836
0.548036
0.548036
0.557375
0.5641
0.5641
0.578564
0.579776
0.579776
0.585705
0.585705
0.586772
0.587282
0.592496
0.59708
0.603329
0.604836
0.604836
0.615987
0.616697
0.616697
0.617565
0.623786
0.623786
0.624002
0.627174
0.627488
0.627488
0.629084
0.632711
0.640924
0.642241
0.64274
0.6432
0.646336
0.646719
0.653989
0.659775
0.659775
0.660359
0.660636
0.663738
0.66423
0.66423
0.666507
0.667245
0.667245
0.67392
0.680725
0.680725
0.681493
0.681493
0.686066
0.691429
0.702757
0.702821
0.704867
0.708967
0.708967
0.720287
0.720287
0.723761
0.723761
0.725249
0.725249
0.728052
0.728052
0.730659
0.734727
0.734727
0.742083
0.754179
0.754179
0.755759
0.780475
0.780475
0.782068
0.782068
0.782252
0.782252
0.793785
0.793785
0.815229
0.824069
0.826593
0.828248
0.828248
0.837576
0.83994
0.83994
0.84115
0.84115
0.842013
0.842013
0.848298
0.852348
0.852348
0.853226
0.85904
0.860389
0.865114
0.873011
0.88075
0.883062
0.884969
0.890859
0.894476
0.90125
0.90125
0.904576
0.907357
0.916782
0.922712
0.923296
0.951575
0.951708
0.959459
0.962959
0.964462
0.984039
0.987107
1.00187
1.00187
1.00231
1.00386
1.00823
1.00863
1.02145
1.02145
1.02394
1.03318
1.04048
1.10843
1.10896
1.17073
1.19863
1.20383
1.24306
1.24566
1.26214
1.28598
1.30651
1.33286
1.33755
1.41595
1.55
2.01386
2.11264
