0.328
0.328
0.328
0.328
0.328
0.328
0.328
0.328
0.328
0.328
0.328
0.328
0.328
0.328
0.328
0.328
0.329
0.329
0.329
0.33
0.33
0.331
0.331
0.332
0.332
0.332
0.333
0.334
0.335
0.335
0.336
0.336
0.337
0.337
0.337
0.337
0.337
0.337
0.338
0.339
0.339
0.339
0.341
0.341
0.342
0.342
0.342
0.343
0.344
0.344
0.344
0.345
0.345
0.345
0.345
0.347
0.348
0.349
0.349
0.349
0.349
0.349
0.351
0.354
0.356
0.357
0.358
0.36
0.361
0.362
0.364
0.366
0.367
0.369
0.372
0.374
0.376
0.377
0.38
0.384
0.387
0.392
0.396
0.398
0.403
0.409
0.41
0.414
0.418
0.425
0.426
0.432
0.434
0.438
0.44
0.441
0.443
0.445
0.446
0.448
0.448
0.45
0.451
0.452
0.454
0.454
0.457
0.458
0.461
0.463
0.465
0.466
0.466
0.468
0.468
0.468
0.47
0.473
0.474
0.478
0.479
0.481
0.483
0.486
0.488
0.491
0.492
0.496
0.497
0.5
0.502
0.505
0.508
0.511
0.518
0.524
0.528
0.537
0.54
0.543
0.545
0.546
0.552
0.555
0.557
0.56
0.561
0.563
0.563
0.563
0.564
0.566
0.57
0.572
0.572
0.574
0.576
0.578
0.58
0.581
0.585
0.586
0.591
0.592
0.597
0.603
0.61
0.613
0.616
0.62
0.627
0.633
0.639
0.64
0.64
0.641
0.645
0.646
0.649
0.649
0.65
0.654
0.658
0.66
0.662
0.664
0.668
0.669
0.669
0.671
0.673
0.677
0.68
0.686
0.694
0.695
0.701
0.707
0.713
0.714
0.715
0.721
0.723
0.727
0.731
0.732
0.736
0.74
0.742
0.743
0.745
0.747
0.748
0.751
0.752
0.754
0.757
0.762
0.764
0.77
0.773
0.775
0.782
0.787
0.793
0.795
0.797
0.804
0.805
0.809
0.812
0.814
0.818
0.822
0.827
0.833
0.839
0.839
0.842
0.842
0.844
0.848
0.848
0.857
0.862
0.863
0.865
0.869
0.873
0.879
0.882
0.883
0.887
0.889
0.893
0.896
0.899
0.908
0.912
0.915
0.917
0.922
0.923
0.925
0.929
0.932
0.936
0.939
0.942
0.946
0.95
0.954
0.957
0.959
0.965
0.972
0.974
0.978
0.98
0.987
0.992
0.996
1.0
1.004
1.006
1.011
1.013
1.017
1.017
1.02
1.023
1.025
1.029
1.031
1.037
1.04
1.047
1.054
1.056
1.066
1.071
1.074
1.08
1.088
1.095
1.097
1.103
1.106
1.108
1.11
1.113
1.116
1.119
1.121
1.124
1.126
1.129
1.132
1.139
1.146
1.15
1.158
1.165
1.167
1.17
1.174
1.176
1.184
1.187
1.189
1.194
1.199
1.199
1.203
1.208
1.215
1.219
1.222
1.225
1.227
1.232
1.241
1.245
1.25
1.254
1.257
1.264
1.269
1.274
1.282
1.286
1.293
1.296
1.301
1.304
1.308
1.31
1.31
1.313
1.319
1.321
1.327
1.333
1.336
1.344
1.35
1.355
1.366
1.371
1.374
1.381
1.384
1.387
1.388
1.395
1.399
1.405
1.409
1.413
1.418
1.421
1.425
1.428
1.435
1.442
1.45
1.457
1.459
1.466
1.471
1.479
1.484
1.492
1.499
1.502
1.508
1.513
1.514
1.523
1.527
1.534
1.535
1.54
1.543
1.552
1.561
1.569
1.574
1.579
1.583
1.589
1.59
1.596
1.602
1.606
1.614
1.626
1.632
1.637
1.643
1.651
1.652
1.661
1.668
1.674
1.681
1.687
1.691
1.701
1.706
1.714
1.722
1.729
1.738
1.748
1.754
1.758
1.765
1.769
1.78
1.795
1.802
1.812
1.817
1.822
1.827
1.837
1.849
1.856
1.866
1.875
1.885
1.893
1.903
1.914
1.923
1.932
1.939
1.955
1.965
1.977
1.99
2.0
2.008
2.025
2.041
2.05
2.065
2.08
2.093
2.108
2.123
2.145
2.152
2.163
2.183
2.199
2.213
2.233
2.253
2.275
2.297
2.319
2.344
2.373
2.405
2.433
2.465
2.504
2.556
2.617
2.693
2.859
3.257
3.584
3.756
3.963
4.165
4.568
5.449
