0.213855
0.213855
0.216912
0.216912
0.273272
0.273272
0.3122
0.3122
0.320236
0.320236
0.349513
0.349513
0.36532
0.36532
0.36695
0.36695
0.383956
0.383956
0.388318
0.388318
0.389268
0.389268
0.389411
0.389411
0.440677
0.440677
0.451838
0.478982
0.478982
0.494248
0.494248
0.494503
0.494503
0.52465
0.542017
0.542017
0.547903
0.547903
0.569671
0.569671
0.611602
0.611602
0.642821
0.646106
0.662466
0.662848
0.684225
0.684225
0.684305
0.684305
0.688043
0.688043
0.707865
0.707865
0.715284
0.715284
0.733633
0.733633
0.740221
0.741181
0.745088
0.753962
0.753962
0.783757
0.783757
0.839134
0.839555
0.839555
0.845748
0.845748
0.84916
0.84916
0.849841
0.869342
0.869342
0.879507
0.879507
0.88847
0.88847
0.889195
0.891784
0.891784
0.893681
0.893681
0.905376
0.914716
0.915322
0.926934
0.929211
0.933195
0.933195
0.955159
0.957889
0.959637
0.959637
0.977146
0.990453
1.01151
1.01151
1.03931
1.04252
1.04252
1.04334
1.04357
1.04676
1.04987
1.05429
1.05432
1.05762
1.05762
1.07157
1.07157
1.07518
1.07888
1.08177
1.08177
1.12334
1.12334
1.1265
1.14219
1.14663
1.14663
1.15493
1.15493
1.17476
1.17721
1.17986
1.18399
1.23246
1.23985
1.24635
1.27077
1.27077
1.30272
1.33966
1.34169
1.35465
1.35642
1.35642
1.36539
1.39434
1.39434
1.39944
1.51442
1.6583
1.7207
1.93391
2.32536
2.42755
3.47446
