0.160166
0.160166
0.188221
0.188221
0.22427
0.22427
0.246812
0.24814
0.265692
0.266987
0.285079
0.287082
0.298332
0.300451
0.313645
0.316201
0.328495
0.332047
0.341751
0.347598
0.354211
0.360986
0.367768
0.377835
0.386791
0.396453
0.404645
0.413658
0.422758
0.431266
0.441906
0.449539
0.463584
0.471224
0.482584
0.488087
0.500917
0.5077
0.520875
0.533418
0.547308
0.55699
0.568662
0.582448
0.595305
0.610919
0.630525
0.64346
0.653026
0.66245
0.672789
0.683664
0.694505
0.70513
0.715203
0.726645
0.732827
0.739742
0.746171
0.753127
0.76145
0.768497
0.775437
0.783057
0.788528
0.79931
0.805805
0.815906
0.821861
0.82893
0.834034
0.841725
0.84695
0.851646
0.856673
0.859927
0.864872
0.868742
0.875182
0.878948
0.883498
0.888699
0.893597
0.899281
0.904756
0.911745
0.919132
0.925891
0.933469
0.938612
0.946825
0.953462
0.9601
0.965475
0.974309
0.981444
0.987976
0.994757
1.00179
1.00963
1.01606
1.02204
1.0278
1.03514
1.04123
1.05031
1.05825
1.06721
1.07595
1.08333
1.09294
1.10161
1.11154
1.1215
1.13258
1.14372
1.15453
1.1667
1.17798
1.1908
1.20063
1.21045
1.22246
1.23398
1.24283
1.25122
1.25967
1.27247
1.28703
1.30022
1.31228
1.3297
1.34462
1.36054
1.38932
1.40735
1.42842
1.44607
1.46661
1.49589
1.53857
1.57862
1.61187
1.69032
1.75353
1.87447
1.96909
2.13725
2.37192
2.99022
