0.328
0.328
0.328
0.328
0.328
0.328
0.328
0.328
0.328
0.328
0.329
0.329
0.329
0.329
0.329
0.331
0.331
0.331
0.331
0.332
0.333
0.333
0.333
0.333
0.333
0.333
0.334
0.334
0.334
0.334
0.335
0.336
0.337
0.337
0.338
0.338
0.338
0.338
0.338
0.338
0.338
0.338
0.338
0.34
0.34
0.341
0.341
0.342
0.343
0.343
0.344
0.345
0.346
0.346
0.346
0.346
0.347
0.347
0.348
0.348
0.349
0.35
0.35
0.351
0.352
0.353
0.353
0.354
0.355
0.355
0.355
0.359
0.36
0.365
0.367
0.367
0.369
0.377
0.383
0.386
0.391
0.394
0.395
0.399
0.404
0.412
0.415
0.42
0.423
0.43
0.435
0.436
0.437
0.438
0.441
0.446
0.448
0.448
0.449
0.451
0.451
0.452
0.453
0.453
0.453
0.453
0.453
0.455
0.456
0.456
0.457
0.459
0.46
0.461
0.463
0.466
0.47
0.476
0.482
0.487
0.491
0.494
0.498
0.502
0.508
0.515
0.52
0.527
0.531
0.534
0.538
0.541
0.542
0.547
0.548
0.548
0.551
0.555
0.555
0.556
0.557
0.558
0.559
0.563
0.566
0.571
0.575
0.578
0.584
0.588
0.593
0.602
0.609
0.614
0.619
0.624
0.628
0.632
0.634
0.637
0.64
0.643
0.644
0.651
0.652
0.655
0.655
0.657
0.663
0.668
0.675
0.681
0.69
0.695
0.701
0.704
0.709
0.714
0.724
0.727
0.731
0.733
0.736
0.739
0.74
0.743
0.746
0.751
0.754
0.762
0.77
0.775
0.785
0.795
0.802
0.81
0.819
0.825
0.827
0.828
0.829
0.833
0.84
0.842
0.847
0.852
0.855
0.867
0.869
0.882
0.888
0.894
0.899
0.907
0.913
0.92
0.922
0.93
0.933
0.937
0.944
0.951
0.958
0.966
0.975
0.982
0.99
0.999
1.0
1.007
1.016
1.02
1.026
1.032
1.039
1.044
1.052
1.058
1.066
1.077
1.086
1.095
1.098
1.103
1.11
1.116
1.128
1.137
1.145
1.152
1.16
1.166
1.173
1.18
1.185
1.199
1.202
1.208
1.218
1.224
1.229
1.236
1.242
1.253
1.262
1.268
1.282
1.289
1.298
1.309
1.319
1.329
1.334
1.338
1.347
1.354
1.37
1.384
1.394
1.405
1.414
1.419
1.432
1.446
1.453
1.462
1.469
1.481
1.495
1.508
1.519
1.527
1.536
1.547
1.565
1.574
1.585
1.595
1.604
1.619
1.627
1.639
1.651
1.66
1.672
1.691
1.706
1.714
1.722
1.735
1.751
1.764
1.775
1.788
1.805
1.82
1.833
1.848
1.86
1.882
1.893
1.906
1.921
1.939
1.96
1.98
1.996
2.025
2.056
2.08
2.113
2.144
2.179
2.208
2.245
2.29
2.341
2.397
2.475
2.541
2.658
2.718
2.808
2.867
2.992
3.207
3.357
3.643
3.95
4.164
