0.154067
0.154067
0.156192
0.156192
0.158362
0.158362
0.161284
0.161284
0.171997
0.171997
0.176566
0.176566
0.180186
0.180186
0.184509
0.184509
0.185808
0.185808
0.189867
0.189867
0.211248
0.211248
0.216045
0.216045
0.216903
0.216903
0.216974
0.225839
0.227055
0.227055
0.229091
0.229091
0.230105
0.230105
0.230762
0.230762
0.232783
0.232783
0.238597
0.238597
0.241302
0.242591
0.24513
0.24513
0.248276
0.248276
0.252342
0.252342
0.257345
0.261064
0.261064
0.262148
0.262148
0.266183
0.266183
0.26992
0.26992
0.270799
0.270799
0.273918
0.286979
0.288608
0.288608
0.293974
0.293974
0.295549
0.295549
0.307736
0.307736
0.311038
0.314405
0.314405
0.31786
0.31786
0.320768
0.320768
0.3248
0.3248
0.336134
0.336134
0.338927
0.338927
0.342014
0.342014
0.345383
0.345383
0.350872
0.356191
0.356191
0.357853
0.359636
0.359636
0.359789
0.359789
0.364595
0.364595
0.366754
0.366754
0.368476
0.368476
0.373279
0.373279
0.375736
0.375736
0.38103
0.38296
0.38296
0.385935
0.385935
0.38867
0.38867
0.39339
0.394612
0.394612
0.396809
0.396809
0.399591
0.39989
0.403749
0.40712
0.40712
0.408146
0.408146
0.411099
0.41183
0.41183
0.416229
0.417039
0.424869
0.424869
0.428755
0.428755
0.429088
0.429483
0.431584
0.431584
0.434244
0.436851
0.436851
0.439261
0.43969
0.43969
0.440229
0.440229
0.442632
0.442632
0.446287
0.446287
0.446393
0.448167
0.448167
0.451025
0.451025
0.45314
0.456843
0.456843
0.458734
0.46647
0.467192
0.469475
0.469475
0.470229
0.470229
0.470662
0.470664
0.470664
0.47363
0.485458
0.486502
0.494059
0.494059
0.497807
0.499026
0.499026
0.503386
0.503386
0.504706
0.50523
0.513559
0.513559
0.515956
0.515964
0.520839
0.52246
0.522606
0.522951
0.522951
0.523882
0.524409
0.524409
0.526661
0.526661
0.528573
0.528573
0.543214
0.543519
0.545254
0.54735
0.551761
0.556446
0.557427
0.559467
0.559467
0.568638
0.568638
0.57031
0.57031
0.571736
0.571736
0.572935
0.573028
0.573028
0.576916
0.576916
0.577526
0.577859
0.577859
0.57886
0.581075
0.581291
0.581291
0.58564
0.589265
0.591329
0.594228
0.598655
0.598655
0.599082
0.602296
0.605407
0.605407
0.610983
0.610983
0.616732
0.624688
0.624688
0.634922
0.634922
0.638743
0.639106
0.639139
0.639989
0.645449
0.652936
0.65326
0.654812
0.654812
0.658902
0.66093
0.662288
0.662495
0.662988
0.66412
0.66412
0.665023
0.665023
0.66586
0.66586
0.666076
0.666999
0.669462
0.674043
0.677377
0.680228
0.680228
0.680318
0.680318
0.685139
0.686952
0.686952
0.694217
0.698067
0.698067
0.706266
0.706266
0.706887
0.723424
0.727678
0.731116
0.733261
0.753704
0.753704
0.753836
0.760233
0.765242
0.768904
0.770706
0.775821
0.781134
0.78836
0.796516
0.801783
0.801783
0.804033
0.805907
0.810808
0.81767
0.820885
0.832071
0.847153
0.847153
0.851503
0.859876
0.860417
0.866855
0.874376
0.881253
0.88131
0.88292
0.883656
0.897473
0.898837
0.898837
0.924471
0.947115
0.96102
0.96102
0.969528
0.979844
1.00232
1.00999
1.03909
1.04777
1.09319
1.09625
1.1191
1.13363
1.17306
1.17876
1.17977
1.18374
1.18845
1.19432
1.2029
1.25391
1.25967
1.26829
1.33346
1.35843
1.35843
1.37108
1.41972
1.42132
1.42175
1.44515
1.52982
1.58102
1.59423
1.77757
1.78387
