0.150803
0.150803
0.153787
0.153787
0.155406
0.155406
0.15611
0.15611
0.15982
0.15982
0.16084
0.16084
0.16704
0.16704
0.173846
0.173846
0.175486
0.175486
0.179267
0.179267
0.179643
0.179643
0.180703
0.180703
0.182581
0.182581
0.182623
0.182623
0.183595
0.183595
0.189853
0.189853
0.191119
0.191119
0.195632
0.195632
0.196856
0.196856
0.203355
0.203355
0.204988
0.204988
0.21031
0.21031
0.217746
0.217746
0.218325
0.218325
0.219985
0.219985
0.220184
0.220184
0.220254
0.220584
0.22442
0.22442
0.230977
0.230977
0.234547
0.234547
0.235666
0.235666
0.236974
0.236974
0.238195
0.238195
0.240382
0.240382
0.24079
0.24079
0.241697
0.241697
0.243113
0.243113
0.24425
0.24425
0.25009
0.25009
0.251306
0.251306
0.251589
0.251589
0.252975
0.252975
0.257447
0.257447
0.260026
0.260026
0.260633
0.260633
0.261965
0.261965
0.264705
0.264705
0.265872
0.265872
0.266764
0.266764
0.270425
0.270425
0.271383
0.272827
0.278624
0.278624
0.280343
0.280454
0.280454
0.281362
0.281752
0.281752
0.282287
0.28403
0.285868
0.285868
0.286709
0.286709
0.290412
0.290412
0.291727
0.291727
0.291835
0.292091
0.292091
0.293219
0.293219
0.293444
0.293444
0.293534
0.293534
0.294122
0.294122
0.294201
0.294402
0.294402
0.294425
0.294425
0.295092
0.295436
0.295436
0.30045
0.30045
0.306485
0.306884
0.306884
0.306891
0.306891
0.307081
0.308851
0.308851
0.308943
0.31012
0.31012
0.312558
0.317402
0.317402
0.317419
0.321254
0.321254
0.323413
0.323413
0.323588
0.329402
0.329402
0.331011
0.331011
0.331744
0.331744
0.333557
0.333557
0.335926
0.335926
0.337095
0.337095
0.33775
0.33775
0.338209
0.339666
0.339666
0.339739
0.340461
0.341666
0.343451
0.343468
0.343468
0.345417
0.345417
0.347041
0.347041
0.347143
0.349938
0.351005
0.351005
0.353841
0.353841
0.353872
0.353872
0.354459
0.355469
0.356579
0.358436
0.358436
0.358731
0.358731
0.358945
0.35973
0.360844
0.361148
0.361148
0.361491
0.365119
0.365119
0.365619
0.365619
0.367406
0.367406
0.367757
0.368751
0.368751
0.369699
0.369753
0.370434
0.372884
0.372884
0.375881
0.375881
0.377073
0.381691
0.382548
0.383606
0.384117
0.384566
0.385188
0.387129
0.387129
0.388367
0.388367
0.388756
0.389082
0.389082
0.390475
0.390475
0.391238
0.392112
0.392112
0.393268
0.393268
0.393328
0.393958
0.393958
0.394355
0.394355
0.395248
0.395248
0.397068
0.399482
0.399482
0.404367
0.407824
0.407984
0.409802
0.415372
0.415372
0.418475
0.418475
0.420624
0.422948
0.423768
0.423768
0.424313
0.430397
0.430397
0.43051
0.43051
0.433425
0.434164
0.434164
0.434715
0.436401
0.438769
0.439253
0.441048
0.441264
0.441264
0.441821
0.441821
0.450098
0.451151
0.452837
0.454481
0.454481
0.455601
0.455601
0.456688
0.45756
0.458391
0.459668
0.461228
0.461228
0.461571
0.461571
0.463844
0.467421
0.467421
0.469808
0.470038
0.472427
0.476037
0.476165
0.476594
0.476594
0.478614
0.478614
0.47878
0.480856
0.483753
0.483753
0.484798
0.485547
0.487953
0.489162
0.489162
0.49159
0.493545
0.495004
0.49732
0.49872
0.499724
0.500145
0.500588
0.500588
0.5043
0.5043
0.505099
0.508094
0.509191
0.509191
0.509945
0.509945
0.510105
0.510251
0.510601
0.511626
0.515204
0.521703
0.528105
0.529529
0.529529
0.531557
0.5325
0.532677
0.535656
0.535746
0.535746
0.536298
0.536298
0.538909
0.540751
0.540751
0.541279
0.541279
0.543541
0.544261
0.544261
0.546535
0.548669
0.548676
0.549959
0.555101
0.555101
0.556298
0.556298
0.556373
0.559406
0.561325
0.562739
0.564112
0.56498
0.566237
0.566237
0.567535
0.567766
0.571633
0.573638
0.573638
0.578347
0.578675
0.587272
0.587718
0.587718
0.58816
0.590835
0.596681
0.599381
0.59996
0.600532
0.600532
0.601269
0.6023
0.6023
0.605721
0.607355
0.611644
0.612186
0.618065
0.622454
0.625172
0.625172
0.629065
0.629121
0.629551
0.635087
0.639437
0.645464
0.654748
0.654748
0.655063
0.659046
0.667795
0.668983
0.669388
0.669388
0.670983
0.671837
0.674479
0.674479
0.688905
0.691686
0.695482
0.697356
0.70423
0.706784
0.708855
0.708855
0.708871
0.70946
0.710681
0.711441
0.711441
0.713089
0.715317
0.720129
0.720129
0.722262
0.723967
0.725149
0.725149
0.726713
0.728612
0.728805
0.731769
0.743892
0.749744
0.749744
0.752843
0.752918
0.755493
0.759602
0.767994
0.788466
0.792692
0.795353
0.816008
0.816725
0.817072
0.833543
0.833957
0.84868
0.884061
0.888012
0.892632
0.893782
0.90041
0.930858
0.968321
1.00265
1.00265
1.00306
1.00306
1.00637
1.00757
1.01021
1.02167
1.0296
1.04015
1.09311
1.10035
1.13539
1.13793
1.13793
1.15988
1.17313
1.19024
1.21507
1.25108
1.28232
1.32522
1.38639
1.52809
1.6871
1.73729
