0.152515
0.152515
0.162633
0.162633
0.192625
0.192625
0.194848
0.194848
0.215338
0.215338
0.246006
0.246006
0.247218
0.247218
0.250535
0.250535
0.262404
0.262404
0.26305
0.26305
0.278811
0.278811
0.286257
0.286257
0.295129
0.295129
0.295244
0.295244
0.300244
0.300244
0.304877
0.304877
0.31525
0.317226
0.317226
0.323756
0.323756
0.337693
0.337693
0.357074
0.357074
0.396817
0.396817
0.413994
0.413994
0.419595
0.419595
0.425292
0.425292
0.42642
0.42642
0.441628
0.441628
0.444702
0.444702
0.448221
0.4533
0.4533
0.458642
0.463077
0.463077
0.463655
0.463655
0.466832
0.484311
0.484311
0.495636
0.501739
0.502507
0.502507
0.511687
0.511687
0.512189
0.512189
0.5349
0.537519
0.537519
0.540042
0.540042
0.542212
0.542212
0.552806
0.552806
0.560013
0.563913
0.567205
0.567205
0.607953
0.609076
0.609076
0.627339
0.627339
0.644558
0.644558
0.658572
0.658572
0.6599
0.66007
0.66007
0.665447
0.668528
0.668602
0.668602
0.678159
0.683439
0.683439
0.68709
0.68709
0.696906
0.712901
0.750607
0.756987
0.756987
0.75854
0.777772
0.777772
0.780892
0.802018
0.802018
0.809397
0.811257
0.811257
0.813588
0.825858
0.831409
0.831409
0.83494
0.843604
0.845998
0.850237
0.882559
0.885682
0.900916
0.902139
0.903997
0.906631
0.906631
0.913157
0.91485
0.915821
0.932283
0.932283
0.941936
0.941936
0.959029
0.964285
0.998087
0.998087
1.0259
1.0259
1.03385
1.05138
1.05138
1.05772
1.0604
1.0604
1.0722
1.08919
1.08919
1.14297
1.14297
1.14601
1.15632
1.17744
1.17744
1.17821
1.17821
1.18148
1.199
1.20221
1.21075
1.21075
1.21481
1.2257
1.22895
1.23446
1.23446
1.24699
1.24699
1.24833
1.24833
1.26197
1.26254
1.26254
1.26775
1.27339
1.32404
1.32404
1.34917
1.37963
1.43634
1.45727
1.48046
1.52292
1.53121
1.80466
1.82682
1.8624
2.33625
2.5161
