0.158401
0.158401
0.171862
0.171862
0.184877
0.184877
0.198441
0.198441
0.211113
0.211113
0.223908
0.223919
0.233068
0.233139
0.241069
0.241511
0.249548
0.250216
0.257754
0.258551
0.265637
0.266449
0.274233
0.275559
0.282189
0.284012
0.290932
0.29372
0.298473
0.301994
0.305209
0.308448
0.311498
0.31363
0.316191
0.318274
0.321371
0.323491
0.326837
0.329215
0.332601
0.335387
0.338661
0.340805
0.34429
0.347009
0.349769
0.35268
0.355355
0.35804
0.360884
0.362801
0.365236
0.36794
0.370257
0.37266
0.37454
0.377529
0.379968
0.383189
0.385946
0.389482
0.393308
0.396772
0.399477
0.402859
0.40576
0.409037
0.412328
0.415341
0.41803
0.421356
0.423716
0.42691
0.429938
0.432408
0.434826
0.437374
0.440107
0.44346
0.446036
0.448457
0.450883
0.453784
0.455995
0.457901
0.459903
0.463331
0.465901
0.468521
0.470472
0.473606
0.476678
0.479469
0.482686
0.486235
0.489681
0.492018
0.495533
0.498274
0.500995
0.503918
0.506503
0.509926
0.513664
0.516543
0.519429
0.522169
0.525392
0.528279
0.530675
0.534424
0.537816
0.540479
0.542981
0.54609
0.549363
0.553051
0.556699
0.56009
0.563874
0.567686
0.570983
0.574127
0.577098
0.579975
0.583347
0.586402
0.589656
0.592712
0.59611
0.598332
0.600858
0.604074
0.606654
0.608721
0.61162
0.613907
0.617679
0.620479
0.623165
0.625645
0.628608
0.631589
0.63455
0.63793
0.640582
0.644097
0.646645
0.650374
0.653832
0.656987
0.659893
0.663749
0.667108
0.670652
0.674753
0.6782
0.682157
0.68672
0.691154
0.695809
0.70009
0.703763
0.708117
0.711675
0.715913
0.720789
0.725609
0.731119
0.736716
0.741564
0.74616
0.751176
0.756271
0.761596
0.767473
0.773069
0.778659
0.785419
0.791236
0.79667
0.803846
0.812281
0.819516
0.825155
0.831833
0.839673
0.846036
0.854648
0.86168
0.870238
0.877697
0.88272
0.889329
0.895078
0.90241
0.908754
0.917454
0.924972
0.931055
0.936544
0.942918
0.950224
0.956518
0.963198
0.970053
0.975722
0.984975
0.993164
1.00008
1.00856
1.01579
1.02376
1.03132
1.03839
1.0453
1.05457
1.0629
1.07179
1.08047
1.09061
1.10001
1.10984
1.11988
1.12942
1.1408
1.15314
1.1675
1.18117
1.19348
1.20324
1.21488
1.22497
1.23718
1.25658
1.27453
1.29181
1.30691
1.32229
1.33841
1.35135
1.37224
1.3979
1.42112
1.45089
1.49404
1.57902
1.69472
1.83223
