0.160227
0.160227
0.166896
0.166896
0.189111
0.189111
0.191927
0.191927
0.218178
0.218178
0.219307
0.219307
0.223474
0.223474
0.228917
0.248784
0.248784
0.262835
0.262835
0.26299
0.26299
0.267084
0.267084
0.268064
0.27538
0.27538
0.277474
0.277474
0.279197
0.279197
0.286354
0.293668
0.293668
0.298187
0.298187
0.307365
0.307365
0.309491
0.309491
0.311096
0.311096
0.312918
0.312918
0.313508
0.313508
0.315105
0.315105
0.315521
0.315521
0.320747
0.326112
0.326112
0.326832
0.327383
0.328046
0.328046
0.33376
0.33376
0.334798
0.335665
0.335749
0.335749
0.336766
0.336766
0.342387
0.344727
0.344727
0.347418
0.347418
0.351494
0.351576
0.351576
0.351849
0.351849
0.351958
0.351958
0.353994
0.353994
0.360267
0.360267
0.362205
0.362205
0.363172
0.365617
0.365617
0.372952
0.37506
0.37506
0.378821
0.378821
0.379024
0.379024
0.38557
0.38557
0.396158
0.396158
0.397896
0.398976
0.398976
0.399207
0.399207
0.406477
0.406477
0.408031
0.412227
0.412227
0.41268
0.41268
0.412951
0.412951
0.414558
0.414558
0.415696
0.415696
0.428787
0.428787
0.43696
0.43696
0.438934
0.438934
0.439407
0.439407
0.443452
0.443452
0.448103
0.448103
0.451573
0.460518
0.460518
0.463534
0.467774
0.470727
0.470727
0.474268
0.476006
0.476006
0.479228
0.479228
0.483396
0.483396
0.488532
0.490251
0.490251
0.494799
0.494799
0.498906
0.506081
0.506081
0.506238
0.508349
0.508349
0.516259
0.516259
0.525444
0.525444
0.52638
0.526617
0.526617
0.527354
0.534723
0.534723
0.534767
0.534767
0.53673
0.53673
0.543928
0.544164
0.544164
0.544978
0.548803
0.548803
0.549098
0.550554
0.550554
0.55514
0.55514
0.561857
0.566504
0.571165
0.572737
0.572737
0.57764
0.577816
0.577816
0.581886
0.59399
0.59399
0.595387
0.595387
0.600011
0.605833
0.610859
0.613476
0.620879
0.621375
0.62659
0.62659
0.634061
0.634061
0.637327
0.637327
0.639694
0.645372
0.647278
0.647278
0.653327
0.653327
0.665003
0.675738
0.679582
0.679629
0.679629
0.679657
0.682293
0.682293
0.684989
0.686751
0.686751
0.689878
0.689878
0.693293
0.693293
0.698741
0.709276
0.709276
0.712528
0.712541
0.732878
0.736207
0.740202
0.752459
0.754099
0.754164
0.767071
0.767327
0.767833
0.768453
0.774921
0.781113
0.781465
0.78863
0.791167
0.799247
0.805889
0.816448
0.816448
0.817062
0.819452
0.823878
0.838599
0.848307
0.851605
0.866887
0.869568
0.869568
0.891128
0.893411
0.898152
0.903016
0.907152
0.907152
0.912438
0.912722
0.924975
0.938564
0.948118
0.965185
0.967982
0.974719
0.987494
1.02766
1.10091
1.11494
1.11494
1.12789
1.14109
1.15243
1.154
1.16155
1.16155
1.16867
1.17406
1.18533
1.20844
1.23181
1.23534
1.25258
1.25258
1.25883
1.28199
1.35806
1.40874
1.43806
1.46554
1.48773
1.54958
1.72545
1.78867
1.82719
2.11713
