0.05
0.11
0.24
0.36
0.48
0.54
0.6
0.66
0.76
0.79
0.82
0.82
0.85
0.86
0.86
0.87
0.87
0.88
0.9
0.91
0.91
0.91
0.91
0.91
0.93
0.93
0.93
0.95
0.97
1.0
1.01
1.02
1.03
1.04
1.06
1.07
1.07
1.08
1.09
1.11
1.13
1.14
1.17
1.19
1.2
1.2
1.24
1.27
1.28
1.28
1.29
1.29
1.32
1.35
1.39
1.41
1.43
1.46
1.48
1.49
1.54
1.55
1.56
1.58
1.63
1.66
1.69
1.7
1.72
1.74
1.78
1.79
1.8
1.83
1.83
1.84
1.87
1.87
1.87
1.87
1.89
1.92
1.94
1.94
1.95
1.96
1.96
1.97
1.97
1.97
1.97
1.98
1.98
1.99
1.99
2.0
2.02
2.05
2.05
2.07
2.07
2.07
2.07
2.09
2.12
2.13
2.18
2.2
2.23
2.26
2.28
2.29
2.31
2.33
2.35
2.39
2.4
2.42
2.42
2.42
2.42
2.43
2.46
2.46
2.5
2.51
2.53
2.54
2.54
2.56
2.57
2.65
2.65
2.67
2.71
2.74
2.76
2.77
2.81
2.84
2.86
2.91
2.93
2.93
2.96
2.98
3.01
3.04
3.08
3.09
3.1
3.11
3.12
3.14
3.17
3.18
3.18
3.22
3.22
3.24
3.25
3.28
3.29
3.31
3.33
3.33
3.35
3.36
3.38
3.39
3.4
3.4
3.4
3.4
3.41
3.44
3.46
3.51
3.57
3.66
3.78
3.86
3.88
3.96
4.0
4.04
4.05
4.09
4.11
4.12
4.13
4.15
4.18
4.18
4.2
4.22
4.25
4.27
4.28
4.3
4.31
4.35
4.35
4.37
4.43
4.5
4.53
4.58
4.6
4.62
4.66
4.72
4.8
4.82
4.88
4.91
4.99
5.07
5.11
5.17
5.2
5.23
5.25
5.28
5.33
5.4
5.41
5.43
5.45
5.51
5.55
5.58
5.64
5.67
5.71
5.78
5.88
5.98
6.08
6.16
6.23
6.29
6.33
6.36
6.4
6.42
6.51
6.59
6.66
6.78
6.81
6.9
6.99
7.03
7.1
7.17
7.25
7.3
7.38
7.51
7.63
7.73
7.85
7.97
8.06
8.16
8.3
8.4
8.54
8.66
8.78
8.93
9.06
9.17
9.31
9.48
9.59
9.72
10.01
10.16
10.37
10.53
10.73
10.97
11.16
11.4
11.67
12.09
12.4
13.38
14.26
14.95
15.7
16.63
17.85
19.41
21.83
27.31
30.32
