0.328
0.328
0.328
0.328
0.328
0.328
0.328
0.328
0.328
0.328
0.329
0.33
0.332
0.332
0.332
0.332
0.332
0.333
0.333
0.334
0.334
0.334
0.334
0.334
0.335
0.336
0.336
0.336
0.338
0.338
0.338
0.338
0.339
0.339
0.34
0.34
0.341
0.343
0.343
0.343
0.345
0.345
0.347
0.347
0.347
0.348
0.348
0.349
0.349
0.35
0.351
0.351
0.352
0.352
0.352
0.353
0.354
0.355
0.357
0.359
0.361
0.363
0.363
0.366
0.367
0.37
0.372
0.374
0.379
0.382
0.383
0.384
0.388
0.394
0.401
0.404
0.407
0.413
0.413
0.417
0.42
0.424
0.427
0.431
0.433
0.435
0.437
0.439
0.442
0.442
0.444
0.444
0.446
0.449
0.453
0.457
0.459
0.46
0.46
0.463
0.463
0.465
0.465
0.466
0.467
0.474
0.477
0.48
0.481
0.481
0.486
0.489
0.492
0.496
0.497
0.504
0.507
0.512
0.517
0.519
0.522
0.524
0.524
0.524
0.531
0.534
0.538
0.539
0.54
0.543
0.545
0.547
0.55
0.557
0.561
0.567
0.572
0.574
0.574
0.575
0.578
0.583
0.587
0.592
0.595
0.6
0.602
0.604
0.608
0.61
0.611
0.615
0.618
0.621
0.626
0.629
0.633
0.639
0.642
0.648
0.651
0.657
0.661
0.664
0.669
0.67
0.673
0.675
0.676
0.681
0.683
0.686
0.691
0.695
0.697
0.7
0.704
0.708
0.712
0.717
0.722
0.728
0.73
0.736
0.739
0.745
0.749
0.755
0.756
0.76
0.761
0.768
0.774
0.78
0.783
0.787
0.794
0.797
0.803
0.807
0.81
0.813
0.819
0.821
0.822
0.826
0.832
0.835
0.838
0.842
0.848
0.851
0.856
0.866
0.869
0.876
0.883
0.887
0.894
0.897
0.9
0.903
0.906
0.91
0.915
0.92
0.926
0.931
0.936
0.946
0.95
0.956
0.963
0.972
0.977
0.979
0.985
0.99
0.997
1.001
1.007
1.01
1.015
1.02
1.024
1.031
1.036
1.042
1.051
1.055
1.059
1.069
1.074
1.082
1.088
1.093
1.101
1.108
1.115
1.118
1.122
1.127
1.134
1.141
1.145
1.146
1.154
1.156
1.162
1.168
1.173
1.181
1.189
1.196
1.2
1.211
1.219
1.224
1.232
1.238
1.241
1.248
1.255
1.261
1.274
1.278
1.284
1.29
1.294
1.299
1.304
1.312
1.314
1.329
1.34
1.346
1.353
1.357
1.364
1.368
1.377
1.384
1.396
1.403
1.41
1.411
1.422
1.426
1.437
1.445
1.453
1.463
1.472
1.485
1.493
1.496
1.498
1.509
1.516
1.523
1.531
1.537
1.544
1.554
1.564
1.575
1.584
1.592
1.599
1.606
1.615
1.62
1.629
1.636
1.651
1.661
1.67
1.677
1.682
1.689
1.698
1.704
1.714
1.727
1.74
1.741
1.753
1.764
1.77
1.785
1.794
1.801
1.812
1.827
1.84
1.857
1.867
1.874
1.884
1.9
1.908
1.929
1.945
1.958
1.971
1.986
2.004
2.019
2.042
2.053
2.078
2.097
2.115
2.136
2.159
2.185
2.209
2.227
2.249
2.274
2.304
2.328
2.366
2.402
2.441
2.475
2.52
2.572
2.618
2.681
2.735
2.784
2.854
2.975
3.724
3.962
4.513
4.604
4.747
4.916
