0.05
0.15
0.37
0.5
0.6
0.68
0.76
0.8
0.82
0.85
0.86
0.88
0.89
0.9
0.94
0.99
1.04
1.12
1.17
1.21
1.25
1.26
1.29
1.29
1.3
1.32
1.34
1.36
1.39
1.42
1.44
1.46
1.52
1.54
1.54
1.54
1.58
1.61
1.65
1.68
1.73
1.79
1.83
1.86
1.91
1.94
1.97
1.98
2.05
2.07
2.09
2.13
2.15
2.17
2.2
2.22
2.25
2.29
2.31
2.33
2.34
2.36
2.36
2.38
2.38
2.4
2.41
2.45
2.48
2.49
2.51
2.52
2.53
2.58
2.6
2.62
2.65
2.68
2.69
2.7
2.7
2.72
2.74
2.76
2.76
2.78
2.78
2.79
2.83
2.83
2.83
2.84
2.86
2.88
2.91
2.94
2.97
3.02
3.07
3.11
3.16
3.22
3.28
3.35
3.38
3.38
3.41
3.41
3.44
3.46
3.48
3.5
3.51
3.52
3.55
3.57
3.57
3.63
3.65
3.66
3.67
3.68
3.69
3.71
3.75
3.78
3.8
3.81
3.82
3.87
3.89
3.92
3.94
3.95
3.98
4.0
4.02
4.03
4.06
4.1
4.12
4.15
4.17
4.2
4.27
4.31
4.32
4.35
4.39
4.44
4.47
4.49
4.5
4.53
4.54
4.59
4.63
4.68
4.68
4.68
4.72
4.74
4.76
4.8
4.82
4.85
4.9
4.92
4.93
4.95
5.0
5.0
5.03
5.06
5.11
5.14
5.14
5.16
5.19
5.21
5.21
5.21
5.24
5.29
5.32
5.37
5.38
5.45
5.47
5.49
5.5
5.53
5.56
5.61
5.63
5.66
5.7
5.7
5.74
5.74
5.75
5.79
5.83
5.86
5.88
5.88
5.93
5.96
5.96
5.99
5.99
6.03
6.07
6.09
6.12
6.13
6.14
6.18
6.2
6.25
6.3
6.32
6.33
6.36
6.38
6.44
6.5
6.53
6.58
6.62
6.64
6.65
6.66
6.69
6.71
6.72
6.75
6.76
6.77
6.81
6.85
6.87
6.9
6.92
6.95
6.97
7.04
7.07
7.09
7.09
7.17
7.18
7.19
7.2
7.2
7.27
7.32
7.35
7.38
7.39
7.43
7.46
7.48
7.51
7.54
7.59
7.62
7.64
7.68
7.69
7.72
7.73
7.76
7.79
7.83
7.86
7.87
7.88
7.92
7.98
7.99
8.05
8.09
8.1
8.15
8.17
8.19
8.24
8.25
8.28
8.29
8.33
8.35
8.37
8.42
8.48
8.51
8.54
8.54
8.56
8.64
8.66
8.69
8.73
8.76
8.79
8.81
8.85
8.87
8.88
8.94
9.0
9.06
9.09
9.11
9.11
9.11
9.15
9.21
9.24
9.26
9.28
9.3
9.35
9.41
9.44
9.46
9.49
9.52
9.57
9.61
9.63
9.68
9.74
9.8
9.86
9.88
9.93
9.96
10.0
10.07
10.11
10.17
10.24
10.29
10.32
10.34
10.41
10.45
10.48
10.49
10.51
10.56
10.59
10.65
10.7
10.74
10.76
10.84
10.92
10.97
11.02
11.04
11.12
11.16
11.18
11.23
11.28
11.32
11.39
11.5
11.57
11.62
11.66
11.73
11.77
11.83
11.91
11.98
12.04
12.1
12.16
12.2
12.28
12.34
12.38
12.48
12.57
12.61
12.7
12.78
12.85
12.9
13.03
13.07
13.15
13.23
13.32
13.44
13.54
13.63
13.72
13.86
13.92
13.99
14.1
14.18
14.29
14.39
14.52
14.66
14.74
14.81
15.0
15.06
15.2
15.33
15.42
15.52
15.66
15.83
16.02
16.17
16.25
16.46
16.67
16.82
17.07
17.23
17.42
17.69
17.87
18.16
18.41
18.7
18.99
19.24
19.58
19.9
20.3
20.58
20.94
21.39
21.98
22.41
23.32
24.15
26.13
28.68
34.69
