0.328
0.328
0.328
0.328
0.328
0.328
0.328
0.328
0.33
0.33
0.332
0.332
0.332
0.332
0.332
0.333
0.333
0.333
0.334
0.334
0.334
0.334
0.334
0.336
0.337
0.337
0.339
0.339
0.339
0.341
0.342
0.345
0.346
0.349
0.352
0.353
0.353
0.357
0.361
0.366
0.368
0.37
0.371
0.373
0.374
0.376
0.377
0.378
0.38
0.382
0.383
0.386
0.388
0.39
0.392
0.395
0.399
0.4
0.403
0.406
0.412
0.414
0.416
0.42
0.422
0.426
0.429
0.437
0.441
0.447
0.45
0.454
0.456
0.459
0.461
0.463
0.467
0.472
0.474
0.477
0.48
0.489
0.491
0.492
0.496
0.499
0.503
0.507
0.51
0.512
0.515
0.518
0.52
0.521
0.526
0.528
0.532
0.537
0.543
0.546
0.549
0.55
0.551
0.554
0.558
0.56
0.562
0.563
0.565
0.568
0.573
0.578
0.579
0.589
0.599
0.603
0.607
0.61
0.611
0.617
0.619
0.625
0.633
0.634
0.637
0.637
0.641
0.642
0.645
0.649
0.652
0.656
0.66
0.664
0.67
0.672
0.674
0.677
0.68
0.683
0.687
0.69
0.693
0.694
0.704
0.706
0.709
0.714
0.715
0.72
0.721
0.724
0.728
0.73
0.734
0.742
0.747
0.753
0.759
0.76
0.765
0.767
0.77
0.771
0.775
0.775
0.778
0.785
0.787
0.789
0.792
0.797
0.801
0.807
0.81
0.814
0.815
0.818
0.821
0.829
0.835
0.839
0.843
0.845
0.847
0.85
0.856
0.859
0.862
0.863
0.87
0.874
0.876
0.88
0.884
0.891
0.894
0.898
0.899
0.904
0.906
0.908
0.917
0.92
0.925
0.93
0.933
0.937
0.943
0.946
0.948
0.95
0.954
0.962
0.965
0.966
0.972
0.978
0.98
0.985
0.991
0.993
0.994
0.999
1.002
1.007
1.011
1.016
1.02
1.024
1.028
1.03
1.034
1.035
1.04
1.045
1.048
1.053
1.061
1.061
1.065
1.073
1.076
1.079
1.083
1.092
1.095
1.103
1.111
1.115
1.118
1.122
1.124
1.127
1.129
1.131
1.137
1.141
1.148
1.151
1.156
1.162
1.169
1.174
1.182
1.186
1.193
1.195
1.199
1.201
1.202
1.205
1.206
1.211
1.213
1.217
1.223
1.232
1.236
1.24
1.242
1.252
1.264
1.27
1.275
1.28
1.285
1.293
1.296
1.297
1.302
1.305
1.309
1.313
1.316
1.323
1.327
1.33
1.336
1.341
1.35
1.354
1.36
1.367
1.375
1.379
1.386
1.391
1.395
1.399
1.403
1.407
1.411
1.412
1.416
1.421
1.427
1.432
1.438
1.446
1.452
1.462
1.469
1.474
1.483
1.488
1.492
1.498
1.5
1.501
1.505
1.509
1.512
1.52
1.525
1.532
1.544
1.551
1.558
1.562
1.568
1.571
1.578
1.583
1.585
1.59
1.597
1.603
1.612
1.617
1.621
1.626
1.633
1.644
1.648
1.653
1.655
1.662
1.669
1.672
1.678
1.685
1.692
1.698
1.701
1.704
1.709
1.719
1.725
1.734
1.743
1.751
1.757
1.767
1.776
1.78
1.786
1.79
1.796
1.804
1.808
1.821
1.828
1.835
1.843
1.853
1.868
1.876
1.883
1.897
1.902
1.906
1.911
1.923
1.939
1.947
1.951
1.955
1.959
1.976
1.991
2.001
2.008
2.016
2.025
2.033
2.047
2.058
2.068
2.078
2.086
2.102
2.118
2.13
2.146
2.157
2.17
2.183
2.204
2.216
2.227
2.247
2.264
2.293
2.318
2.335
2.347
2.364
2.388
2.411
2.432
2.457
2.484
2.516
2.548
2.584
2.622
2.654
2.701
2.745
2.796
2.854
2.945
3.092
3.34
3.535
3.751
3.933
4.13
4.534
