0.328
0.328
0.328
0.328
0.328
0.328
0.328
0.33
0.33
0.331
0.331
0.332
0.332
0.332
0.332
0.333
0.333
0.334
0.334
0.336
0.336
0.336
0.336
0.337
0.338
0.338
0.338
0.338
0.338
0.339
0.341
0.341
0.342
0.342
0.342
0.345
0.345
0.346
0.347
0.348
0.349
0.349
0.349
0.349
0.351
0.351
0.353
0.354
0.354
0.355
0.356
0.356
0.359
0.362
0.363
0.366
0.366
0.368
0.371
0.373
0.377
0.382
0.386
0.39
0.393
0.397
0.402
0.412
0.414
0.415
0.419
0.424
0.427
0.433
0.438
0.441
0.446
0.451
0.452
0.454
0.456
0.457
0.458
0.459
0.46
0.463
0.463
0.463
0.463
0.464
0.464
0.465
0.468
0.468
0.47
0.471
0.471
0.478
0.48
0.484
0.485
0.488
0.49
0.495
0.499
0.507
0.514
0.519
0.526
0.53
0.534
0.539
0.542
0.545
0.551
0.552
0.553
0.557
0.559
0.56
0.562
0.563
0.563
0.564
0.564
0.566
0.567
0.568
0.57
0.573
0.577
0.583
0.588
0.594
0.597
0.604
0.608
0.617
0.62
0.622
0.628
0.631
0.635
0.64
0.644
0.649
0.649
0.649
0.649
0.65
0.652
0.655
0.658
0.661
0.663
0.665
0.667
0.671
0.676
0.683
0.69
0.696
0.703
0.708
0.709
0.71
0.712
0.713
0.716
0.719
0.72
0.722
0.727
0.732
0.734
0.737
0.737
0.744
0.744
0.747
0.754
0.761
0.765
0.77
0.775
0.778
0.781
0.787
0.792
0.796
0.8
0.802
0.804
0.805
0.809
0.812
0.815
0.816
0.816
0.819
0.826
0.831
0.835
0.841
0.848
0.851
0.854
0.857
0.861
0.867
0.868
0.875
0.883
0.887
0.892
0.894
0.897
0.898
0.9
0.903
0.908
0.91
0.914
0.917
0.919
0.923
0.93
0.935
0.941
0.943
0.944
0.949
0.955
0.958
0.963
0.97
0.977
0.981
0.985
0.985
0.987
0.992
0.995
0.995
0.997
0.998
1.0
1.002
1.004
1.009
1.013
1.017
1.023
1.028
1.039
1.044
1.051
1.065
1.068
1.073
1.081
1.084
1.088
1.091
1.091
1.091
1.093
1.095
1.097
1.1
1.101
1.101
1.111
1.114
1.12
1.127
1.131
1.138
1.143
1.144
1.149
1.156
1.16
1.164
1.168
1.172
1.174
1.177
1.179
1.179
1.186
1.189
1.191
1.194
1.198
1.203
1.217
1.22
1.224
1.231
1.233
1.235
1.238
1.242
1.247
1.252
1.255
1.257
1.26
1.267
1.268
1.27
1.274
1.281
1.283
1.287
1.293
1.294
1.301
1.306
1.31
1.316
1.321
1.323
1.327
1.334
1.336
1.344
1.347
1.348
1.35
1.353
1.357
1.36
1.363
1.366
1.37
1.373
1.376
1.38
1.389
1.391
1.4
1.402
1.405
1.408
1.413
1.418
1.424
1.424
1.429
1.436
1.442
1.446
1.454
1.455
1.462
1.468
1.469
1.476
1.479
1.481
1.486
1.49
1.496
1.499
1.508
1.509
1.518
1.522
1.529
1.535
1.538
1.542
1.545
1.555
1.559
1.563
1.571
1.579
1.581
1.586
1.593
1.599
1.603
1.609
1.613
1.622
1.627
1.629
1.637
1.642
1.647
1.655
1.657
1.663
1.666
1.673
1.679
1.685
1.69
1.693
1.699
1.705
1.712
1.721
1.731
1.737
1.744
1.748
1.752
1.756
1.762
1.764
1.77
1.776
1.781
1.791
1.795
1.801
1.808
1.816
1.824
1.829
1.835
1.842
1.849
1.853
1.863
1.87
1.875
1.881
1.886
1.896
1.902
1.907
1.914
1.927
1.936
1.946
1.955
1.961
1.968
1.974
1.978
1.986
1.994
2.007
2.013
2.03
2.039
2.048
2.054
2.06
2.075
2.083
2.095
2.109
2.117
2.123
2.137
2.148
2.16
2.179
2.189
2.193
2.208
2.219
2.233
2.248
2.265
2.274
2.29
2.305
2.323
2.336
2.354
2.377
2.403
2.431
2.455
2.48
2.508
2.538
2.569
2.598
2.639
2.669
2.719
2.757
2.8
2.848
2.911
3.03
3.133
3.338
3.442
3.849
4.213
4.693
