0.173185
0.173185
0.197257
0.197257
0.197383
0.197383
0.197561
0.197561
0.226637
0.226637
0.227524
0.227524
0.246848
0.246848
0.261561
0.261561
0.286358
0.286358
0.305437
0.312012
0.312012
0.312139
0.312139
0.323499
0.323499
0.354751
0.354751
0.358217
0.358217
0.366643
0.366975
0.366975
0.369292
0.369292
0.374744
0.374744
0.385223
0.391735
0.391735
0.397328
0.397328
0.39861
0.401283
0.401283
0.402643
0.403635
0.411687
0.411687
0.412796
0.412796
0.42406
0.42406
0.428493
0.428493
0.439153
0.439153
0.439178
0.439178
0.453506
0.453506
0.455587
0.455587
0.45827
0.47416
0.47416
0.488652
0.488652
0.490955
0.493265
0.506151
0.506151
0.506335
0.510037
0.510037
0.514938
0.514938
0.516189
0.516189
0.51889
0.520011
0.520011
0.539794
0.539794
0.540635
0.540635
0.552195
0.552195
0.557356
0.581044
0.591154
0.600678
0.600678
0.603514
0.603514
0.604316
0.604316
0.605489
0.605489
0.611222
0.617196
0.617196
0.622938
0.622938
0.623677
0.623677
0.624587
0.625021
0.635992
0.635992
0.658794
0.663416
0.663416
0.668471
0.67103
0.67103
0.681217
0.693306
0.693455
0.738033
0.738033
0.753712
0.759221
0.763033
0.763684
0.763684
0.767671
0.767671
0.778131
0.835336
0.854543
0.855431
0.855431
0.876011
0.876011
0.87699
0.87699
0.879431
0.88629
0.892009
0.892009
0.904025
0.904025
0.910949
0.917039
0.917039
0.919516
0.924099
0.932248
0.934877
0.959249
0.962673
0.979503
0.979503
0.991713
0.991713
0.998851
1.00321
1.00321
1.02802
1.04011
1.04639
1.05151
1.05419
1.05419
1.09534
1.11408
1.13721
1.14822
1.15885
1.15885
1.1703
1.1703
1.17129
1.18939
1.18939
1.21761
1.24471
1.26817
1.30296
1.30501
1.3299
1.3954
1.3977
1.3977
1.43894
1.48969
1.51584
1.53124
1.55406
1.55406
1.55702
1.75966
1.81761
1.87016
1.94001
1.9865
2.20533
2.73122
2.82926
2.87551
