0.155417
0.155417
0.16131
0.161312
0.167808
0.168223
0.17382
0.174298
0.180216
0.182287
0.187304
0.188752
0.192436
0.194963
0.199077
0.202606
0.205851
0.210135
0.211655
0.216248
0.218178
0.222222
0.224214
0.228875
0.231271
0.235065
0.238287
0.242206
0.245234
0.248562
0.251899
0.255037
0.258481
0.26267
0.264669
0.268584
0.270618
0.274106
0.276733
0.280888
0.283677
0.28687
0.288691
0.291932
0.294363
0.297468
0.299393
0.302699
0.304607
0.30726
0.309053
0.311703
0.313209
0.315404
0.317257
0.319074
0.320841
0.322623
0.324319
0.326311
0.327862
0.329814
0.33174
0.33345
0.335387
0.337412
0.33911
0.341179
0.34366
0.345763
0.34722
0.349579
0.35105
0.353458
0.355224
0.356779
0.35925
0.360943
0.362891
0.364831
0.36693
0.368497
0.37055
0.372864
0.374896
0.376494
0.37907
0.381024
0.383254
0.385647
0.388129
0.389746
0.391371
0.39337
0.39506
0.396846
0.398533
0.400611
0.402479
0.40431
0.406326
0.407991
0.410106
0.411711
0.413598
0.415381
0.417324
0.419281
0.4212
0.423235
0.425841
0.427892
0.430081
0.431647
0.4341
0.436313
0.438514
0.440817
0.443263
0.445907
0.448312
0.450387
0.452975
0.455155
0.457322
0.459691
0.462281
0.464819
0.467283
0.469475
0.471361
0.473826
0.476067
0.478737
0.48114
0.483533
0.485898
0.488955
0.49147
0.494566
0.496482
0.498814
0.500991
0.503368
0.50637
0.509231
0.511432
0.513959
0.516105
0.51862
0.521039
0.524306
0.526639
0.528937
0.53199
0.53489
0.538063
0.541464
0.544541
0.54753
0.55016
0.553258
0.556463
0.559937
0.563636
0.566534
0.569289
0.572392
0.575079
0.577419
0.581512
0.58421
0.587115
0.59013
0.592699
0.594786
0.597591
0.601389
0.604607
0.606992
0.610545
0.613281
0.615997
0.619146
0.621573
0.624592
0.627288
0.630086
0.632895
0.635246
0.63864
0.641982
0.645106
0.647679
0.650872
0.654358
0.658149
0.660999
0.664482
0.66834
0.671464
0.67514
0.678512
0.681478
0.684443
0.687248
0.691577
0.696325
0.700727
0.704894
0.709784
0.713681
0.717811
0.721993
0.726888
0.731892
0.7355
0.74089
0.745775
0.749951
0.754077
0.758029
0.762426
0.767644
0.772055
0.777581
0.783527
0.789345
0.794745
0.800932
0.806735
0.813041
0.818803
0.824865
0.830486
0.836819
0.843073
0.848974
0.855681
0.862612
0.870246
0.876567
0.884408
0.890983
0.898425
0.904612
0.911896
0.917836
0.923538
0.930007
0.93629
0.945553
0.950938
0.958494
0.966513
0.972915
0.980622
0.988231
0.996095
1.00538
1.01167
1.02
1.03043
1.03686
1.04283
1.04946
1.05724
1.06378
1.07059
1.07716
1.08342
1.09359
1.10155
1.10972
1.12009
1.12871
1.14689
1.16149
1.17911
1.19546
1.21117
1.2301
1.2516
1.27126
1.29174
1.30819
1.32734
1.34486
1.36305
1.39285
1.42881
1.46018
1.50193
1.53255
1.57658
1.64936
1.70637
1.77595
1.83971
2.37302
