0.03
0.12
0.28
0.34
0.4
0.48
0.52
0.59
0.62
0.64
0.68
0.71
0.78
0.8
0.84
0.84
0.87
0.87
0.87
0.88
0.88
0.88
0.9
0.91
0.91
0.93
0.94
0.95
0.99
1.03
1.07
1.08
1.09
1.09
1.1
1.12
1.13
1.16
1.19
1.21
1.21
1.23
1.23
1.26
1.27
1.3
1.32
1.32
1.34
1.38
1.41
1.44
1.46
1.48
1.5
1.52
1.53
1.53
1.53
1.55
1.56
1.6
1.62
1.64
1.67
1.68
1.69
1.72
1.72
1.75
1.77
1.78
1.78
1.8
1.81
1.84
1.86
1.88
1.88
1.89
1.89
1.9
1.92
1.93
1.95
1.96
1.96
1.99
1.99
2.02
2.03
2.05
2.06
2.08
2.09
2.09
2.1
2.11
2.12
2.14
2.14
2.18
2.2
2.23
2.25
2.28
2.3
2.34
2.37
2.38
2.42
2.45
2.45
2.47
2.48
2.51
2.53
2.54
2.56
2.57
2.58
2.59
2.65
2.67
2.74
2.79
2.8
2.81
2.84
2.87
2.91
2.92
2.94
2.95
2.96
2.98
2.98
3.01
3.03
3.05
3.06
3.08
3.1
3.12
3.14
3.14
3.15
3.15
3.15
3.19
3.25
3.27
3.32
3.34
3.38
3.39
3.42
3.47
3.49
3.52
3.53
3.55
3.55
3.57
3.65
3.68
3.72
3.73
3.77
3.81
3.81
3.83
3.87
3.88
3.89
3.93
3.98
4.02
4.04
4.07
4.12
4.16
4.16
4.19
4.22
4.28
4.29
4.31
4.35
4.4
4.48
4.51
4.55
4.59
4.59
4.62
4.66
4.71
4.74
4.78
4.83
4.85
4.9
4.93
4.97
5.0
5.05
5.05
5.14
5.19
5.25
5.3
5.34
5.44
5.48
5.53
5.56
5.57
5.62
5.64
5.7
5.75
5.84
5.9
5.99
6.02
6.05
6.08
6.14
6.17
6.23
6.28
6.36
6.43
6.54
6.61
6.66
6.7
6.76
6.79
6.84
6.9
6.95
7.06
7.2
7.28
7.33
7.39
7.47
7.52
7.59
7.73
7.77
7.87
7.91
8.0
8.05
8.16
8.24
8.35
8.46
8.53
8.67
8.83
8.99
9.11
9.19
9.37
9.46
9.59
9.79
9.9
10.05
10.1
10.2
10.44
10.65
10.79
11.0
11.23
11.55
11.78
11.98
12.23
12.45
12.72
13.07
13.44
13.81
14.18
14.62
15.14
15.87
16.99
18.17
19.92
22.1
25.54
27.63
29.46
