0.03
0.06
0.13
0.15
0.25
0.38
0.48
0.6
0.65
0.7
0.72
0.76
0.79
0.82
0.88
0.88
0.89
0.92
0.94
0.94
0.94
0.94
0.95
0.96
0.96
0.96
0.99
1.0
1.0
1.01
1.01
1.03
1.03
1.05
1.07
1.08
1.09
1.1
1.1
1.16
1.2
1.23
1.28
1.32
1.37
1.4
1.46
1.48
1.53
1.57
1.59
1.59
1.59
1.63
1.64
1.64
1.64
1.64
1.64
1.66
1.67
1.68
1.68
1.7
1.73
1.76
1.76
1.8
1.81
1.84
1.85
1.9
1.92
1.95
1.96
1.98
2.0
2.0
2.02
2.04
2.05
2.08
2.09
2.09
2.09
2.1
2.11
2.11
2.12
2.13
2.13
2.14
2.15
2.18
2.19
2.19
2.21
2.23
2.23
2.27
2.3
2.35
2.38
2.41
2.42
2.45
2.47
2.48
2.49
2.52
2.54
2.58
2.59
2.6
2.62
2.63
2.64
2.68
2.72
2.74
2.74
2.76
2.76
2.78
2.8
2.82
2.86
2.86
2.86
2.9
2.93
2.97
3.0
3.02
3.03
3.06
3.06
3.08
3.1
3.12
3.13
3.16
3.18
3.21
3.22
3.24
3.28
3.29
3.33
3.36
3.42
3.44
3.5
3.55
3.59
3.61
3.63
3.65
3.66
3.67
3.69
3.69
3.71
3.74
3.75
3.76
3.79
3.82
3.82
3.85
3.86
3.86
3.87
3.89
3.91
3.91
3.94
3.97
3.99
4.01
4.04
4.05
4.1
4.16
4.21
4.27
4.29
4.32
4.34
4.35
4.41
4.46
4.47
4.51
4.55
4.58
4.61
4.61
4.63
4.64
4.64
4.65
4.69
4.7
4.72
4.76
4.77
4.77
4.78
4.8
4.84
4.88
4.89
4.93
4.97
4.99
5.03
5.06
5.12
5.16
5.19
5.23
5.25
5.26
5.3
5.35
5.36
5.38
5.39
5.4
5.45
5.47
5.5
5.53
5.59
5.65
5.67
5.72
5.79
5.84
5.86
5.88
5.97
6.01
6.02
6.06
6.08
6.1
6.13
6.16
6.25
6.27
6.3
6.37
6.41
6.41
6.42
6.44
6.5
6.54
6.58
6.62
6.64
6.69
6.76
6.78
6.81
6.85
6.87
6.93
7.0
7.03
7.07
7.13
7.17
7.23
7.25
7.28
7.37
7.44
7.46
7.5
7.61
7.65
7.69
7.75
7.83
7.86
7.89
7.92
7.96
8.0
8.07
8.22
8.27
8.35
8.4
8.46
8.56
8.57
8.66
8.74
8.82
8.88
8.97
9.06
9.15
9.21
9.28
9.35
9.42
9.5
9.6
9.69
9.8
9.93
10.05
10.2
10.35
10.46
10.56
10.64
10.75
10.88
11.0
11.13
11.25
11.37
11.6
11.82
11.95
12.16
12.42
12.65
12.93
13.28
13.58
13.9
14.35
14.74
15.24
15.81
16.48
17.3
19.32
21.08
22.7
25.54
29.29
