0.152029
0.152029
0.155034
0.155034
0.156952
0.156975
0.159452
0.159757
0.16386
0.164247
0.167844
0.168225
0.171763
0.172164
0.17618
0.177137
0.179904
0.181047
0.183916
0.185055
0.187481
0.188745
0.19098
0.192235
0.194195
0.195775
0.198019
0.199348
0.201138
0.202987
0.204617
0.206389
0.208109
0.209664
0.21138
0.212585
0.214224
0.215833
0.217309
0.218615
0.22004
0.221805
0.22314
0.224702
0.226025
0.227791
0.22929
0.230523
0.232141
0.233622
0.235301
0.23697
0.23829
0.240127
0.242019
0.243436
0.24497
0.24674
0.248054
0.249585
0.250723
0.252292
0.253507
0.254459
0.256123
0.257067
0.258655
0.259923
0.26154
0.262651
0.2641
0.265321
0.26643
0.267903
0.268995
0.270588
0.271719
0.272845
0.274077
0.275455
0.276611
0.277555
0.27887
0.280132
0.28099
0.282225
0.283185
0.283969
0.285375
0.286285
0.287567
0.288732
0.28957
0.290537
0.291496
0.292404
0.293332
0.294294
0.295331
0.296458
0.297397
0.298751
0.299704
0.300504
0.301834
0.302574
0.303805
0.305095
0.306077
0.307095
0.308349
0.309324
0.310377
0.311336
0.312559
0.313506
0.31507
0.316264
0.317151
0.317991
0.319322
0.320275
0.321114
0.322232
0.323302
0.324307
0.32544
0.326387
0.327316
0.328239
0.32946
0.330599
0.331767
0.332905
0.334012
0.334979
0.336092
0.337206
0.338255
0.339361
0.340352
0.341155
0.342238
0.343142
0.344294
0.345113
0.346253
0.347067
0.347991
0.348674
0.349405
0.350569
0.351527
0.352565
0.353583
0.354692
0.355521
0.3568
0.357834
0.358695
0.359807
0.361019
0.361903
0.363046
0.364371
0.365234
0.366309
0.36744
0.368641
0.369657
0.370573
0.371451
0.372452
0.373204
0.374291
0.375527
0.376418
0.377614
0.378505
0.379679
0.380585
0.381782
0.383083
0.384197
0.385346
0.386298
0.387355
0.38825
0.389292
0.390516
0.391624
0.392607
0.393645
0.394688
0.395823
0.396943
0.397943
0.399102
0.400133
0.40104
0.402076
0.403184
0.404225
0.40499
0.406128
0.407354
0.40849
0.40946
0.410617
0.411878
0.412879
0.414069
0.415228
0.416201
0.417551
0.41869
0.419854
0.420971
0.422189
0.42305
0.424057
0.425501
0.426609
0.427775
0.428898
0.430118
0.431403
0.432766
0.433834
0.434934
0.435991
0.437191
0.438484
0.43949
0.440541
0.441848
0.443011
0.444205
0.44564
0.446889
0.448399
0.449788
0.451021
0.45239
0.453669
0.454845
0.45601
0.457352
0.458383
0.45994
0.461038
0.462723
0.463763
0.465007
0.466473
0.467843
0.469605
0.471393
0.47283
0.474222
0.475593
0.477154
0.478799
0.480235
0.481796
0.48335
0.48534
0.486684
0.488328
0.489753
0.491447
0.493274
0.494867
0.496407
0.497896
0.499459
0.501467
0.503001
0.504985
0.506762
0.508498
0.510261
0.511828
0.51383
0.515841
0.518443
0.520415
0.522403
0.524584
0.526427
0.528483
0.530179
0.532451
0.534159
0.536421
0.538512
0.540406
0.542474
0.544869
0.546941
0.548822
0.55088
0.553012
0.554988
0.556727
0.559107
0.561711
0.56332
0.565046
0.566998
0.569243
0.571139
0.573249
0.5753
0.577876
0.579851
0.581838
0.584196
0.585933
0.588307
0.590212
0.59231
0.594799
0.596717
0.598948
0.600813
0.602993
0.60539
0.608009
0.610256
0.612086
0.614948
0.617273
0.619785
0.62205
0.624822
0.626855
0.628956
0.631065
0.633763
0.63654
0.639249
0.641903
0.644227
0.646963
0.649484
0.651626
0.654384
0.656773
0.659469
0.662071
0.664895
0.667729
0.670039
0.672759
0.676479
0.679368
0.682428
0.68624
0.689881
0.693352
0.696837
0.699468
0.70337
0.707774
0.710761
0.713046
0.71667
0.719797
0.723144
0.72776
0.731325
0.73511
0.739925
0.742964
0.747064
0.751581
0.755307
0.75939
0.763098
0.767122
0.770646
0.775423
0.780189
0.784606
0.788477
0.793391
0.798076
0.803318
0.808291
0.814021
0.818973
0.823584
0.828418
0.832901
0.836777
0.841376
0.844695
0.85
0.854739
0.858733
0.862386
0.866567
0.870923
0.874802
0.879163
0.883154
0.887915
0.893384
0.899362
0.904087
0.909863
0.917774
0.923099
0.930829
0.938548
0.945335
0.951781
0.957706
0.963326
0.971362
0.97792
0.983707
0.990842
0.997799
1.00385
1.01078
1.01982
1.02828
1.03647
1.04515
1.05432
1.06558
1.07907
1.09519
1.11069
1.12739
1.13944
1.1563
1.17503
1.19641
1.22434
1.24323
1.28181
1.31408
1.34539
1.39028
1.4752
1.56755
1.67992
