0.146542
0.146542
0.14974
0.14974
0.149814
0.149814
0.149949
0.149949
0.151179
0.151179
0.151604
0.151604
0.152035
0.152035
0.152041
0.152041
0.152191
0.152191
0.152251
0.152251
0.152522
0.152522
0.152687
0.152687
0.153508
0.153508
0.153761
0.153761
0.154124
0.154124
0.154444
0.154444
0.154776
0.154776
0.155178
0.155178
0.156835
0.156835
0.157941
0.157941
0.159162
0.159378
0.159378
0.160357
0.160357
0.160814
0.162288
0.162288
0.163002
0.163002
0.163634
0.163634
0.16387
0.16387
0.163971
0.163971
0.164647
0.164647
0.164976
0.164976
0.166236
0.166236
0.167252
0.167252
0.167299
0.167299
0.169358
0.169358
0.169491
0.169491
0.169529
0.169529
0.170398
0.170398
0.173513
0.173513
0.173649
0.173649
0.17602
0.176445
0.176445
0.176505
0.176505
0.177602
0.177602
0.179227
0.179227
0.179659
0.179659
0.180465
0.180465
0.181528
0.181528
0.185827
0.185827
0.18837
0.18837
0.189845
0.189845
0.190096
0.190096
0.190221
0.190221
0.191236
0.191236
0.192517
0.192517
0.192718
0.192718
0.194395
0.194395
0.195173
0.195173
0.196878
0.196878
0.198402
0.198402
0.20019
0.200391
0.201785
0.201785
0.20332
0.20332
0.20819
0.210064
0.210064
0.210166
0.210166
0.211058
0.211058
0.21312
0.213228
0.214769
0.215371
0.215371
0.215459
0.215459
0.216373
0.21803
0.21803
0.218081
0.218081
0.219865
0.220548
0.220548
0.221537
0.221598
0.221598
0.226822
0.226822
0.227067
0.227067
0.22718
0.22718
0.227213
0.227213
0.227267
0.227267
0.228426
0.228532
0.228532
0.229551
0.229551
0.231167
0.231167
0.232523
0.232523
0.232611
0.232611
0.232931
0.232931
0.233921
0.234011
0.234011
0.235618
0.235618
0.237345
0.237345
0.238565
0.238565
0.239739
0.239739
0.240351
0.240351
0.240645
0.240645
0.240952
0.240952
0.241675
0.24283
0.24283
0.24873
0.24873
0.250804
0.250804
0.25104
0.251218
0.251218
0.251234
0.253861
0.253861
0.254569
0.255037
0.257123
0.257123
0.257533
0.257533
0.259659
0.259659
0.262801
0.263583
0.263583
0.264629
0.264895
0.264916
0.264916
0.265617
0.265617
0.265831
0.266305
0.266305
0.267392
0.267392
0.267577
0.269345
0.269345
0.27122
0.272713
0.272713
0.273176
0.273545
0.273545
0.274872
0.27557
0.27557
0.276772
0.276994
0.276994
0.277559
0.278366
0.278366
0.279853
0.279853
0.280525
0.280525
0.280915
0.281105
0.281105
0.281226
0.281982
0.282274
0.282274
0.282595
0.282595
0.28271
0.2833
0.283599
0.283599
0.284236
0.284236
0.28572
0.28572
0.286131
0.286491
0.286491
0.287916
0.288559
0.288696
0.290362
0.290362
0.290395
0.290395
0.290402
0.290402
0.290447
0.290447
0.291053
0.291637
0.291637
0.291946
0.291946
0.292184
0.292341
0.292586
0.293546
0.294921
0.295863
0.295863
0.296812
0.297014
0.298133
0.298133
0.299215
0.299441
0.299776
0.301133
0.301133
0.301223
0.301235
0.301235
0.30154
0.304543
0.304543
0.304636
0.305271
0.305271
0.305786
0.306085
0.306479
0.306713
0.306713
0.308076
0.308638
0.309878
0.310314
0.310314
0.311019
0.311019
0.312436
0.312436
0.312669
0.312669
0.313023
0.313023
0.316261
0.31721
0.31922
0.319684
0.319769
0.319769
0.319807
0.319807
0.319974
0.320385
0.321173
0.321173
0.321248
0.321248
0.32159
0.32159
0.321762
0.322563
0.322563
0.322949
0.324617
0.325049
0.325049
0.327917
0.328211
0.328995
0.32918
0.32918
0.329196
0.330241
0.330241
0.330746
0.331915
0.332494
0.332494
0.333001
0.333001
0.333773
0.335824
0.335824
0.336279
0.339462
0.339462
0.340277
0.340277
0.341081
0.341501
0.341501
0.344671
0.344671
0.345744
0.346958
0.348813
0.351455
0.351455
0.35708
0.357174
0.357174
0.357654
0.359288
0.359288
0.359727
0.361351
0.361926
0.362212
0.362423
0.36252
0.36252
0.363004
0.364398
0.365446
0.366392
0.366427
0.366934
0.366934
0.368273
0.368273
0.369647
0.369773
0.371262
0.371316
0.371316
0.371803
0.371866
0.372599
0.372824
0.374105
0.374105
0.374337
0.376006
0.376417
0.377369
0.377887
0.378296
0.378914
0.379323
0.379323
0.379438
0.379518
0.379518
0.381414
0.382193
0.382193
0.383741
0.384348
0.38546
0.38546
0.385547
0.386303
0.386303
0.386873
0.386873
0.39017
0.391173
0.391173
0.391262
0.391262
0.392139
0.392751
0.393507
0.394135
0.394135
0.394309
0.395914
0.396116
0.396116
0.396714
0.397802
0.400649
0.400649
0.40145
0.401835
0.401835
0.404589
0.404589
0.405505
0.406141
0.406849
0.4086
0.4086
0.408996
0.40912
0.410177
0.410177
0.411277
0.411277
0.411609
0.411609
0.411904
0.413556
0.413556
0.415256
0.415256
0.415405
0.415405
0.415533
0.417512
0.417512
0.418429
0.41867
0.419131
0.419131
0.419738
0.420757
0.422069
0.422744
0.427607
0.42899
0.42899
0.430006
0.430105
0.43285
0.434385
0.436586
0.436713
0.439088
0.439088
0.440355
0.44119
0.441312
0.442427
0.442633
0.4436
0.4436
0.444227
0.444341
0.444907
0.446072
0.446349
0.447346
0.448187
0.448387
0.451682
0.452312
0.453199
0.455401
0.45674
0.45674
0.457277
0.458513
0.459736
0.459736
0.462842
0.462842
0.465668
0.466348
0.466867
0.470315
0.471371
0.471371
0.473338
0.476069
0.476992
0.476992
0.477489
0.477695
0.477695
0.478851
0.480444
0.480472
0.487102
0.487823
0.487823
0.488435
0.489755
0.491776
0.492193
0.495632
0.497293
0.497368
0.497543
0.497599
0.498905
0.506286
0.506286
0.506491
0.506491
0.506642
0.506964
0.507098
0.507123
0.507123
0.508612
0.51116
0.511926
0.511993
0.51436
0.516435
0.517555
0.519299
0.521691
0.521992
0.522612
0.522958
0.524628
0.5259
0.52666
0.527326
0.527668
0.527668
0.528256
0.528717
0.528717
0.531548
0.534459
0.534607
0.536886
0.537067
0.538315
0.538751
0.538751
0.541446
0.543413
0.546434
0.547244
0.547654
0.547654
0.547961
0.55083
0.55083
0.551935
0.55247
0.55409
0.559681
0.562511
0.564734
0.568285
0.577556
0.577556
0.577783
0.577783
0.580591
0.580591
0.580957
0.584613
0.584613
0.584782
0.585199
0.585199
0.585627
0.587164
0.588053
0.589204
0.593018
0.593649
0.593663
0.594988
0.595375
0.596816
0.599529
0.602793
0.603128
0.603128
0.60323
0.60323
0.604904
0.606518
0.606518
0.606937
0.606937
0.606996
0.607404
0.616022
0.616022
0.617047
0.618809
0.618999
0.619221
0.619221
0.622531
0.625216
0.625771
0.625776
0.628006
0.628032
0.630441
0.630441
0.631392
0.632239
0.635748
0.635748
0.636127
0.638406
0.638732
0.641428
0.641428
0.641616
0.645135
0.647981
0.649291
0.651184
0.651466
0.65158
0.652265
0.652548
0.658393
0.658393
0.65956
0.661662
0.661662
0.662808
0.67136
0.67798
0.680417
0.682405
0.683202
0.68663
0.689232
0.689232
0.700016
0.700016
0.700554
0.700554
0.702787
0.704274
0.704274
0.704369
0.704747
0.708557
0.708809
0.709334
0.709639
0.710472
0.710472
0.712811
0.721006
0.721128
0.721322
0.723156
0.726187
0.728864
0.729453
0.73056
0.737708
0.738045
0.744904
0.745864
0.75389
0.75833
0.759314
0.763649
0.774506
0.781924
0.811162
0.815121
0.815125
0.818579
0.818579
0.830298
0.841264
0.851785
0.865065
0.898761
0.899594
0.901387
0.902859
0.902859
0.906306
0.911958
0.932841
0.936282
0.938994
0.944461
0.974829
1.0881
1.3928
