0.1516
0.1516
0.154434
0.154434
0.157056
0.157073
0.159802
0.159848
0.162914
0.163118
0.167715
0.167817
0.172234
0.172588
0.176053
0.176682
0.180392
0.181082
0.184932
0.186088
0.190268
0.191489
0.194816
0.19677
0.199781
0.201098
0.20393
0.205055
0.208082
0.20962
0.211947
0.213908
0.216537
0.218487
0.221089
0.222463
0.224445
0.225693
0.227948
0.229439
0.23101
0.233145
0.234552
0.236522
0.238216
0.23955
0.241619
0.243108
0.244639
0.246272
0.24836
0.25026
0.251656
0.254164
0.256121
0.258068
0.260158
0.262436
0.264257
0.26599
0.268259
0.270306
0.272416
0.27478
0.276431
0.279242
0.28086
0.282992
0.285544
0.287193
0.289498
0.291106
0.292773
0.294351
0.296216
0.297807
0.299637
0.301802
0.303726
0.305362
0.307016
0.308541
0.30995
0.312255
0.313607
0.315307
0.316822
0.318489
0.320185
0.321994
0.32383
0.325918
0.327682
0.329334
0.331241
0.33301
0.334644
0.336223
0.338192
0.34042
0.341853
0.343575
0.345396
0.347388
0.349148
0.350924
0.352665
0.354234
0.355899
0.357676
0.359677
0.361796
0.363728
0.365245
0.366555
0.367969
0.369876
0.371127
0.372549
0.374555
0.376115
0.37762
0.379051
0.380405
0.381869
0.383417
0.384863
0.386098
0.38756
0.388831
0.390499
0.391729
0.393486
0.394771
0.396228
0.397236
0.398468
0.39984
0.400915
0.402232
0.403716
0.405773
0.406856
0.408262
0.409287
0.410888
0.412468
0.413761
0.414789
0.415955
0.417357
0.418774
0.420209
0.421935
0.423554
0.424714
0.426347
0.428331
0.429749
0.431134
0.43289
0.434259
0.435951
0.437676
0.439254
0.440827
0.442204
0.44359
0.44494
0.446809
0.448161
0.449584
0.450965
0.452399
0.453535
0.454795
0.456437
0.457667
0.459237
0.46053
0.461968
0.463226
0.464978
0.466558
0.468237
0.469255
0.470933
0.47266
0.474507
0.475941
0.477575
0.479239
0.480774
0.482195
0.483742
0.485397
0.48719
0.488425
0.490069
0.491781
0.493576
0.495405
0.497341
0.498789
0.500171
0.502272
0.503391
0.504955
0.506519
0.508406
0.510173
0.51185
0.514317
0.515748
0.517787
0.519259
0.520858
0.52265
0.524698
0.526176
0.527854
0.529127
0.530563
0.532264
0.533566
0.535324
0.536627
0.538577
0.539935
0.541887
0.54342
0.545109
0.546819
0.548266
0.550113
0.551474
0.553137
0.554807
0.556612
0.558693
0.560658
0.562136
0.563658
0.565155
0.566655
0.568259
0.569777
0.571428
0.573124
0.574859
0.576578
0.578601
0.580358
0.581884
0.583871
0.585805
0.587684
0.589968
0.59199
0.593795
0.595715
0.597943
0.599947
0.602264
0.604736
0.607816
0.610107
0.612569
0.615066
0.617156
0.619402
0.621239
0.622946
0.6257
0.627783
0.629128
0.630982
0.632833
0.635106
0.637468
0.639918
0.641888
0.643618
0.64599
0.647906
0.650141
0.652685
0.654766
0.656552
0.658843
0.660999
0.663528
0.665765
0.667971
0.67032
0.672682
0.675049
0.677438
0.679697
0.682428
0.684918
0.68734
0.689725
0.692373
0.695124
0.697571
0.700213
0.702798
0.705192
0.707515
0.710361
0.713075
0.716183
0.718878
0.721643
0.724295
0.72722
0.729659
0.732299
0.734616
0.737664
0.74057
0.743734
0.746611
0.749324
0.752422
0.755163
0.758612
0.761661
0.764484
0.768135
0.771018
0.774361
0.777897
0.78199
0.786639
0.790662
0.794924
0.799231
0.803061
0.806849
0.810434
0.814808
0.819499
0.823435
0.828205
0.832669
0.836933
0.840921
0.845771
0.852005
0.858051
0.864329
0.8696
0.875135
0.882712
0.891381
0.89831
0.905487
0.913592
0.921134
0.92788
0.934766
0.940816
0.948368
0.955176
0.961879
0.969397
0.97562
0.982479
0.98973
0.999303
1.00792
1.01576
1.02532
1.03475
1.04376
1.05156
1.0598
1.06734
1.07718
1.09083
1.10433
1.11876
1.13429
1.14743
1.16097
1.17502
1.18982
1.20854
1.23063
1.2561
1.2794
1.31197
1.34282
1.36658
1.38915
1.41559
1.45026
1.49245
