0.224985
0.224985
0.254817
0.254817
0.291406
0.29168
0.337936
0.339643
0.359632
0.359908
0.373444
0.374897
0.386934
0.389373
0.398105
0.401604
0.412207
0.414944
0.422299
0.427174
0.433537
0.437806
0.444639
0.44987
0.454196
0.458021
0.462637
0.467641
0.473036
0.478454
0.482979
0.487951
0.493479
0.500409
0.504112
0.509708
0.513942
0.520335
0.524266
0.527993
0.531704
0.537369
0.542135
0.546992
0.55306
0.558042
0.565969
0.573479
0.580701
0.586796
0.595542
0.601247
0.610437
0.618505
0.624689
0.632955
0.638356
0.645309
0.652876
0.658404
0.66538
0.67123
0.678443
0.685931
0.694268
0.701298
0.707099
0.713253
0.721006
0.727774
0.735003
0.741393
0.74824
0.755553
0.763741
0.773513
0.784392
0.794107
0.809133
0.818248
0.827246
0.837518
0.84433
0.853952
0.861822
0.871663
0.880887
0.887861
0.895069
0.902989
0.912104
0.91887
0.925332
0.9323
0.938162
0.946105
0.951051
0.961133
0.966406
0.973532
0.979857
0.986596
0.994283
0.999684
1.00643
1.01556
1.02545
1.03314
1.04127
1.0508
1.06029
1.07052
1.0828
1.09615
1.11179
1.12874
1.14441
1.16139
1.17814
1.1941
1.20927
1.22162
1.2381
1.25693
1.27108
1.2915
1.3056
1.32334
1.33543
1.34676
1.3638
1.37821
1.39596
1.41488
1.43308
1.4628
1.4973
1.52257
1.55588
1.58286
1.6204
1.68887
1.74079
1.78708
1.8649
1.95585
2.06031
2.17351
2.34815
2.46913
