0.328
0.328
0.328
0.328
0.328
0.328
0.328
0.328
0.33
0.33
0.33
0.33
0.33
0.33
0.33
0.332
0.332
0.332
0.332
0.333
0.333
0.333
0.333
0.334
0.336
0.337
0.337
0.338
0.338
0.338
0.338
0.338
0.34
0.341
0.341
0.342
0.342
0.342
0.343
0.344
0.344
0.345
0.349
0.351
0.352
0.353
0.356
0.358
0.361
0.362
0.366
0.368
0.373
0.374
0.375
0.379
0.384
0.386
0.389
0.391
0.392
0.396
0.4
0.402
0.404
0.41
0.415
0.421
0.423
0.426
0.429
0.434
0.434
0.436
0.444
0.452
0.455
0.46
0.464
0.464
0.467
0.47
0.471
0.474
0.477
0.478
0.478
0.48
0.483
0.487
0.49
0.494
0.498
0.499
0.503
0.504
0.506
0.511
0.516
0.519
0.525
0.529
0.536
0.541
0.548
0.552
0.557
0.559
0.562
0.567
0.574
0.576
0.578
0.585
0.588
0.592
0.597
0.6
0.604
0.605
0.607
0.611
0.614
0.618
0.624
0.631
0.638
0.642
0.646
0.653
0.658
0.661
0.665
0.671
0.679
0.681
0.686
0.691
0.698
0.7
0.7
0.702
0.704
0.709
0.714
0.722
0.727
0.729
0.738
0.745
0.752
0.755
0.761
0.767
0.768
0.771
0.776
0.782
0.784
0.79
0.793
0.795
0.801
0.806
0.81
0.816
0.818
0.823
0.829
0.839
0.848
0.853
0.856
0.863
0.872
0.878
0.888
0.892
0.894
0.898
0.903
0.906
0.91
0.917
0.921
0.928
0.935
0.941
0.947
0.955
0.965
0.973
0.982
0.989
0.996
0.999
1.006
1.011
1.013
1.02
1.025
1.03
1.035
1.044
1.049
1.054
1.059
1.068
1.079
1.085
1.096
1.106
1.112
1.117
1.12
1.125
1.13
1.134
1.14
1.148
1.154
1.161
1.167
1.175
1.185
1.191
1.196
1.2
1.207
1.208
1.21
1.214
1.221
1.228
1.238
1.243
1.251
1.257
1.268
1.277
1.284
1.291
1.296
1.3
1.305
1.316
1.321
1.326
1.333
1.339
1.347
1.352
1.359
1.368
1.374
1.381
1.39
1.396
1.402
1.416
1.423
1.43
1.442
1.454
1.463
1.469
1.478
1.487
1.497
1.5
1.506
1.52
1.533
1.544
1.558
1.569
1.575
1.587
1.597
1.608
1.626
1.639
1.649
1.662
1.673
1.685
1.699
1.708
1.72
1.728
1.739
1.754
1.769
1.783
1.8
1.817
1.825
1.836
1.851
1.864
1.869
1.884
1.897
1.911
1.926
1.935
1.951
1.966
1.979
1.994
2.005
2.018
2.034
2.055
2.072
2.082
2.099
2.121
2.135
2.154
2.169
2.191
2.212
2.232
2.264
2.284
2.302
2.325
2.35
2.374
2.4
2.425
2.446
2.477
2.511
2.545
2.589
2.641
2.682
2.724
2.787
2.884
3.01
3.116
3.247
3.591
3.808
4.54
4.965
5.326
