0.149439
0.149439
0.150322
0.150322
0.150369
0.150369
0.151139
0.151139
0.152194
0.152194
0.152775
0.152775
0.153351
0.153351
0.153488
0.153488
0.153589
0.153589
0.154536
0.154536
0.154874
0.154874
0.156329
0.156329
0.159015
0.159015
0.159297
0.159297
0.162595
0.162595
0.165389
0.165389
0.16556
0.16556
0.166693
0.166693
0.166738
0.166738
0.166758
0.166758
0.166797
0.167196
0.167196
0.168544
0.168544
0.169067
0.169067
0.169632
0.169632
0.170694
0.170694
0.171809
0.171809
0.173455
0.173455
0.173747
0.173747
0.174076
0.174076
0.174423
0.174423
0.17461
0.176355
0.176465
0.176465
0.177466
0.177466
0.178235
0.178235
0.178685
0.179286
0.179286
0.181946
0.182741
0.182741
0.18422
0.18422
0.184241
0.184387
0.184387
0.184537
0.184537
0.186436
0.18875
0.18875
0.191488
0.191488
0.192885
0.192885
0.193246
0.193246
0.195199
0.195671
0.195671
0.195962
0.195962
0.197446
0.197446
0.197518
0.197518
0.198428
0.198428
0.199409
0.199409
0.199608
0.199608
0.201365
0.202231
0.202645
0.202645
0.202897
0.202897
0.204145
0.204145
0.204203
0.204203
0.204909
0.204909
0.207237
0.207237
0.207603
0.207603
0.207604
0.207604
0.209798
0.209798
0.210519
0.210519
0.210655
0.210655
0.211381
0.211381
0.212429
0.212429
0.213882
0.213882
0.214146
0.214146
0.221884
0.221884
0.225708
0.225708
0.230848
0.233509
0.233509
0.234693
0.234693
0.235832
0.235832
0.235966
0.236682
0.236682
0.237813
0.238943
0.239058
0.239058
0.241003
0.241003
0.241626
0.241626
0.242583
0.242812
0.24324
0.244376
0.244376
0.244679
0.244679
0.244818
0.24483
0.245267
0.246425
0.248821
0.250241
0.250241
0.250534
0.251039
0.251039
0.251755
0.251755
0.251811
0.252197
0.252197
0.254977
0.255034
0.255034
0.259051
0.259315
0.259315
0.260857
0.260857
0.262882
0.262882
0.26339
0.26339
0.266567
0.266567
0.267979
0.270482
0.271135
0.271135
0.271976
0.271976
0.272263
0.272263
0.272424
0.272424
0.274188
0.274421
0.274421
0.274472
0.27547
0.277636
0.278859
0.279462
0.279462
0.279913
0.281315
0.281315
0.287803
0.288709
0.288709
0.290051
0.290051
0.290381
0.290381
0.291272
0.291272
0.291364
0.291903
0.293817
0.293817
0.293884
0.293884
0.295745
0.295745
0.295882
0.295882
0.296357
0.296357
0.296658
0.298163
0.298163
0.298695
0.298695
0.29931
0.299367
0.299367
0.299724
0.299724
0.300466
0.300466
0.30053
0.301716
0.301716
0.302501
0.302501
0.302768
0.303422
0.303422
0.303963
0.303963
0.305241
0.305241
0.306503
0.306837
0.306837
0.306872
0.306872
0.307836
0.307836
0.309198
0.31012
0.31012
0.311306
0.311306
0.311901
0.311901
0.313504
0.313504
0.314142
0.31415
0.31415
0.31461
0.31461
0.314624
0.315505
0.31597
0.31993
0.31993
0.320382
0.320382
0.320704
0.320704
0.321515
0.321804
0.321804
0.322107
0.323434
0.323434
0.325128
0.325128
0.325134
0.325749
0.325749
0.327708
0.327708
0.328986
0.328986
0.329838
0.329838
0.331084
0.331084
0.332356
0.33357
0.33357
0.333588
0.333588
0.336978
0.336978
0.340078
0.340078
0.340561
0.340561
0.341093
0.341093
0.342614
0.342819
0.342819
0.34285
0.34285
0.3439
0.3439
0.345659
0.345934
0.345934
0.346039
0.346714
0.348138
0.348138
0.348576
0.348696
0.348696
0.348815
0.348815
0.34934
0.350383
0.35054
0.350553
0.350553
0.351111
0.351223
0.351256
0.351256
0.351532
0.351567
0.351567
0.351999
0.352276
0.352276
0.352467
0.352467
0.352581
0.354438
0.354438
0.357317
0.357317
0.357348
0.357612
0.357612
0.35797
0.359453
0.359453
0.359571
0.360309
0.360525
0.36117
0.36117
0.361535
0.361535
0.361934
0.361934
0.362707
0.362707
0.364184
0.364184
0.366299
0.366418
0.366762
0.366762
0.367158
0.367254
0.367254
0.371943
0.371943
0.372214
0.372214
0.372385
0.372682
0.372682
0.374225
0.374225
0.374568
0.374568
0.375238
0.375238
0.375852
0.376386
0.376792
0.37725
0.377665
0.378248
0.378849
0.378945
0.380359
0.380359
0.380364
0.380522
0.38105
0.381203
0.381274
0.381274
0.382782
0.383232
0.383232
0.383601
0.383601
0.383793
0.383905
0.383905
0.384615
0.384615
0.385939
0.386344
0.387381
0.387381
0.388544
0.39044
0.391432
0.393301
0.393427
0.393513
0.393513
0.393746
0.393765
0.393765
0.393799
0.394137
0.394835
0.395611
0.397078
0.397638
0.397638
0.398744
0.398744
0.398764
0.398764
0.398945
0.399819
0.399819
0.401317
0.401317
0.402043
0.402043
0.403283
0.403742
0.403742
0.405409
0.407235
0.409573
0.409573
0.409661
0.410586
0.410586
0.410858
0.411445
0.412469
0.412921
0.413744
0.41379
0.41379
0.414191
0.414191
0.414246
0.41461
0.41461
0.415604
0.418917
0.419203
0.420505
0.421111
0.422564
0.422564
0.423041
0.423819
0.425551
0.425789
0.42586
0.426264
0.426281
0.427087
0.427087
0.429801
0.429802
0.435539
0.436349
0.43784
0.439993
0.441375
0.44269
0.44269
0.443805
0.444583
0.444583
0.4452
0.445516
0.446248
0.447435
0.44749
0.44749
0.447892
0.447941
0.448774
0.44889
0.44889
0.449159
0.44923
0.44923
0.451328
0.451328
0.451578
0.451578
0.451748
0.452633
0.452633
0.452918
0.453075
0.45339
0.45339
0.455358
0.457838
0.457838
0.458575
0.458637
0.460854
0.461127
0.461127
0.461926
0.461988
0.461988
0.463365
0.466205
0.466205
0.466893
0.466893
0.469287
0.469287
0.469302
0.469601
0.469734
0.470011
0.471181
0.471376
0.475799
0.47619
0.476485
0.476485
0.482569
0.482621
0.484213
0.484213
0.485964
0.487796
0.490086
0.49179
0.497321
0.499303
0.499353
0.499864
0.50026
0.500608
0.50229
0.503512
0.503512
0.503532
0.506201
0.507494
0.507506
0.507506
0.509987
0.509987
0.510018
0.510628
0.510911
0.510911
0.514659
0.514659
0.51634
0.518678
0.518678
0.525485
0.529525
0.529525
0.531364
0.5318
0.531881
0.533822
0.534788
0.53588
0.53931
0.542771
0.54603
0.547616
0.549224
0.549745
0.549745
0.549875
0.549895
0.549971
0.550223
0.551479
0.556041
0.561601
0.564414
0.564711
0.567625
0.569012
0.569012
0.569538
0.570599
0.571629
0.571944
0.571944
0.572248
0.575393
0.578485
0.580418
0.580418
0.582778
0.586289
0.587112
0.587896
0.58939
0.58939
0.591007
0.591512
0.594055
0.595323
0.601547
0.607945
0.608844
0.611023
0.611645
0.622012
0.622014
0.622014
0.62298
0.623321
0.62491
0.632405
0.6345
0.637307
0.637307
0.642214
0.64236
0.643169
0.644979
0.645171
0.645482
0.649356
0.649356
0.656487
0.658132
0.659067
0.663336
0.667856
0.668206
0.668206
0.670927
0.675547
0.67591
0.680343
0.682254
0.683737
0.687188
0.688923
0.690111
0.691621
0.701242
0.707089
0.707667
0.708886
0.716178
0.716178
0.717574
0.717574
0.719721
0.720495
0.733978
0.748134
0.748134
0.750185
0.750185
0.752867
0.753919
0.753919
0.755384
0.755384
0.75869
0.763846
0.769024
0.774234
0.779971
0.779971
0.787863
0.801598
0.807748
0.809485
0.823145
0.823719
0.833753
0.833779
0.835189
0.835189
0.84599
0.846444
0.851998
0.852329
0.868345
0.906873
0.909016
0.928108
0.928951
0.935951
0.963359
1.01506
1.02106
1.03384
1.05355
1.05605
1.05605
1.05686
1.05997
1.07228
1.07734
1.09181
1.21121
1.28908
1.42092
1.42772
1.53515
