0.328
0.328
0.328
0.328
0.328
0.328
0.328
0.328
0.328
0.328
0.328
0.328
0.328
0.329
0.33
0.33
0.331
0.331
0.332
0.332
0.333
0.334
0.334
0.336
0.338
0.339
0.343
0.345
0.345
0.346
0.349
0.351
0.354
0.356
0.357
0.36
0.361
0.364
0.374
0.375
0.379
0.384
0.387
0.398
0.402
0.406
0.413
0.419
0.425
0.434
0.437
0.441
0.449
0.454
0.46
0.467
0.469
0.472
0.476
0.479
0.483
0.491
0.499
0.506
0.511
0.517
0.528
0.537
0.54
0.541
0.551
0.561
0.57
0.576
0.584
0.593
0.596
0.603
0.61
0.617
0.624
0.634
0.642
0.649
0.656
0.665
0.672
0.683
0.69
0.697
0.703
0.708
0.715
0.722
0.73
0.739
0.75
0.758
0.769
0.779
0.79
0.795
0.799
0.803
0.812
0.822
0.83
0.841
0.851
0.857
0.869
0.878
0.884
0.894
0.903
0.91
0.918
0.924
0.934
0.949
0.96
0.971
0.988
0.999
1.005
1.019
1.03
1.047
1.056
1.068
1.086
1.095
1.11
1.124
1.137
1.151
1.166
1.175
1.193
1.211
1.221
1.236
1.247
1.26
1.275
1.29
1.307
1.321
1.338
1.356
1.368
1.384
1.399
1.412
1.427
1.442
1.468
1.491
1.512
1.526
1.545
1.561
1.58
1.598
1.62
1.643
1.666
1.691
1.721
1.755
1.793
1.836
1.873
1.913
1.96
1.994
2.033
2.082
2.135
2.18
2.242
2.293
2.341
2.398
2.462
2.518
2.613
2.726
2.869
2.992
3.147
3.321
3.62
3.853
4.01
4.15
4.416
4.604
4.807
5.019
