0.152659
0.152659
0.156143
0.15618
0.159885
0.160106
0.164048
0.164908
0.168415
0.169279
0.173204
0.173793
0.177289
0.178195
0.181677
0.182512
0.185273
0.186633
0.189637
0.190439
0.192837
0.193714
0.196432
0.197584
0.200665
0.202234
0.205024
0.206039
0.209279
0.211079
0.214368
0.216378
0.219662
0.221139
0.223426
0.225636
0.227887
0.229589
0.232565
0.23531
0.237352
0.239754
0.242167
0.243947
0.246956
0.248578
0.25156
0.253382
0.256391
0.258171
0.260266
0.26268
0.265049
0.267433
0.269054
0.27146
0.273458
0.27633
0.278733
0.282125
0.284032
0.286961
0.28866
0.291411
0.293417
0.29559
0.298658
0.300977
0.303088
0.305243
0.307567
0.309405
0.31114
0.312915
0.315159
0.317138
0.319826
0.321885
0.323864
0.325581
0.327432
0.329048
0.331791
0.333789
0.336196
0.338071
0.340119
0.342592
0.344471
0.347121
0.34961
0.351856
0.354258
0.356782
0.35942
0.361974
0.36431
0.366876
0.368747
0.370328
0.372231
0.374093
0.376212
0.378004
0.379614
0.381164
0.383295
0.385163
0.38746
0.389019
0.390852
0.392918
0.394334
0.396488
0.398528
0.400617
0.403325
0.404867
0.406855
0.408884
0.410486
0.412452
0.413986
0.41607
0.418132
0.419516
0.421062
0.422986
0.42467
0.427078
0.428531
0.431045
0.43278
0.434674
0.436244
0.437976
0.440011
0.441814
0.443757
0.445814
0.447574
0.449249
0.451213
0.453114
0.454718
0.456084
0.458158
0.459945
0.461859
0.463557
0.465295
0.467145
0.468886
0.470822
0.472476
0.473812
0.475515
0.47717
0.478673
0.48028
0.482249
0.484261
0.486209
0.488309
0.490789
0.492652
0.494682
0.496392
0.498124
0.500203
0.502507
0.504404
0.506473
0.508523
0.510779
0.512875
0.514847
0.51709
0.519054
0.520785
0.523149
0.52482
0.527062
0.529091
0.532
0.53407
0.536604
0.53915
0.541035
0.543511
0.545695
0.548463
0.550629
0.55249
0.554884
0.557109
0.559757
0.562453
0.564954
0.567418
0.569503
0.572088
0.574713
0.577094
0.579956
0.582273
0.585156
0.587798
0.590567
0.592812
0.595243
0.597817
0.600864
0.603538
0.60631
0.609504
0.611898
0.61462
0.617208
0.619776
0.622553
0.624742
0.627025
0.62993
0.632401
0.635127
0.637721
0.640612
0.643567
0.646159
0.648764
0.651492
0.654415
0.658331
0.661235
0.66368
0.666273
0.668515
0.670693
0.673021
0.675564
0.678002
0.680592
0.683886
0.686458
0.689123
0.692082
0.695044
0.697487
0.70075
0.702874
0.705395
0.707733
0.710481
0.713036
0.716143
0.718513
0.721712
0.724395
0.727271
0.729792
0.732734
0.735614
0.738124
0.740875
0.743642
0.746392
0.749062
0.752295
0.756372
0.759018
0.762345
0.765559
0.769204
0.772585
0.776185
0.779534
0.782966
0.786635
0.790171
0.793278
0.79705
0.799862
0.803494
0.807421
0.811086
0.814472
0.81799
0.82259
0.825119
0.828384
0.831623
0.834974
0.838984
0.843136
0.847074
0.851889
0.856501
0.861548
0.867107
0.872209
0.87723
0.88196
0.887462
0.892986
0.898683
0.903883
0.91154
0.917767
0.925426
0.931463
0.93883
0.945889
0.952794
0.957832
0.963669
0.9706
0.977197
0.986482
0.993319
1.00063
1.00764
1.0143
1.02165
1.03039
1.03757
1.04624
1.05476
1.0634
1.07682
1.0884
1.10196
1.11862
1.13665
1.15478
1.17512
1.19557
1.21324
1.236
1.2604
1.29095
1.32236
1.35411
1.38874
1.41999
1.46894
1.53672
1.57035
1.67357
1.81516
