0.155579
0.155579
0.159643
0.159643
0.161744
0.161744
0.166333
0.166333
0.179262
0.179262
0.180335
0.180335
0.186094
0.186094
0.186105
0.186105
0.18673
0.18899
0.18899
0.19325
0.19325
0.194727
0.194727
0.197645
0.197645
0.200497
0.200497
0.206712
0.206712
0.210192
0.213373
0.213373
0.215702
0.215702
0.21682
0.21682
0.217818
0.217818
0.221585
0.221585
0.229284
0.229814
0.234733
0.234733
0.240925
0.240925
0.242144
0.242144
0.243991
0.243991
0.244796
0.245653
0.245653
0.248259
0.248259
0.249006
0.249006
0.249078
0.249078
0.252957
0.252957
0.262695
0.262695
0.266293
0.266293
0.266449
0.266449
0.268771
0.271186
0.271186
0.27412
0.278397
0.282174
0.282174
0.286164
0.286164
0.287518
0.288317
0.288317
0.288407
0.288407
0.290557
0.290557
0.295227
0.295227
0.296013
0.296013
0.297219
0.297219
0.299783
0.300122
0.300122
0.3022
0.3022
0.30902
0.30902
0.309584
0.309807
0.309807
0.311189
0.311869
0.311869
0.315508
0.316015
0.316015
0.318787
0.319166
0.319166
0.319939
0.319939
0.32024
0.32024
0.322522
0.32359
0.32359
0.325401
0.326157
0.32651
0.32651
0.326862
0.326862
0.328842
0.328985
0.328985
0.329266
0.329266
0.331482
0.331482
0.331637
0.331637
0.332954
0.332954
0.334126
0.334126
0.337854
0.337854
0.340487
0.340487
0.340957
0.340957
0.341616
0.343587
0.344743
0.344743
0.34564
0.34564
0.345935
0.345935
0.348057
0.348057
0.349027
0.349027
0.349349
0.350427
0.350427
0.3508
0.3508
0.353531
0.35748
0.35748
0.358374
0.358374
0.363073
0.363644
0.363644
0.365141
0.365141
0.366136
0.366944
0.366944
0.367842
0.367842
0.368491
0.370112
0.370112
0.371669
0.373812
0.373812
0.375761
0.376736
0.37681
0.378209
0.379757
0.381872
0.381872
0.382872
0.383855
0.383855
0.38423
0.38423
0.388094
0.388094
0.388693
0.388693
0.390128
0.390128
0.393775
0.393775
0.39387
0.39387
0.394973
0.394973
0.395019
0.395019
0.396698
0.396923
0.396923
0.398129
0.398129
0.398779
0.39964
0.39964
0.400362
0.400362
0.400412
0.403113
0.403113
0.403523
0.405042
0.407344
0.407498
0.407498
0.408528
0.408528
0.409339
0.409339
0.409533
0.409859
0.410545
0.41111
0.41111
0.411531
0.411531
0.411693
0.411693
0.416625
0.416625
0.417952
0.420827
0.420827
0.420847
0.420847
0.421976
0.421976
0.423509
0.423509
0.424031
0.424031
0.425021
0.427331
0.427331
0.429674
0.429674
0.430719
0.430719
0.432978
0.432978
0.433783
0.433783
0.433893
0.434743
0.434743
0.436688
0.436824
0.436824
0.437834
0.439127
0.440193
0.442313
0.44302
0.44302
0.443426
0.444009
0.44507
0.445403
0.446331
0.449688
0.450755
0.450755
0.451502
0.451818
0.45282
0.453125
0.454449
0.457158
0.457158
0.457332
0.457332
0.458111
0.458585
0.458585
0.459757
0.459757
0.460331
0.462613
0.462613
0.462708
0.464354
0.464643
0.464643
0.468852
0.468852
0.473635
0.473635
0.474057
0.474057
0.474427
0.474427
0.476328
0.476856
0.478095
0.481425
0.481425
0.482245
0.482752
0.485919
0.485919
0.486172
0.48672
0.491176
0.497643
0.497836
0.497836
0.498106
0.498106
0.499539
0.499539
0.49995
0.50032
0.50032
0.501466
0.501805
0.501805
0.502741
0.503509
0.506071
0.506577
0.506753
0.508224
0.508263
0.508263
0.508654
0.510422
0.513165
0.51729
0.51729
0.522279
0.522592
0.523743
0.523743
0.52515
0.525547
0.5289
0.532007
0.532204
0.53336
0.534511
0.534511
0.5367
0.537132
0.537132
0.537215
0.543055
0.543834
0.54744
0.54744
0.547997
0.551509
0.553989
0.556814
0.55706
0.55706
0.559571
0.56341
0.564701
0.564701
0.565463
0.566845
0.567522
0.572056
0.572952
0.573538
0.575078
0.575406
0.582199
0.582212
0.582387
0.585653
0.585653
0.586916
0.586916
0.590143
0.590143
0.590759
0.591471
0.594515
0.599046
0.599046
0.599145
0.605528
0.607274
0.61046
0.61046
0.614495
0.614495
0.616522
0.618317
0.624475
0.625133
0.62563
0.634683
0.634683
0.634817
0.636718
0.637407
0.644213
0.650266
0.655842
0.660551
0.661367
0.663802
0.665737
0.665737
0.666546
0.666801
0.672799
0.672799
0.676257
0.68082
0.68082
0.683402
0.691725
0.691725
0.698315
0.699796
0.699796
0.702952
0.703245
0.703245
0.705513
0.705807
0.713953
0.723671
0.728473
0.728473
0.729426
0.735524
0.735524
0.741977
0.745037
0.745037
0.751247
0.757446
0.758316
0.771434
0.792767
0.795894
0.800848
0.819723
0.823695
0.823695
0.824079
0.824213
0.83159
0.83214
0.838318
0.838318
0.839957
0.850368
0.850368
0.856836
0.864118
0.864468
0.871472
0.884933
0.898354
0.905038
0.90998
0.921737
0.929451
0.948016
0.949209
0.951263
0.965028
0.982376
0.995364
1.03135
1.04604
1.07985
1.0816
1.1033
1.1304
1.1304
1.14744
1.17113
1.27019
1.27019
1.34827
1.51926
1.55542
