0.328
0.328
0.328
0.328
0.33
0.334
0.335
0.335
0.335
0.335
0.338
0.34
0.342
0.346
0.35
0.354
0.357
0.359
0.361
0.365
0.371
0.379
0.383
0.389
0.398
0.406
0.418
0.425
0.431
0.445
0.453
0.462
0.476
0.494
0.504
0.51
0.516
0.528
0.54
0.55
0.568
0.578
0.588
0.604
0.619
0.63
0.646
0.665
0.69
0.704
0.72
0.743
0.758
0.777
0.79
0.803
0.827
0.841
0.859
0.89
0.916
0.936
0.957
0.98
1.001
1.028
1.069
1.095
1.123
1.161
1.188
1.227
1.263
1.295
1.339
1.375
1.416
1.461
1.52
1.589
1.65
1.701
1.762
1.812
1.901
2.011
2.178
2.289
2.469
2.599
2.761
3.043
3.262
3.465
3.751
3.95
4.401
4.642
4.989
5.211
