0.249513
0.249513
0.286745
0.286745
0.325274
0.325274
0.330449
0.330449
0.334506
0.334506
0.343849
0.343849
0.361195
0.361195
0.376382
0.376382
0.378173
0.378173
0.438909
0.438909
0.440065
0.440065
0.451005
0.451005
0.456599
0.479278
0.481278
0.481278
0.492845
0.492845
0.497355
0.497355
0.504998
0.513733
0.522687
0.522687
0.541002
0.547914
0.548901
0.548901
0.558364
0.572372
0.572372
0.591007
0.601799
0.601799
0.609944
0.617489
0.617489
0.619767
0.621105
0.631767
0.631767
0.643431
0.650306
0.650306
0.655964
0.656121
0.660561
0.662036
0.663501
0.663501
0.685815
0.685815
0.705447
0.724918
0.731816
0.731816
0.733533
0.738643
0.760657
0.773875
0.808583
0.812838
0.814377
0.842756
0.851769
0.851769
0.86593
0.86593
0.895059
0.896047
0.896047
0.914554
0.928887
0.928887
0.941705
0.941705
0.942882
0.942882
0.947577
0.947577
0.968603
0.968603
1.01391
1.01533
1.01814
1.01814
1.04454
1.0475
1.0475
1.06093
1.06227
1.06286
1.07034
1.09059
1.09567
1.10085
1.1116
1.11422
1.13033
1.14138
1.19018
1.20776
1.2081
1.2081
1.20847
1.2182
1.22068
1.24195
1.24752
1.24752
1.25022
1.27046
1.29744
1.30359
1.30618
1.33008
1.34269
1.34269
1.34964
1.35329
1.36839
1.36839
1.39645
1.47604
1.49372
1.49372
1.50157
1.54482
1.55589
1.59817
1.68789
1.76805
1.9516
2.04577
2.18617
2.27136
2.37228
2.69272
