0.224598
0.224598
0.42754
0.42754
0.443785
0.443785
0.494535
0.494535
0.552715
0.552715
0.552866
0.552866
0.553722
0.553722
0.561472
0.561472
0.608709
0.608709
0.620511
0.647085
0.647085
0.655959
0.655959
0.722126
0.726269
0.726269
0.738256
0.738256
0.744492
0.744492
0.777728
0.777728
0.83374
0.889436
0.919805
0.933755
0.933755
0.94272
0.94272
0.942771
0.942771
0.944187
0.944187
0.944338
0.944338
0.944607
0.947466
0.961208
0.992674
0.998334
1.01604
1.01754
1.08688
1.08688
1.12797
1.14514
1.14514
1.1493
1.1493
1.1657
1.16766
1.16766
1.20522
1.22332
1.25693
1.27752
1.30097
1.30399
1.32491
1.32896
1.3314
1.3314
1.33369
1.45721
1.49643
1.50243
1.50243
1.53742
1.57299
1.58438
1.59347
1.62995
1.65498
1.6723
1.75904
1.75904
1.86852
1.86852
1.87237
1.90838
1.90838
1.91007
1.93288
1.93457
1.98552
2.00426
2.17625
2.33936
3.00181
3.22126
