0.328
0.328
0.328
0.328
0.328
0.328
0.328
0.328
0.328
0.328
0.329
0.33
0.33
0.33
0.33
0.331
0.332
0.333
0.333
0.333
0.333
0.334
0.335
0.335
0.335
0.335
0.335
0.336
0.338
0.338
0.338
0.338
0.338
0.338
0.338
0.338
0.34
0.341
0.342
0.346
0.349
0.353
0.355
0.356
0.357
0.362
0.366
0.371
0.375
0.379
0.38
0.384
0.388
0.391
0.396
0.4
0.4
0.403
0.405
0.407
0.407
0.408
0.408
0.41
0.41
0.415
0.42
0.423
0.429
0.436
0.44
0.447
0.448
0.454
0.458
0.461
0.465
0.47
0.472
0.475
0.483
0.485
0.488
0.491
0.495
0.503
0.51
0.515
0.519
0.522
0.527
0.528
0.53
0.531
0.533
0.534
0.537
0.541
0.543
0.55
0.554
0.557
0.565
0.571
0.578
0.586
0.592
0.599
0.599
0.599
0.601
0.604
0.606
0.613
0.62
0.626
0.629
0.635
0.644
0.652
0.656
0.661
0.667
0.668
0.671
0.673
0.675
0.681
0.683
0.687
0.689
0.691
0.695
0.702
0.714
0.72
0.724
0.729
0.734
0.738
0.746
0.749
0.752
0.754
0.755
0.763
0.769
0.774
0.782
0.783
0.786
0.79
0.795
0.802
0.807
0.813
0.819
0.824
0.826
0.829
0.832
0.839
0.842
0.847
0.854
0.859
0.868
0.873
0.879
0.882
0.883
0.892
0.897
0.901
0.906
0.908
0.912
0.916
0.921
0.926
0.933
0.938
0.945
0.949
0.953
0.964
0.967
0.975
0.981
0.984
0.986
0.987
0.992
0.996
1.001
1.003
1.009
1.012
1.017
1.022
1.03
1.043
1.05
1.053
1.057
1.059
1.063
1.07
1.073
1.076
1.078
1.082
1.085
1.091
1.097
1.106
1.11
1.117
1.126
1.133
1.135
1.141
1.146
1.15
1.153
1.157
1.159
1.161
1.166
1.169
1.171
1.177
1.183
1.183
1.194
1.198
1.204
1.211
1.217
1.222
1.228
1.234
1.237
1.245
1.248
1.257
1.262
1.267
1.27
1.275
1.282
1.287
1.289
1.294
1.302
1.308
1.315
1.319
1.323
1.328
1.334
1.34
1.343
1.348
1.356
1.36
1.369
1.371
1.376
1.381
1.384
1.389
1.393
1.397
1.404
1.415
1.419
1.426
1.431
1.432
1.434
1.439
1.442
1.45
1.456
1.461
1.472
1.478
1.485
1.487
1.494
1.498
1.502
1.509
1.51
1.515
1.522
1.526
1.535
1.544
1.552
1.559
1.57
1.575
1.579
1.581
1.585
1.591
1.593
1.599
1.606
1.61
1.618
1.629
1.639
1.644
1.653
1.658
1.663
1.67
1.677
1.682
1.687
1.69
1.699
1.708
1.713
1.721
1.728
1.732
1.738
1.747
1.754
1.761
1.766
1.768
1.771
1.78
1.787
1.795
1.797
1.804
1.819
1.828
1.835
1.842
1.85
1.856
1.861
1.865
1.871
1.88
1.887
1.894
1.902
1.914
1.923
1.931
1.935
1.943
1.949
1.954
1.958
1.961
1.966
1.978
1.992
1.999
2.005
2.015
2.02
2.027
2.034
2.043
2.053
2.06
2.07
2.075
2.083
2.088
2.097
2.103
2.112
2.12
2.131
2.139
2.146
2.153
2.163
2.167
2.176
2.182
2.193
2.205
2.216
2.223
2.231
2.24
2.252
2.261
2.272
2.281
2.292
2.306
2.321
2.326
2.334
2.348
2.36
2.372
2.386
2.395
2.407
2.418
2.434
2.451
2.465
2.476
2.49
2.508
2.524
2.535
2.553
2.574
2.6
2.621
2.642
2.678
2.702
2.731
2.756
2.787
2.82
2.844
2.879
2.91
2.946
2.971
3.016
3.052
3.108
3.186
3.307
3.411
3.492
3.597
3.891
4.135
4.32
4.621
