0.328
0.328
0.328
0.328
0.328
0.328
0.328
0.328
0.328
0.328
0.328
0.328
0.328
0.328
0.329
0.329
0.33
0.331
0.331
0.331
0.331
0.332
0.332
0.332
0.333
0.333
0.333
0.334
0.335
0.336
0.337
0.337
0.337
0.337
0.34
0.342
0.342
0.343
0.346
0.347
0.349
0.35
0.352
0.355
0.356
0.358
0.358
0.361
0.363
0.366
0.368
0.371
0.376
0.379
0.381
0.385
0.393
0.399
0.409
0.414
0.42
0.422
0.427
0.429
0.438
0.442
0.446
0.45
0.452
0.453
0.457
0.459
0.461
0.463
0.464
0.468
0.474
0.478
0.483
0.488
0.491
0.495
0.5
0.502
0.504
0.506
0.511
0.515
0.519
0.523
0.532
0.54
0.541
0.548
0.555
0.559
0.566
0.57
0.577
0.58
0.584
0.588
0.589
0.594
0.597
0.602
0.609
0.62
0.626
0.628
0.63
0.637
0.644
0.652
0.662
0.667
0.672
0.678
0.683
0.69
0.701
0.708
0.711
0.714
0.718
0.726
0.733
0.741
0.749
0.757
0.766
0.776
0.785
0.793
0.799
0.803
0.816
0.825
0.833
0.841
0.849
0.86
0.869
0.88
0.886
0.893
0.904
0.914
0.925
0.936
0.943
0.955
0.961
0.971
0.98
0.994
1.003
1.009
1.015
1.024
1.033
1.043
1.054
1.065
1.069
1.08
1.09
1.101
1.106
1.114
1.123
1.139
1.146
1.153
1.168
1.174
1.178
1.186
1.194
1.207
1.216
1.228
1.241
1.252
1.26
1.274
1.281
1.291
1.304
1.316
1.323
1.336
1.345
1.362
1.373
1.386
1.398
1.41
1.422
1.442
1.457
1.47
1.483
1.505
1.523
1.536
1.553
1.574
1.591
1.609
1.625
1.652
1.665
1.682
1.71
1.732
1.751
1.774
1.799
1.832
1.861
1.884
1.922
1.965
2.005
2.051
2.093
2.145
2.195
2.24
2.285
2.338
2.399
2.454
2.503
2.607
2.72
2.848
2.94
3.03
3.115
3.218
3.29
3.466
3.709
3.895
4.062
4.345
4.601
5.005
