0.15185
0.15185
0.161248
0.161248
0.170039
0.170039
0.179957
0.179957
0.187481
0.187481
0.198651
0.198656
0.207276
0.207308
0.21562
0.216374
0.223044
0.223352
0.229179
0.229867
0.235365
0.237002
0.243344
0.244033
0.248798
0.250044
0.254804
0.256644
0.261472
0.2626
0.266525
0.268363
0.272472
0.275416
0.278723
0.281733
0.284169
0.287045
0.29031
0.292838
0.295578
0.297951
0.300037
0.302187
0.304568
0.307004
0.309074
0.311202
0.313768
0.316122
0.31838
0.321127
0.323548
0.32651
0.329544
0.332877
0.335668
0.338965
0.341467
0.344822
0.347645
0.349893
0.35322
0.356229
0.35891
0.361781
0.364263
0.366902
0.369121
0.37254
0.374928
0.37764
0.380092
0.383276
0.385951
0.389019
0.391442
0.394643
0.397967
0.401459
0.404385
0.407128
0.410943
0.413704
0.417315
0.420569
0.424267
0.42729
0.430262
0.432942
0.435748
0.438712
0.442108
0.445259
0.449256
0.453665
0.456526
0.460378
0.46427
0.468568
0.473815
0.478127
0.482528
0.486855
0.489868
0.49267
0.49742
0.5012
0.505181
0.510028
0.514707
0.518635
0.523008
0.526671
0.529415
0.533
0.537068
0.539876
0.542696
0.545518
0.548505
0.553065
0.557681
0.561495
0.565481
0.569384
0.573345
0.57619
0.581774
0.585897
0.590949
0.595647
0.599923
0.603977
0.608045
0.611768
0.61593
0.619846
0.624308
0.62802
0.632648
0.636961
0.640679
0.644353
0.647291
0.651721
0.654541
0.657889
0.661562
0.665547
0.668628
0.672388
0.676188
0.67922
0.682732
0.686368
0.690437
0.695162
0.699918
0.703885
0.707471
0.712204
0.715792
0.719406
0.724441
0.730094
0.734726
0.73925
0.744666
0.748635
0.753504
0.758322
0.762883
0.767892
0.77288
0.778582
0.783699
0.788971
0.796091
0.800891
0.80628
0.812505
0.81891
0.826309
0.832386
0.839052
0.845487
0.851314
0.85737
0.862804
0.86927
0.875821
0.88217
0.889828
0.895669
0.902299
0.909606
0.916395
0.923344
0.931008
0.938499
0.944988
0.951374
0.958873
0.966711
0.973759
0.980354
0.987593
0.994358
1.00035
1.01118
1.02515
1.03553
1.04461
1.05433
1.06483
1.0757
1.08941
1.10173
1.11377
1.12614
1.13828
1.15482
1.1671
1.18506
1.20345
1.2258
1.24726
1.27159
1.28892
1.30891
1.32688
1.34285
1.35616
1.37405
1.39183
1.40519
1.42392
1.44428
1.46539
1.49092
1.51856
1.54611
1.58179
1.63371
1.66953
1.70627
1.76799
1.83134
2.13626
