0.15056
0.15056
0.158706
0.158706
0.167412
0.167412
0.176214
0.176214
0.184868
0.184868
0.191815
0.191878
0.200297
0.200471
0.206767
0.206957
0.212048
0.213083
0.218377
0.21933
0.223654
0.224467
0.228693
0.229778
0.233723
0.235349
0.23901
0.240492
0.243916
0.245337
0.247912
0.249323
0.251961
0.253608
0.256235
0.25825
0.260615
0.262661
0.265083
0.266928
0.269371
0.271431
0.273534
0.276288
0.278356
0.280251
0.282202
0.284357
0.28623
0.288483
0.290744
0.292865
0.294296
0.296834
0.298094
0.300556
0.302363
0.304499
0.306822
0.308155
0.31012
0.311461
0.313303
0.314903
0.316684
0.318634
0.320278
0.322428
0.324272
0.326478
0.328263
0.33021
0.331945
0.334362
0.336212
0.337854
0.339708
0.341628
0.343658
0.345906
0.347512
0.349296
0.351442
0.353247
0.355271
0.357788
0.359934
0.362394
0.364679
0.36714
0.36955
0.371708
0.373577
0.375195
0.378106
0.379947
0.381741
0.383656
0.385574
0.387225
0.389148
0.390431
0.392632
0.394398
0.396437
0.398361
0.400519
0.402643
0.404177
0.405599
0.407642
0.409716
0.411732
0.414343
0.416508
0.418437
0.420682
0.422426
0.42465
0.426937
0.429017
0.431096
0.433744
0.436019
0.439028
0.441536
0.444011
0.446142
0.448421
0.450698
0.453378
0.456328
0.459071
0.461412
0.464093
0.466921
0.469499
0.473056
0.475743
0.478661
0.48236
0.485309
0.488201
0.490866
0.493193
0.496322
0.499252
0.502194
0.505503
0.507843
0.510952
0.513467
0.516286
0.5197
0.52266
0.525933
0.529147
0.532359
0.536554
0.54007
0.542834
0.546768
0.549491
0.55258
0.55513
0.558239
0.561144
0.56449
0.567622
0.57068
0.573822
0.577044
0.580225
0.583203
0.586336
0.590163
0.594635
0.598223
0.602885
0.606632
0.609705
0.613496
0.616648
0.620545
0.623133
0.626731
0.63026
0.634097
0.63829
0.642213
0.646648
0.650138
0.654475
0.658417
0.662396
0.6658
0.669081
0.672705
0.675992
0.680234
0.68395
0.686918
0.690168
0.693905
0.697532
0.700609
0.704078
0.707826
0.711195
0.714698
0.718125
0.720897
0.724715
0.728622
0.732909
0.736863
0.741635
0.744945
0.748422
0.751451
0.755699
0.759419
0.762696
0.766706
0.770846
0.775286
0.780232
0.784728
0.788243
0.791399
0.796229
0.799738
0.805109
0.810108
0.81666
0.820857
0.826845
0.832371
0.837523
0.843
0.847974
0.852526
0.857099
0.861135
0.866037
0.869536
0.873676
0.877871
0.882762
0.887819
0.893602
0.899206
0.905119
0.910998
0.915886
0.923215
0.928521
0.934884
0.940765
0.948002
0.955457
0.962498
0.969468
0.975446
0.98231
0.990079
0.99846
1.00667
1.01363
1.022
1.03001
1.04035
1.05119
1.0647
1.07386
1.08256
1.09049
1.10312
1.11319
1.12248
1.1352
1.1461
1.16153
1.17951
1.19636
1.23247
1.25943
1.28553
1.3044
1.33239
1.3486
1.37313
1.3964
1.42266
1.43932
1.49659
1.55539
1.60332
1.65217
1.78543
