0.145402
0.145402
0.151552
0.151552
0.152753
0.152753
0.154502
0.154502
0.154771
0.154771
0.16145
0.16145
0.161555
0.161555
0.163666
0.163666
0.169821
0.169821
0.170676
0.170676
0.170737
0.170737
0.174096
0.174096
0.176467
0.176467
0.178137
0.179665
0.179665
0.182412
0.182412
0.18948
0.191936
0.191936
0.196288
0.196288
0.200482
0.227466
0.231892
0.231892
0.234275
0.234275
0.236602
0.236602
0.23738
0.23738
0.246573
0.246573
0.246573
0.246573
0.247552
0.247552
0.250841
0.250841
0.251917
0.251917
0.259671
0.259671
0.261764
0.261764
0.263479
0.263479
0.272811
0.272811
0.275787
0.285193
0.285193
0.286785
0.286785
0.294036
0.294036
0.294067
0.294067
0.300147
0.300147
0.304057
0.305865
0.305865
0.305867
0.305867
0.309222
0.309893
0.309893
0.310623
0.310623
0.312184
0.312184
0.313019
0.313019
0.316125
0.316125
0.316417
0.316417
0.318321
0.318321
0.32027
0.32027
0.322204
0.322274
0.322355
0.322355
0.323467
0.324021
0.324021
0.326041
0.326041
0.326415
0.326415
0.328981
0.329295
0.332081
0.332081
0.333578
0.333578
0.333626
0.334959
0.334959
0.335726
0.335726
0.335786
0.335786
0.336393
0.3411
0.3411
0.345255
0.345255
0.345418
0.345418
0.345469
0.345469
0.345536
0.345536
0.34812
0.349457
0.351155
0.351155
0.352832
0.356978
0.35709
0.35709
0.360586
0.361822
0.361822
0.364085
0.364788
0.367806
0.367806
0.368279
0.368279
0.368907
0.368907
0.370977
0.371448
0.371448
0.37294
0.376282
0.376282
0.377994
0.377994
0.378917
0.378917
0.379114
0.379114
0.379306
0.379994
0.382848
0.387126
0.387126
0.391423
0.391423
0.391537
0.394874
0.394874
0.397465
0.397465
0.39998
0.39998
0.401056
0.401725
0.401725
0.406716
0.406716
0.410919
0.411941
0.412271
0.416222
0.416222
0.417061
0.417061
0.418046
0.418046
0.425738
0.425738
0.427655
0.427655
0.428031
0.428202
0.433874
0.434807
0.445481
0.445481
0.446783
0.448231
0.450037
0.450157
0.450157
0.451893
0.453488
0.453488
0.453853
0.453853
0.454411
0.454411
0.456205
0.456205
0.456834
0.456834
0.459781
0.462262
0.462262
0.464655
0.466598
0.467213
0.468072
0.468072
0.473674
0.47681
0.476931
0.476931
0.480721
0.481317
0.491136
0.491136
0.494343
0.494343
0.498756
0.499838
0.509343
0.509343
0.510521
0.510521
0.517287
0.517287
0.522496
0.522496
0.52346
0.52346
0.524505
0.527764
0.528458
0.528458
0.5299
0.5299
0.536542
0.536609
0.550789
0.550789
0.55135
0.554242
0.554793
0.554793
0.556507
0.556507
0.568023
0.571678
0.571897
0.572074
0.572701
0.574527
0.577973
0.578837
0.578837
0.587454
0.587454
0.588312
0.588312
0.593013
0.599807
0.599807
0.601058
0.601058
0.602807
0.602807
0.603275
0.613315
0.619161
0.619161
0.620074
0.621595
0.62272
0.623123
0.624813
0.624813
0.62658
0.630491
0.630948
0.637484
0.637484
0.638564
0.639352
0.641043
0.641043
0.641068
0.641068
0.642132
0.642893
0.645113
0.645308
0.646883
0.646883
0.647638
0.652239
0.660507
0.660753
0.668371
0.675003
0.679004
0.679004
0.68227
0.688899
0.690219
0.692805
0.692805
0.697545
0.709961
0.725551
0.725841
0.727016
0.738229
0.738229
0.744014
0.754617
0.761856
0.761856
0.763781
0.764261
0.764275
0.764275
0.774246
0.775307
0.777038
0.783512
0.788776
0.801839
0.802638
0.806069
0.825303
0.830254
0.83213
0.832823
0.835628
0.835628
0.837097
0.837097
0.838569
0.838569
0.838672
0.840117
0.841804
0.848456
0.858519
0.858519
0.859713
0.860989
0.878615
0.892366
0.901836
0.907758
0.91981
0.926552
0.934752
0.948486
0.958833
0.962791
0.962791
0.989678
0.992535
0.992535
1.00742
1.01522
1.0222
1.09062
1.09723
1.10353
1.12996
1.12996
1.20398
1.21472
1.2183
1.25387
1.26466
1.28927
1.307
1.3678
1.44896
1.5948
1.5948
1.64923
1.83408
2.48963
