0.04
0.13
0.29
0.37
0.45
0.53
0.56
0.61
0.67
0.71
0.73
0.77
0.77
0.77
0.78
0.79
0.82
0.88
0.88
0.89
0.93
0.95
0.97
0.99
1.01
1.02
1.04
1.05
1.08
1.08
1.09
1.11
1.11
1.15
1.16
1.18
1.21
1.23
1.27
1.32
1.36
1.39
1.45
1.51
1.52
1.52
1.53
1.55
1.56
1.57
1.57
1.59
1.61
1.62
1.65
1.67
1.67
1.67
1.68
1.69
1.72
1.75
1.77
1.77
1.79
1.81
1.84
1.85
1.89
1.91
1.91
1.92
1.94
1.96
1.98
2.0
2.0
2.04
2.08
2.1
2.16
2.22
2.25
2.28
2.29
2.3
2.31
2.33
2.34
2.34
2.36
2.38
2.39
2.39
2.4
2.43
2.44
2.46
2.49
2.51
2.51
2.52
2.52
2.54
2.55
2.56
2.59
2.61
2.63
2.64
2.66
2.66
2.68
2.7
2.74
2.76
2.81
2.81
2.83
2.87
2.91
2.95
2.98
2.99
2.99
3.03
3.04
3.04
3.08
3.09
3.09
3.1
3.1
3.12
3.14
3.16
3.18
3.19
3.2
3.21
3.21
3.23
3.23
3.24
3.25
3.31
3.34
3.37
3.39
3.42
3.45
3.49
3.51
3.53
3.58
3.62
3.66
3.71
3.76
3.81
3.83
3.84
3.86
3.89
3.91
3.93
3.94
3.96
3.96
3.98
3.98
4.0
4.03
4.04
4.04
4.05
4.06
4.08
4.08
4.09
4.1
4.12
4.12
4.17
4.19
4.22
4.29
4.33
4.37
4.4
4.44
4.48
4.57
4.63
4.63
4.65
4.68
4.69
4.72
4.75
4.8
4.81
4.83
4.86
4.88
4.89
4.93
4.94
4.97
4.98
5.0
5.02
5.04
5.04
5.07
5.11
5.13
5.15
5.17
5.21
5.24
5.27
5.31
5.34
5.38
5.42
5.45
5.5
5.55
5.57
5.59
5.6
5.65
5.68
5.7
5.72
5.75
5.76
5.78
5.8
5.84
5.88
5.9
5.91
6.01
6.1
6.13
6.18
6.22
6.29
6.34
6.36
6.4
6.42
6.45
6.48
6.5
6.53
6.6
6.65
6.68
6.72
6.72
6.76
6.78
6.81
6.85
6.89
7.0
7.09
7.15
7.22
7.23
7.27
7.32
7.35
7.39
7.4
7.44
7.46
7.47
7.56
7.61
7.66
7.74
7.79
7.81
7.88
7.9
7.94
7.96
8.01
8.06
8.08
8.16
8.24
8.3
8.33
8.39
8.48
8.54
8.6
8.67
8.69
8.71
8.73
8.76
8.8
8.84
8.92
8.96
9.01
9.06
9.1
9.18
9.23
9.3
9.36
9.42
9.44
9.47
9.52
9.57
9.63
9.7
9.75
9.75
9.84
9.87
9.94
10.01
10.09
10.13
10.2
10.27
10.32
10.39
10.45
10.48
10.51
10.55
10.61
10.68
10.75
10.83
10.85
10.92
10.97
11.02
11.1
11.17
11.26
11.33
11.37
11.43
11.52
11.55
11.58
11.64
11.75
11.85
11.97
12.01
12.08
12.11
12.12
12.2
12.23
12.34
12.4
12.47
12.54
12.69
12.78
12.88
12.94
13.02
13.08
13.18
13.27
13.34
13.43
13.51
13.57
13.69
13.78
13.86
13.99
14.06
14.16
14.3
14.42
14.55
14.65
14.73
14.83
14.93
15.04
15.09
15.22
15.33
15.42
15.59
15.67
15.85
15.97
16.05
16.22
16.39
16.54
16.7
16.86
16.95
17.07
17.27
17.46
17.7
17.82
17.97
18.25
18.42
18.58
18.73
18.94
19.22
19.37
19.54
19.85
20.07
20.4
20.72
20.95
21.22
21.48
21.77
22.02
22.33
22.64
23.0
23.29
23.67
24.11
24.55
24.92
25.5
26.14
27.11
28.83
30.75
33.8
