0.149363
0.149363
0.154108
0.154108
0.158627
0.158683
0.162768
0.163294
0.1683
0.168575
0.173093
0.173571
0.177012
0.177941
0.182308
0.183804
0.187108
0.188656
0.192201
0.193684
0.197073
0.198579
0.200932
0.203348
0.20532
0.207241
0.208804
0.210183
0.212118
0.214337
0.216013
0.218166
0.219947
0.221846
0.223226
0.225216
0.227004
0.229139
0.230488
0.232304
0.233733
0.235835
0.237684
0.239829
0.240973
0.242875
0.244199
0.245905
0.247378
0.24916
0.250742
0.252183
0.254208
0.255603
0.257104
0.258495
0.259813
0.260858
0.261975
0.263237
0.264645
0.266028
0.267428
0.268334
0.269809
0.271239
0.272387
0.273919
0.27533
0.276357
0.277599
0.278911
0.280108
0.281231
0.282391
0.283581
0.28463
0.285618
0.286821
0.287823
0.288747
0.289788
0.290916
0.292089
0.293095
0.294167
0.294866
0.296032
0.297014
0.298044
0.299101
0.300254
0.301233
0.302345
0.303584
0.304385
0.305319
0.306383
0.307269
0.308293
0.309554
0.310524
0.311485
0.312194
0.313293
0.313913
0.315097
0.31588
0.316855
0.317923
0.318774
0.319555
0.32044
0.321369
0.322413
0.323815
0.324841
0.325708
0.326953
0.327644
0.328693
0.329629
0.33044
0.331535
0.332187
0.333234
0.334057
0.335269
0.336317
0.337288
0.338448
0.339193
0.340057
0.341153
0.341902
0.342942
0.343729
0.344806
0.345439
0.346439
0.347148
0.348406
0.349174
0.350305
0.35107
0.351969
0.352919
0.354044
0.355116
0.35605
0.356917
0.357769
0.358477
0.359501
0.360457
0.361445
0.362282
0.363205
0.364169
0.364972
0.365904
0.3667
0.367933
0.368884
0.369733
0.370612
0.371721
0.372533
0.37359
0.374392
0.375288
0.376321
0.377083
0.378063
0.379042
0.380039
0.380993
0.381899
0.38314
0.383961
0.38482
0.385572
0.386398
0.387466
0.388358
0.389396
0.390156
0.391389
0.392423
0.393434
0.394446
0.395258
0.396312
0.39722
0.398504
0.399487
0.400451
0.401268
0.402299
0.403636
0.404624
0.405771
0.406813
0.407946
0.408869
0.410026
0.410943
0.412148
0.413298
0.414364
0.415717
0.416861
0.417905
0.418994
0.420094
0.421202
0.422383
0.423596
0.424766
0.425753
0.426647
0.428174
0.429623
0.430966
0.432045
0.433242
0.434363
0.435838
0.437058
0.438438
0.439734
0.44105
0.442148
0.443634
0.444735
0.446097
0.447356
0.448534
0.449854
0.451271
0.452897
0.454127
0.455883
0.457032
0.458358
0.459612
0.460899
0.462348
0.463638
0.465114
0.466585
0.467929
0.469085
0.470267
0.471679
0.473095
0.47427
0.475756
0.47694
0.478406
0.47999
0.481072
0.482543
0.483815
0.485153
0.486527
0.488051
0.489684
0.491039
0.492278
0.493451
0.494763
0.496201
0.497551
0.498896
0.500454
0.501733
0.503276
0.505084
0.506654
0.508241
0.509847
0.511946
0.513456
0.515112
0.516756
0.518328
0.520147
0.52156
0.52347
0.525195
0.52674
0.528328
0.530193
0.532126
0.534201
0.536123
0.537998
0.539906
0.542029
0.543323
0.545364
0.547193
0.549204
0.551683
0.553949
0.556196
0.558553
0.560796
0.563167
0.565364
0.567813
0.569998
0.572079
0.573952
0.576175
0.578293
0.580497
0.583192
0.585244
0.587198
0.589222
0.591522
0.594053
0.596042
0.598404
0.60059
0.602708
0.605033
0.608028
0.610626
0.612752
0.614952
0.617774
0.620046
0.62227
0.625212
0.626785
0.629357
0.631805
0.633905
0.636378
0.638903
0.640648
0.643649
0.646357
0.648544
0.650434
0.65276
0.655709
0.658989
0.661538
0.664339
0.66721
0.669904
0.672613
0.67488
0.677493
0.680384
0.682965
0.686575
0.689814
0.692571
0.695884
0.698942
0.70151
0.704074
0.707588
0.710988
0.714379
0.717678
0.721082
0.724983
0.727699
0.730685
0.734013
0.736803
0.739866
0.743192
0.746854
0.749503
0.75312
0.756729
0.760318
0.763808
0.767127
0.770628
0.774208
0.777943
0.781847
0.786212
0.790335
0.794948
0.799246
0.803974
0.809058
0.813133
0.817827
0.82089
0.824534
0.828789
0.834643
0.840357
0.845632
0.851409
0.856374
0.860858
0.866288
0.870783
0.875877
0.881867
0.886762
0.892986
0.899596
0.905621
0.911026
0.918202
0.924348
0.932507
0.940687
0.948877
0.957121
0.96587
0.974448
0.985239
0.994347
1.00535
1.01561
1.02683
1.03663
1.04873
1.06292
1.07682
1.09428
1.10905
1.12912
1.14755
1.17237
1.19562
1.21992
1.24122
1.26121
1.28715
1.31144
1.34522
1.37784
1.41624
1.49922
1.5971
1.7662
