0.244263
0.244263
0.375018
0.375018
0.38887
0.38887
0.440989
0.440989
0.443653
0.443653
0.463281
0.463281
0.471623
0.501981
0.501981
0.511503
0.511503
0.519794
0.519794
0.539765
0.539765
0.546202
0.580215
0.580215
0.619862
0.619862
0.627324
0.627324
0.666027
0.669377
0.669377
0.669961
0.684599
0.691196
0.71541
0.719254
0.752666
0.752666
0.758009
0.758009
0.764185
0.775745
0.775745
0.779808
0.828974
0.828974
0.854707
0.891539
0.891539
0.942943
0.992249
0.992249
1.03863
1.03863
1.0406
1.05462
1.05771
1.06464
1.06464
1.13881
1.20216
1.20216
1.20854
1.24994
1.25442
1.25442
1.31211
1.329
1.33962
1.3561
1.36061
1.37452
1.4079
1.4243
1.47303
1.55668
1.55875
1.58515
1.58515
1.58575
1.59177
1.61651
1.61651
1.6654
1.72754
1.74057
1.74057
1.75805
1.76952
1.80574
1.83608
1.86188
1.94745
2.06055
2.12965
2.19966
2.49189
2.71409
2.90187
3.16948
