0.149886
0.149886
0.158904
0.158904
0.164869
0.164869
0.170193
0.170193
0.177945
0.177945
0.18116
0.198293
0.198293
0.21721
0.21721
0.220623
0.220623
0.23281
0.23281
0.236567
0.238438
0.238438
0.242974
0.289093
0.298549
0.298549
0.300403
0.300403
0.310441
0.310441
0.316019
0.318292
0.318292
0.331174
0.331174
0.33404
0.33404
0.344356
0.352078
0.354543
0.354543
0.390383
0.390383
0.39634
0.39634
0.408244
0.408244
0.409344
0.409344
0.421572
0.421572
0.42576
0.42576
0.42594
0.42594
0.43665
0.43665
0.445296
0.445296
0.44796
0.44796
0.456647
0.456647
0.457945
0.457945
0.492526
0.492526
0.494546
0.494546
0.495132
0.495132
0.505949
0.505949
0.506327
0.506327
0.51379
0.515949
0.515949
0.536201
0.536201
0.545478
0.550429
0.550429
0.557327
0.557327
0.56026
0.56026
0.578036
0.584554
0.599714
0.599714
0.600478
0.600478
0.602877
0.610297
0.617253
0.620655
0.620655
0.624574
0.624574
0.624947
0.624947
0.629942
0.631938
0.648325
0.648325
0.652919
0.659514
0.659514
0.686247
0.689774
0.689774
0.690324
0.690324
0.692418
0.692418
0.703616
0.715477
0.717332
0.717332
0.73216
0.737582
0.739098
0.741987
0.746918
0.746918
0.76592
0.76592
0.770315
0.776279
0.776279
0.77646
0.780723
0.780723
0.782713
0.792849
0.792849
0.793817
0.793817
0.794116
0.805861
0.83914
0.843116
0.845092
0.86156
0.861823
0.870695
0.876799
0.920969
0.923342
0.93853
0.93853
0.94292
0.94292
0.946452
0.950076
0.950076
0.958421
0.973191
0.977652
0.977652
0.987037
1.00121
1.00357
1.00504
1.0084
1.01826
1.09868
1.12774
1.13384
1.14054
1.16092
1.16405
1.16475
1.1699
1.17424
1.17424
1.20165
1.20517
1.20554
1.23815
1.34755
1.42331
1.43025
1.43405
1.4475
1.51774
1.51774
1.52641
1.67052
1.69285
1.6972
1.77404
1.78459
1.78459
1.82161
1.9421
1.97468
2.0686
2.59678
