0.328
0.328
0.328
0.328
0.328
0.328
0.328
0.328
0.328
0.328
0.328
0.328
0.328
0.328
0.328
0.329
0.329
0.33
0.33
0.331
0.331
0.331
0.332
0.332
0.335
0.335
0.337
0.338
0.341
0.341
0.344
0.345
0.349
0.351
0.352
0.354
0.356
0.361
0.362
0.362
0.365
0.365
0.367
0.371
0.374
0.376
0.377
0.38
0.384
0.387
0.393
0.394
0.398
0.406
0.407
0.41
0.416
0.419
0.422
0.427
0.429
0.435
0.439
0.444
0.445
0.451
0.456
0.461
0.465
0.474
0.482
0.49
0.494
0.497
0.5
0.502
0.505
0.507
0.51
0.514
0.516
0.524
0.53
0.534
0.54
0.549
0.551
0.555
0.565
0.574
0.58
0.587
0.595
0.598
0.606
0.617
0.626
0.633
0.636
0.642
0.645
0.649
0.659
0.67
0.679
0.688
0.693
0.703
0.711
0.722
0.732
0.738
0.745
0.757
0.765
0.777
0.79
0.798
0.808
0.816
0.824
0.837
0.846
0.855
0.868
0.88
0.892
0.906
0.92
0.931
0.943
0.959
0.973
0.988
1.003
1.014
1.027
1.04
1.057
1.076
1.09
1.108
1.126
1.144
1.158
1.174
1.192
1.212
1.23
1.241
1.255
1.276
1.298
1.309
1.324
1.349
1.366
1.38
1.403
1.423
1.44
1.459
1.485
1.501
1.521
1.548
1.568
1.589
1.604
1.627
1.659
1.691
1.707
1.731
1.766
1.793
1.832
1.864
1.91
1.959
2.003
2.064
2.128
2.201
2.274
2.348
2.444
2.523
2.603
2.695
2.942
3.158
3.517
3.666
3.879
4.105
4.273
4.454
4.917
5.096
