0.328
0.328
0.328
0.328
0.328
0.328
0.328
0.328
0.328
0.328
0.328
0.328
0.328
0.329
0.33
0.33
0.331
0.331
0.331
0.333
0.333
0.333
0.334
0.334
0.335
0.335
0.335
0.336
0.337
0.338
0.339
0.34
0.343
0.346
0.346
0.348
0.349
0.351
0.352
0.354
0.358
0.36
0.361
0.363
0.367
0.374
0.376
0.38
0.383
0.385
0.388
0.394
0.399
0.402
0.408
0.412
0.416
0.424
0.427
0.43
0.434
0.441
0.443
0.447
0.451
0.455
0.46
0.463
0.468
0.474
0.482
0.487
0.49
0.494
0.495
0.499
0.506
0.515
0.521
0.527
0.536
0.541
0.545
0.553
0.556
0.561
0.568
0.573
0.579
0.581
0.584
0.589
0.593
0.595
0.603
0.608
0.614
0.622
0.629
0.637
0.641
0.646
0.655
0.66
0.666
0.676
0.689
0.696
0.703
0.707
0.712
0.716
0.719
0.723
0.729
0.734
0.74
0.75
0.76
0.763
0.773
0.78
0.786
0.793
0.804
0.814
0.821
0.824
0.829
0.838
0.842
0.848
0.855
0.861
0.87
0.874
0.884
0.885
0.892
0.904
0.909
0.92
0.929
0.937
0.942
0.95
0.963
0.966
0.977
0.98
0.989
0.999
1.007
1.019
1.026
1.032
1.037
1.046
1.055
1.066
1.072
1.08
1.09
1.1
1.109
1.115
1.121
1.125
1.133
1.149
1.156
1.165
1.179
1.185
1.192
1.198
1.208
1.214
1.223
1.229
1.239
1.251
1.259
1.269
1.282
1.293
1.303
1.314
1.318
1.331
1.341
1.356
1.369
1.381
1.4
1.411
1.427
1.444
1.454
1.467
1.48
1.494
1.514
1.531
1.55
1.564
1.576
1.593
1.621
1.64
1.654
1.679
1.702
1.727
1.752
1.786
1.815
1.837
1.867
1.893
1.919
1.949
1.973
1.994
2.025
2.054
2.084
2.125
2.164
2.208
2.284
2.344
2.406
2.463
2.522
2.584
2.688
2.82
3.052
3.373
3.637
3.797
3.928
4.083
4.304
4.551
4.758
4.982
5.276
5.417
