0.328
0.328
0.328
0.328
0.328
0.328
0.328
0.328
0.329
0.329
0.33
0.33
0.33
0.33
0.33
0.33
0.332
0.332
0.332
0.333
0.333
0.333
0.333
0.334
0.334
0.335
0.335
0.335
0.337
0.337
0.337
0.338
0.338
0.338
0.34
0.342
0.344
0.344
0.344
0.347
0.347
0.349
0.349
0.349
0.351
0.355
0.36
0.364
0.367
0.368
0.368
0.37
0.37
0.372
0.374
0.374
0.375
0.379
0.38
0.383
0.388
0.388
0.393
0.393
0.397
0.401
0.404
0.41
0.413
0.418
0.421
0.425
0.433
0.436
0.437
0.439
0.44
0.445
0.447
0.448
0.451
0.454
0.454
0.457
0.463
0.467
0.473
0.478
0.48
0.483
0.487
0.491
0.494
0.499
0.499
0.502
0.502
0.505
0.507
0.511
0.512
0.515
0.521
0.524
0.532
0.535
0.537
0.541
0.545
0.547
0.551
0.556
0.558
0.561
0.564
0.567
0.57
0.574
0.576
0.58
0.59
0.597
0.602
0.608
0.614
0.618
0.621
0.625
0.628
0.637
0.642
0.643
0.646
0.647
0.648
0.656
0.659
0.664
0.667
0.674
0.68
0.681
0.682
0.688
0.693
0.7
0.706
0.712
0.716
0.723
0.733
0.734
0.74
0.744
0.75
0.753
0.76
0.762
0.766
0.769
0.771
0.774
0.78
0.783
0.789
0.794
0.798
0.803
0.807
0.813
0.821
0.83
0.839
0.844
0.851
0.855
0.858
0.863
0.869
0.871
0.872
0.879
0.884
0.886
0.889
0.892
0.9
0.901
0.912
0.919
0.926
0.935
0.94
0.947
0.952
0.955
0.959
0.963
0.969
0.972
0.98
0.986
0.993
0.999
1.003
1.008
1.015
1.02
1.028
1.038
1.045
1.052
1.057
1.064
1.07
1.073
1.076
1.08
1.085
1.091
1.099
1.104
1.111
1.117
1.126
1.136
1.142
1.146
1.149
1.156
1.165
1.168
1.177
1.184
1.19
1.196
1.203
1.212
1.224
1.23
1.238
1.243
1.248
1.257
1.261
1.265
1.269
1.272
1.282
1.289
1.3
1.312
1.316
1.325
1.327
1.334
1.34
1.349
1.356
1.366
1.375
1.388
1.391
1.398
1.406
1.418
1.423
1.427
1.434
1.438
1.446
1.452
1.463
1.469
1.478
1.484
1.498
1.505
1.513
1.522
1.532
1.541
1.546
1.555
1.562
1.571
1.579
1.588
1.595
1.603
1.612
1.626
1.634
1.64
1.65
1.657
1.663
1.67
1.676
1.685
1.697
1.712
1.723
1.732
1.74
1.747
1.761
1.774
1.787
1.796
1.809
1.822
1.836
1.856
1.867
1.88
1.896
1.91
1.928
1.947
1.963
1.986
2.007
2.032
2.047
2.073
2.101
2.12
2.154
2.179
2.207
2.243
2.28
2.311
2.349
2.38
2.432
2.477
2.543
2.594
2.657
2.765
2.897
3.36
3.758
3.947
4.126
4.434
4.8
5.139
