0.16
0.28
0.47
0.6
0.65
0.69
0.71
0.74
0.75
0.76
0.77
0.79
0.79
0.79
0.81
0.83
0.83
0.85
0.9
0.95
0.97
1.03
1.12
1.19
1.23
1.28
1.32
1.36
1.38
1.4
1.41
1.43
1.47
1.48
1.49
1.5
1.51
1.52
1.53
1.54
1.55
1.61
1.63
1.64
1.68
1.75
1.81
1.84
1.85
1.89
1.93
1.97
1.99
2.0
2.03
2.05
2.06
2.07
2.11
2.11
2.13
2.14
2.14
2.15
2.16
2.19
2.2
2.22
2.25
2.28
2.31
2.32
2.39
2.44
2.47
2.5
2.55
2.56
2.61
2.68
2.68
2.68
2.74
2.74
2.75
2.75
2.75
2.76
2.78
2.79
2.8
2.8
2.83
2.84
2.84
2.85
2.85
2.88
2.89
2.92
2.94
2.96
2.97
2.98
2.98
3.0
3.06
3.07
3.12
3.13
3.14
3.19
3.23
3.24
3.27
3.28
3.28
3.3
3.31
3.31
3.33
3.36
3.36
3.36
3.37
3.38
3.39
3.39
3.41
3.44
3.44
3.45
3.47
3.47
3.52
3.53
3.54
3.59
3.62
3.68
3.71
3.73
3.74
3.76
3.79
3.81
3.82
3.86
3.91
3.93
3.98
3.98
4.01
4.02
4.05
4.1
4.1
4.14
4.14
4.17
4.2
4.22
4.24
4.24
4.27
4.32
4.34
4.36
4.41
4.44
4.45
4.47
4.48
4.52
4.55
4.59
4.59
4.6
4.61
4.65
4.72
4.74
4.75
4.76
4.8
4.83
4.84
4.85
4.86
4.88
4.89
4.89
4.92
4.95
4.96
4.97
4.98
5.02
5.04
5.08
5.1
5.11
5.14
5.19
5.21
5.25
5.3
5.32
5.38
5.41
5.42
5.49
5.51
5.53
5.56
5.58
5.61
5.62
5.67
5.68
5.72
5.75
5.79
5.84
5.87
5.89
5.9
5.92
5.97
6.01
6.06
6.1
6.15
6.18
6.21
6.22
6.33
6.36
6.4
6.43
6.48
6.53
6.53
6.54
6.56
6.57
6.63
6.63
6.65
6.66
6.68
6.76
6.81
6.89
6.93
6.95
7.01
7.06
7.1
7.19
7.23
7.28
7.29
7.3
7.31
7.37
7.4
7.44
7.49
7.52
7.54
7.58
7.66
7.72
7.76
7.82
7.87
7.94
8.0
8.01
8.05
8.06
8.12
8.15
8.15
8.17
8.26
8.32
8.37
8.39
8.41
8.47
8.52
8.58
8.63
8.65
8.72
8.8
8.86
8.89
8.94
8.96
9.01
9.06
9.09
9.11
9.16
9.22
9.3
9.33
9.42
9.49
9.56
9.6
9.67
9.71
9.76
9.82
9.88
9.91
9.94
9.98
10.04
10.09
10.18
10.25
10.34
10.44
10.5
10.57
10.6
10.63
10.7
10.78
10.86
10.93
11.01
11.1
11.14
11.22
11.3
11.39
11.47
11.5
11.6
11.71
11.81
11.95
12.04
12.14
12.23
12.29
12.4
12.57
12.65
12.71
12.84
12.97
13.07
13.2
13.33
13.46
13.6
13.67
13.87
13.97
14.16
14.34
14.43
14.61
14.77
14.92
15.1
15.28
15.5
15.67
15.91
16.09
16.3
16.6
16.83
17.15
17.35
17.63
17.97
18.33
18.6
19.02
19.39
19.79
20.17
20.71
21.15
21.71
22.32
23.03
23.75
25.19
26.75
29.45
