0.164388
0.164388
0.168687
0.168687
0.17717
0.17717
0.185715
0.185715
0.191677
0.191677
0.192288
0.192288
0.193323
0.193323
0.198251
0.198251
0.216987
0.216987
0.240657
0.240657
0.253818
0.253818
0.25477
0.25477
0.256594
0.256594
0.2575
0.2575
0.261653
0.261653
0.267051
0.267051
0.268595
0.268595
0.277336
0.277336
0.278277
0.278277
0.283504
0.283504
0.284521
0.284521
0.292432
0.292432
0.292501
0.292501
0.29413
0.29413
0.297511
0.297511
0.302063
0.302063
0.303123
0.303123
0.303984
0.304812
0.304812
0.308571
0.308571
0.309682
0.309682
0.31052
0.311038
0.311038
0.312047
0.312047
0.313948
0.313948
0.3146
0.315278
0.315278
0.315302
0.316544
0.316544
0.317774
0.317774
0.318956
0.318977
0.318977
0.319262
0.319567
0.321521
0.321521
0.322672
0.322672
0.327543
0.327543
0.330981
0.330981
0.334381
0.334437
0.334437
0.335122
0.335122
0.336996
0.336996
0.34068
0.34068
0.341232
0.341232
0.341306
0.341593
0.344323
0.344323
0.344515
0.346687
0.346687
0.34802
0.349975
0.351061
0.353075
0.353075
0.355592
0.356117
0.361744
0.362019
0.362019
0.364483
0.364483
0.365685
0.365685
0.365817
0.369438
0.369438
0.369667
0.369667
0.373319
0.373456
0.373456
0.378194
0.378194
0.378361
0.378714
0.381624
0.382102
0.384424
0.384424
0.384885
0.384885
0.390352
0.390352
0.390789
0.393214
0.394219
0.394219
0.395565
0.395565
0.396168
0.396168
0.398394
0.399524
0.400793
0.400793
0.401863
0.401863
0.403319
0.403319
0.403763
0.403776
0.403776
0.404256
0.404256
0.405074
0.406296
0.406384
0.406459
0.406459
0.406788
0.407127
0.409075
0.409075
0.409945
0.409945
0.41031
0.415695
0.415695
0.417352
0.418945
0.418945
0.418983
0.419559
0.419559
0.427553
0.427553
0.430188
0.430188
0.431464
0.431524
0.43246
0.43246
0.436187
0.436187
0.439703
0.440967
0.441102
0.442412
0.444067
0.446094
0.446094
0.449771
0.449771
0.45035
0.453009
0.454881
0.454881
0.458265
0.458404
0.458404
0.460677
0.460677
0.462276
0.462732
0.462732
0.465337
0.468465
0.470867
0.470867
0.471971
0.47332
0.473438
0.475363
0.476038
0.477204
0.479218
0.479218
0.482294
0.482476
0.484911
0.48992
0.491878
0.492195
0.492653
0.492653
0.493628
0.494493
0.496184
0.496184
0.49627
0.498145
0.500433
0.500433
0.501798
0.508015
0.510257
0.512396
0.512396
0.513251
0.514161
0.52136
0.52136
0.522938
0.529226
0.52968
0.53124
0.531278
0.532462
0.535864
0.535864
0.53798
0.538059
0.540576
0.540576
0.541278
0.541278
0.546017
0.550953
0.55233
0.55233
0.563247
0.566072
0.56973
0.569855
0.57121
0.576457
0.577169
0.577169
0.577339
0.587011
0.587011
0.590358
0.59732
0.59877
0.604134
0.609101
0.613488
0.614157
0.614157
0.614675
0.616088
0.616405
0.617178
0.618951
0.625603
0.626394
0.631057
0.637296
0.641922
0.648979
0.650397
0.653161
0.655409
0.655409
0.668075
0.681851
0.681851
0.686315
0.689543
0.704605
0.704605
0.708098
0.716195
0.716195
0.721886
0.725335
0.728052
0.728052
0.733235
0.733518
0.738732
0.755787
0.767003
0.770001
0.772205
0.77797
0.790322
0.79159
0.79159
0.795296
0.795912
0.797315
0.798416
0.814134
0.815539
0.815539
0.817293
0.823533
0.823533
0.825987
0.829164
0.829164
0.829321
0.831421
0.83803
0.841659
0.841659
0.843456
0.847197
0.853737
0.858691
0.858691
0.860013
0.861899
0.870965
0.870965
0.878538
0.893962
0.895278
0.895278
0.896785
0.9031
0.914133
0.931325
0.931325
0.933142
0.941447
0.946107
0.946107
0.949021
0.965571
0.966867
0.974515
0.980988
0.983033
0.990156
1.00026
1.00074
1.00074
1.03721
1.03979
1.05459
1.06456
1.07474
1.07954
1.08156
1.09044
1.0997
1.0997
1.11651
1.19954
1.24013
1.24013
1.25601
1.32161
1.34137
1.37528
1.66729
1.69484
1.72996
1.77333
1.84683
