0.150974
0.150974
0.152802
0.152802
0.153005
0.153005
0.153323
0.153323
0.154589
0.154589
0.156243
0.156243
0.156533
0.156533
0.157555
0.157555
0.158383
0.158383
0.158679
0.158679
0.159068
0.159068
0.163548
0.165503
0.165503
0.166029
0.166029
0.16613
0.16613
0.166663
0.166663
0.166712
0.167668
0.167668
0.169054
0.169054
0.169399
0.169515
0.172774
0.172774
0.173022
0.173022
0.174448
0.174448
0.174817
0.174817
0.176244
0.176244
0.177864
0.177864
0.178739
0.181467
0.181827
0.181827
0.193361
0.193361
0.19481
0.19481
0.195147
0.195147
0.195475
0.195475
0.196455
0.196455
0.205841
0.205849
0.205849
0.20585
0.20585
0.20676
0.20676
0.207028
0.207587
0.210495
0.211993
0.211993
0.2149
0.2149
0.215566
0.215566
0.217623
0.217623
0.220208
0.221375
0.221375
0.222667
0.222667
0.223423
0.223423
0.223778
0.223778
0.223817
0.223817
0.226936
0.226936
0.22702
0.22702
0.230201
0.230554
0.230554
0.230977
0.230977
0.231224
0.231224
0.231792
0.231792
0.234343
0.234343
0.235886
0.236005
0.236005
0.236914
0.239047
0.239047
0.241241
0.241874
0.241874
0.243004
0.243004
0.243668
0.243668
0.244212
0.245391
0.245391
0.24556
0.246266
0.246266
0.246884
0.246884
0.24759
0.24759
0.249149
0.249778
0.249778
0.250186
0.250186
0.252265
0.252265
0.252644
0.252644
0.253082
0.253082
0.253963
0.253963
0.255307
0.255695
0.255695
0.256775
0.257071
0.257071
0.25762
0.25762
0.257719
0.258274
0.258274
0.263454
0.263454
0.264062
0.264062
0.265241
0.265241
0.265418
0.265418
0.266602
0.266602
0.267574
0.267574
0.268693
0.268693
0.273556
0.274018
0.274018
0.275034
0.275266
0.275266
0.278878
0.279284
0.279284
0.27985
0.280733
0.280733
0.280749
0.280749
0.282562
0.282562
0.282813
0.283594
0.285544
0.286348
0.286554
0.286554
0.287695
0.287695
0.289412
0.289555
0.289555
0.289986
0.289986
0.29073
0.29073
0.290741
0.291659
0.291659
0.291701
0.29231
0.292458
0.29273
0.293919
0.293919
0.294978
0.295166
0.295255
0.295255
0.295868
0.295868
0.296897
0.296897
0.297378
0.297378
0.297521
0.301126
0.301126
0.301167
0.301167
0.302007
0.302007
0.305957
0.30626
0.3077
0.308431
0.308431
0.309026
0.309641
0.309641
0.310298
0.311006
0.311447
0.311724
0.311869
0.311869
0.313057
0.313403
0.313403
0.31388
0.315567
0.315567
0.315779
0.315779
0.316213
0.316213
0.316232
0.318143
0.318143
0.319322
0.319322
0.320419
0.320419
0.320841
0.320841
0.321808
0.321873
0.324086
0.324086
0.324616
0.324616
0.325126
0.325126
0.326488
0.32745
0.32745
0.327461
0.328092
0.328092
0.328439
0.328591
0.33005
0.330126
0.330914
0.330914
0.331819
0.332049
0.332049
0.332725
0.332725
0.333452
0.334309
0.334309
0.338041
0.338481
0.338869
0.338869
0.339271
0.340696
0.340696
0.341096
0.341314
0.341314
0.341322
0.341932
0.341932
0.342649
0.342649
0.343388
0.343483
0.343483
0.343518
0.343518
0.344245
0.344245
0.344543
0.346821
0.34724
0.347486
0.35306
0.35306
0.353367
0.353486
0.353859
0.353859
0.354198
0.355696
0.355696
0.355866
0.355866
0.357088
0.357088
0.359697
0.359777
0.359777
0.361081
0.361081
0.365463
0.365673
0.365673
0.366107
0.366107
0.36658
0.36658
0.367286
0.367509
0.367509
0.368395
0.368395
0.369672
0.370223
0.370223
0.370341
0.370341
0.370826
0.370826
0.372042
0.372042
0.37216
0.372246
0.372502
0.372502
0.372724
0.373471
0.373471
0.373971
0.373971
0.37417
0.374178
0.374302
0.374535
0.375529
0.375529
0.377639
0.377639
0.377739
0.377739
0.379124
0.379124
0.379213
0.379213
0.381523
0.381523
0.383148
0.384183
0.384183
0.384379
0.384379
0.384475
0.384475
0.386459
0.386459
0.387367
0.38741
0.387895
0.387895
0.388075
0.388117
0.388117
0.388179
0.388179
0.388309
0.389249
0.389249
0.389339
0.391515
0.391776
0.391776
0.391944
0.39199
0.392007
0.392091
0.392659
0.392659
0.394142
0.396421
0.396869
0.396869
0.397022
0.397266
0.397266
0.398235
0.398235
0.398829
0.399062
0.400376
0.400376
0.401455
0.402231
0.402231
0.402326
0.402326
0.402739
0.405353
0.407372
0.408398
0.408398
0.408974
0.408974
0.409676
0.409676
0.411406
0.412298
0.412298
0.413245
0.413245
0.413661
0.413661
0.41562
0.41562
0.415648
0.415874
0.417042
0.417701
0.418028
0.420883
0.422514
0.422514
0.426687
0.426828
0.428227
0.428477
0.429277
0.431037
0.432435
0.432435
0.433212
0.433212
0.433351
0.433351
0.434408
0.434408
0.439455
0.43947
0.43947
0.440144
0.440498
0.441356
0.441356
0.442049
0.442049
0.442183
0.442558
0.442558
0.443565
0.443565
0.443652
0.443652
0.443803
0.443803
0.44409
0.44409
0.445172
0.445172
0.445784
0.446073
0.446541
0.447401
0.447401
0.447755
0.448208
0.449942
0.449942
0.450706
0.451148
0.451321
0.451321
0.451354
0.453042
0.45352
0.45352
0.454349
0.454691
0.454691
0.455875
0.45713
0.457731
0.458068
0.458068
0.458416
0.458771
0.459299
0.461272
0.461272
0.46196
0.46294
0.463052
0.463283
0.463283
0.463313
0.463313
0.463706
0.464449
0.464449
0.465087
0.465812
0.465812
0.466804
0.467596
0.467994
0.468326
0.468326
0.469084
0.469811
0.469811
0.470526
0.471427
0.472594
0.472594
0.473576
0.474311
0.474311
0.475916
0.480089
0.483285
0.483285
0.484636
0.485565
0.487126
0.488572
0.48936
0.48936
0.491371
0.49248
0.49248
0.49257
0.49274
0.492883
0.492883
0.492964
0.492964
0.493465
0.495848
0.495848
0.496269
0.497886
0.497886
0.498386
0.499118
0.502181
0.502262
0.504417
0.506894
0.507398
0.507584
0.507584
0.507677
0.50824
0.508502
0.508594
0.508652
0.508805
0.508805
0.509258
0.515022
0.517239
0.517716
0.517846
0.522929
0.524337
0.525261
0.526082
0.527137
0.529618
0.529618
0.530354
0.530354
0.532031
0.532031
0.533828
0.534816
0.535225
0.535656
0.539027
0.539238
0.539238
0.543107
0.543556
0.546078
0.549504
0.549699
0.55545
0.556116
0.559917
0.560737
0.560737
0.561665
0.561665
0.562091
0.562213
0.562213
0.563178
0.564939
0.567987
0.570277
0.570484
0.571247
0.57194
0.572562
0.572562
0.574031
0.574031
0.576927
0.576927
0.57915
0.579979
0.580211
0.580211
0.581393
0.5827
0.584511
0.584511
0.584608
0.585676
0.58602
0.587077
0.587899
0.590722
0.592367
0.60514
0.605326
0.605326
0.607275
0.611078
0.612322
0.612519
0.61286
0.61286
0.617779
0.619232
0.620608
0.620608
0.623831
0.62516
0.632755
0.632755
0.633063
0.633063
0.638434
0.642654
0.642654
0.643425
0.651238
0.651372
0.653671
0.656601
0.660674
0.662367
0.663212
0.663212
0.66558
0.668075
0.668075
0.668619
0.668619
0.67197
0.67197
0.675467
0.675506
0.678061
0.680105
0.684052
0.684252
0.684616
0.68775
0.68775
0.697583
0.697583
0.700231
0.700808
0.70866
0.710341
0.710442
0.711233
0.718643
0.718643
0.720396
0.724238
0.725424
0.741709
0.744831
0.746897
0.760991
0.76181
0.763263
0.770645
0.780051
0.790628
0.794105
0.797535
0.79976
0.79976
0.808682
0.811369
0.815485
0.818624
0.822876
0.833813
0.836496
0.839239
0.845196
0.846829
0.889953
0.891622
0.89411
0.896103
0.897829
0.919207
0.92069
0.92576
0.937083
0.969333
1.04656
1.11879
1.11955
1.43444
