0.29
0.49
0.69
0.73
0.74
0.75
0.76
0.76
0.77
0.78
0.78
0.78
0.81
0.85
0.86
0.86
0.89
0.93
0.99
1.04
1.12
1.19
1.28
1.37
1.39
1.39
1.42
1.44
1.45
1.45
1.45
1.47
1.48
1.48
1.5
1.5
1.55
1.55
1.58
1.58
1.6
1.63
1.68
1.72
1.75
1.8
1.83
1.86
1.89
1.94
1.95
1.98
2.02
2.1
2.16
2.23
2.28
2.3
2.36
2.38
2.4
2.43
2.43
2.46
2.51
2.53
2.54
2.55
2.58
2.62
2.66
2.74
2.77
2.81
2.82
2.83
2.85
2.91
2.92
2.93
2.96
2.99
3.02
3.05
3.09
3.14
3.16
3.2
3.24
3.27
3.36
3.41
3.48
3.49
3.54
3.55
3.59
3.61
3.65
3.68
3.77
3.84
3.87
3.93
3.94
3.98
4.04
4.08
4.12
4.18
4.26
4.34
4.41
4.48
4.56
4.62
4.67
4.76
4.8
4.92
5.13
5.24
5.34
5.45
5.55
5.7
5.76
5.87
5.98
6.09
6.28
6.45
6.6
6.88
7.08
7.34
7.66
8.05
8.4
8.91
10.02
10.74
12.17
13.45
14.6
16.01
18.0
19.1
20.86
24.8
