0.163073
0.163073
0.182997
0.182997
0.190903
0.190903
0.229255
0.229255
0.237975
0.237975
0.304486
0.304486
0.307131
0.307131
0.330215
0.330215
0.380583
0.380583
0.406013
0.406013
0.411128
0.411128
0.45246
0.45246
0.456988
0.45749
0.45749
0.480154
0.480154
0.480216
0.487435
0.498026
0.498026
0.519207
0.519207
0.519606
0.520365
0.520365
0.521051
0.526738
0.546809
0.591403
0.596349
0.611282
0.611282
0.613999
0.613999
0.61784
0.625412
0.639916
0.639916
0.65534
0.65534
0.678862
0.678862
0.681049
0.686434
0.697595
0.724504
0.724504
0.735797
0.735797
0.748131
0.748131
0.779517
0.779517
0.782796
0.782796
0.790428
0.790428
0.796392
0.822966
0.837508
0.837508
0.843258
0.843258
0.844131
0.863213
0.863213
0.869376
0.869376
0.889793
0.892415
0.892415
0.910343
0.910898
0.914558
0.914558
0.920129
0.920129
0.943196
0.943196
0.945433
0.945433
0.949641
0.950114
0.953615
0.953615
0.972918
0.974955
1.00071
1.00071
1.01946
1.01946
1.05843
1.06934
1.07186
1.07186
1.08087
1.08087
1.08612
1.08853
1.09751
1.10467
1.1154
1.12436
1.13194
1.14074
1.14074
1.18933
1.2039
1.22222
1.24426
1.24426
1.25283
1.25283
1.28587
1.29789
1.30987
1.32351
1.32351
1.34669
1.34669
1.36864
1.37751
1.46584
1.49729
1.51844
1.57803
1.59114
1.60791
1.64421
1.74452
1.74704
1.82006
1.9807
2.08315
2.2014
2.26745
2.27397
