0.328
0.328
0.328
0.328
0.328
0.328
0.328
0.328
0.329
0.33
0.331
0.331
0.332
0.333
0.334
0.334
0.334
0.334
0.334
0.335
0.335
0.335
0.337
0.337
0.337
0.338
0.339
0.34
0.34
0.342
0.343
0.345
0.348
0.35
0.353
0.354
0.356
0.357
0.36
0.367
0.374
0.375
0.377
0.378
0.382
0.387
0.392
0.397
0.398
0.403
0.41
0.415
0.424
0.427
0.432
0.437
0.439
0.442
0.445
0.449
0.452
0.454
0.459
0.463
0.467
0.471
0.473
0.48
0.484
0.49
0.493
0.499
0.501
0.504
0.509
0.513
0.517
0.52
0.525
0.528
0.534
0.544
0.546
0.552
0.558
0.561
0.566
0.569
0.576
0.58
0.588
0.594
0.602
0.607
0.61
0.617
0.621
0.628
0.636
0.64
0.651
0.654
0.661
0.667
0.672
0.678
0.682
0.69
0.693
0.702
0.709
0.719
0.73
0.739
0.749
0.755
0.76
0.768
0.772
0.78
0.788
0.793
0.805
0.817
0.826
0.83
0.835
0.842
0.851
0.854
0.86
0.867
0.876
0.886
0.9
0.904
0.913
0.922
0.93
0.933
0.94
0.947
0.953
0.961
0.973
0.984
0.995
1.0
1.008
1.017
1.023
1.033
1.039
1.046
1.054
1.066
1.077
1.087
1.097
1.107
1.12
1.127
1.132
1.141
1.15
1.16
1.168
1.181
1.195
1.205
1.217
1.227
1.24
1.255
1.265
1.275
1.288
1.302
1.312
1.321
1.326
1.345
1.362
1.382
1.399
1.406
1.419
1.429
1.444
1.455
1.466
1.482
1.499
1.517
1.53
1.546
1.559
1.569
1.588
1.602
1.619
1.631
1.645
1.656
1.671
1.686
1.703
1.714
1.726
1.739
1.757
1.78
1.8
1.812
1.832
1.859
1.877
1.899
1.919
1.943
1.97
1.997
2.024
2.053
2.087
2.109
2.142
2.178
2.204
2.246
2.282
2.333
2.38
2.418
2.468
2.514
2.577
2.65
2.714
2.785
2.88
2.983
3.092
3.186
3.618
3.913
4.222
4.64
5.007
5.237
