0.156104
0.156104
0.182455
0.182455
0.210342
0.210342
0.211815
0.211815
0.212677
0.212677
0.253634
0.253634
0.260565
0.260565
0.266216
0.266216
0.267588
0.267588
0.277264
0.277264
0.294835
0.294835
0.309679
0.309679
0.31665
0.31665
0.331861
0.331861
0.333358
0.333358
0.344964
0.345703
0.345703
0.355656
0.355656
0.375694
0.375694
0.376736
0.376736
0.388396
0.388396
0.391248
0.391248
0.405086
0.409062
0.409062
0.413557
0.413557
0.42147
0.42147
0.441462
0.441462
0.455718
0.464675
0.469569
0.469569
0.470462
0.470462
0.483968
0.483968
0.484271
0.492717
0.493383
0.493383
0.510122
0.529031
0.538267
0.538267
0.551121
0.551121
0.554276
0.564197
0.576392
0.576392
0.580957
0.580957
0.582898
0.598574
0.59917
0.605082
0.605082
0.605836
0.605836
0.60798
0.611188
0.611188
0.621551
0.621551
0.626004
0.626004
0.635079
0.652492
0.652492
0.65289
0.65289
0.664974
0.664974
0.670842
0.671657
0.671657
0.675814
0.692387
0.693641
0.693641
0.697486
0.697486
0.702624
0.702624
0.712176
0.712176
0.731354
0.741557
0.74547
0.749496
0.750585
0.750585
0.751807
0.751807
0.758408
0.767543
0.774452
0.787361
0.79539
0.805295
0.805295
0.812447
0.812447
0.812476
0.812476
0.814561
0.82069
0.821322
0.821322
0.837975
0.84217
0.863425
0.863425
0.870194
0.897116
0.897116
0.897698
0.897698
0.907194
0.910792
0.920963
0.928584
0.943144
0.959428
0.959428
0.963403
0.963677
0.967892
0.980864
0.986762
0.990166
1.00651
1.01684
1.01684
1.02355
1.02355
1.0293
1.02934
1.04175
1.04175
1.06129
1.07095
1.077
1.077
1.08338
1.08338
1.08356
1.09101
1.12975
1.14854
1.15141
1.15141
1.16483
1.17426
1.19156
1.1927
1.19824
1.19958
1.22328
1.22444
1.24669
1.3887
1.39355
1.42855
1.42931
1.45911
1.46567
1.49817
1.50373
1.5111
1.57669
1.6069
1.74636
1.76426
1.80883
1.8432
