0.159441
0.159441
0.16888
0.16888
0.178906
0.179257
0.187572
0.189092
0.195083
0.196404
0.201995
0.203477
0.209842
0.212167
0.216452
0.217993
0.222493
0.223997
0.228118
0.229672
0.234151
0.235764
0.239703
0.241758
0.246239
0.248516
0.253067
0.255666
0.259755
0.262357
0.26643
0.268553
0.272132
0.274807
0.278237
0.280496
0.283322
0.285607
0.287713
0.290112
0.292128
0.294185
0.296587
0.298411
0.301359
0.30278
0.305186
0.308165
0.310504
0.312722
0.31452
0.316124
0.31808
0.3201
0.322092
0.324211
0.326489
0.328457
0.330346
0.332141
0.334404
0.336498
0.33834
0.340314
0.342758
0.344594
0.346849
0.348911
0.351011
0.352891
0.354628
0.35676
0.35858
0.361151
0.363069
0.365224
0.368172
0.370498
0.372884
0.375206
0.378737
0.381702
0.384109
0.386841
0.389782
0.392758
0.394752
0.398016
0.400074
0.402992
0.405445
0.407377
0.409611
0.412179
0.414635
0.416772
0.419593
0.422115
0.424428
0.426775
0.428629
0.431779
0.433737
0.436448
0.439178
0.441867
0.444637
0.447377
0.449564
0.452372
0.455168
0.457469
0.460007
0.462237
0.464353
0.466992
0.469815
0.47235
0.475494
0.478198
0.480849
0.483163
0.485959
0.487634
0.490458
0.49377
0.496736
0.499508
0.50308
0.50596
0.509063
0.512579
0.515614
0.518902
0.522146
0.525009
0.527956
0.53077
0.534317
0.536595
0.538793
0.541484
0.544525
0.547381
0.54996
0.553088
0.555546
0.558159
0.561147
0.564032
0.566988
0.569984
0.572884
0.576181
0.580073
0.583094
0.585741
0.588977
0.590969
0.593949
0.596252
0.599435
0.602072
0.605676
0.608388
0.610811
0.613796
0.616197
0.618901
0.621586
0.624581
0.627211
0.630019
0.63275
0.635902
0.639417
0.642256
0.645415
0.6484
0.651622
0.654952
0.659128
0.662644
0.665479
0.669094
0.673399
0.67743
0.681737
0.684782
0.68875
0.692299
0.695485
0.699431
0.702882
0.706715
0.710036
0.712854
0.716343
0.720597
0.723876
0.727788
0.731626
0.734731
0.737253
0.740463
0.744603
0.748024
0.751444
0.75427
0.757419
0.760226
0.763548
0.767304
0.770933
0.774981
0.778353
0.781337
0.785504
0.78929
0.792537
0.796707
0.801032
0.805143
0.808441
0.811748
0.81645
0.82086
0.824814
0.828647
0.832849
0.83643
0.839814
0.843382
0.846676
0.850721
0.854827
0.858534
0.862854
0.867211
0.870855
0.875658
0.881323
0.886109
0.891307
0.896236
0.902001
0.907592
0.913041
0.917891
0.923933
0.930512
0.935949
0.942374
0.947838
0.954123
0.959565
0.966364
0.973095
0.979781
0.986398
0.993965
1.00154
1.00771
1.01472
1.02042
1.0268
1.03258
1.03894
1.04504
1.05173
1.05861
1.06655
1.07482
1.08197
1.09223
1.10217
1.1139
1.12469
1.13372
1.14301
1.15245
1.16153
1.17305
1.18491
1.19447
1.20811
1.22012
1.23427
1.24889
1.2608
1.27783
1.3033
1.34205
1.37915
1.41571
1.4633
1.50753
1.57874
1.64184
1.68486
