0.153458
0.153458
0.154593
0.154593
0.154595
0.154595
0.159589
0.159589
0.160619
0.160619
0.162546
0.162546
0.168036
0.168036
0.173638
0.173638
0.17862
0.17862
0.187673
0.187673
0.189966
0.189966
0.197388
0.197388
0.205656
0.205656
0.205772
0.205772
0.212027
0.212027
0.212872
0.212872
0.214286
0.214286
0.215074
0.215074
0.220998
0.220998
0.224322
0.224322
0.230186
0.230186
0.235557
0.235557
0.238993
0.238993
0.240101
0.240101
0.241676
0.24645
0.24645
0.24711
0.247566
0.247566
0.248599
0.248599
0.250742
0.250742
0.253
0.256714
0.256714
0.262045
0.268204
0.268204
0.273065
0.275358
0.275358
0.28288
0.28288
0.283859
0.285615
0.285615
0.285621
0.285621
0.286079
0.286079
0.287643
0.287643
0.288319
0.288319
0.28854
0.28854
0.289648
0.289648
0.289844
0.291419
0.294764
0.294764
0.295023
0.297699
0.299888
0.299888
0.300328
0.300328
0.30536
0.30536
0.307177
0.307177
0.310831
0.310831
0.311182
0.311764
0.312222
0.312222
0.312262
0.312262
0.312737
0.312737
0.313944
0.313944
0.314441
0.314441
0.314784
0.316062
0.316062
0.316706
0.316706
0.317113
0.317113
0.317615
0.317615
0.317768
0.317768
0.321906
0.321906
0.321977
0.321977
0.322822
0.322822
0.325879
0.325879
0.332282
0.332282
0.336293
0.336293
0.336797
0.338294
0.341635
0.343001
0.343001
0.344629
0.351225
0.352307
0.353031
0.353031
0.353711
0.353711
0.353952
0.353952
0.356931
0.359111
0.359111
0.359398
0.359398
0.360093
0.360093
0.360736
0.360736
0.36254
0.365566
0.365566
0.366681
0.366681
0.369555
0.369555
0.375002
0.375002
0.376574
0.376574
0.378105
0.378105
0.378242
0.378635
0.378635
0.379665
0.379665
0.380391
0.380391
0.380762
0.382179
0.383269
0.384707
0.384707
0.385172
0.385172
0.386341
0.387472
0.387472
0.387507
0.387507
0.387823
0.387823
0.388707
0.388707
0.394546
0.394546
0.395109
0.395109
0.395794
0.397163
0.397163
0.397449
0.397796
0.399312
0.399601
0.399601
0.40154
0.40154
0.406764
0.407005
0.407005
0.407192
0.409206
0.409384
0.409532
0.410508
0.410508
0.411201
0.411201
0.411444
0.411444
0.413663
0.413663
0.41374
0.41374
0.415136
0.415136
0.41577
0.41577
0.416169
0.416169
0.417307
0.417307
0.422463
0.423229
0.423229
0.424236
0.425018
0.425018
0.426144
0.428559
0.430129
0.430129
0.43513
0.43513
0.435282
0.435282
0.436418
0.436418
0.439171
0.439171
0.442877
0.445188
0.446319
0.446319
0.447875
0.448172
0.448172
0.448375
0.448375
0.451133
0.453161
0.453161
0.454276
0.454287
0.455483
0.456947
0.457098
0.457689
0.457757
0.457757
0.458356
0.458356
0.459424
0.459424
0.460119
0.460119
0.4609
0.4609
0.463303
0.466637
0.466637
0.467212
0.468453
0.471461
0.471461
0.474316
0.47457
0.475655
0.475655
0.476143
0.476143
0.476818
0.477492
0.482377
0.48274
0.482912
0.483937
0.483949
0.483949
0.488268
0.48947
0.491176
0.491331
0.491331
0.49166
0.49166
0.492665
0.492665
0.493776
0.494037
0.494378
0.494378
0.49761
0.501334
0.501464
0.502829
0.502934
0.502934
0.503894
0.507527
0.507527
0.510542
0.511832
0.516014
0.516014
0.519916
0.5209
0.5209
0.52165
0.524155
0.525557
0.526734
0.527171
0.527171
0.528499
0.528499
0.528917
0.528917
0.532034
0.532034
0.532423
0.532448
0.532448
0.538869
0.538869
0.539172
0.539765
0.540803
0.540803
0.54114
0.54114
0.541893
0.542257
0.548604
0.550031
0.555952
0.557519
0.558481
0.558864
0.559057
0.56036
0.56036
0.56065
0.565704
0.568966
0.568966
0.572389
0.575028
0.582901
0.583265
0.583265
0.59117
0.591607
0.592696
0.592696
0.594405
0.595112
0.595882
0.598432
0.598688
0.598688
0.599275
0.600509
0.605577
0.607272
0.607272
0.608903
0.608912
0.609167
0.609167
0.609222
0.621028
0.626214
0.628158
0.628298
0.645031
0.653334
0.654497
0.655918
0.663444
0.66611
0.67066
0.672283
0.674691
0.676063
0.676359
0.677498
0.679058
0.688245
0.688642
0.688642
0.689117
0.690456
0.691584
0.694275
0.700694
0.700694
0.703576
0.706335
0.706692
0.7108
0.7108
0.713943
0.715062
0.728089
0.731676
0.73615
0.73615
0.73805
0.73805
0.742638
0.743114
0.744638
0.747476
0.747476
0.748017
0.751745
0.754555
0.754555
0.756999
0.763793
0.773994
0.778112
0.778112
0.779514
0.78011
0.789827
0.792353
0.792353
0.80474
0.805357
0.812329
0.817083
0.822134
0.822626
0.833882
0.833882
0.840827
0.840827
0.845284
0.854151
0.860329
0.868097
0.870696
0.874151
0.876218
0.884307
0.893268
0.893372
0.893372
0.896688
0.897147
0.905743
0.906408
0.906408
0.920259
0.947674
0.953577
0.957662
0.9846
0.9846
0.992898
0.993973
0.995184
1.01423
1.0185
1.02726
1.03519
1.05899
1.11545
1.12336
1.13488
1.17773
1.24246
1.26035
1.33173
1.45517
1.50292
1.81586
