0.01
0.05
0.14
0.23
0.39
0.54
0.62
0.72
0.8
0.84
0.84
0.87
0.88
0.92
0.94
0.94
0.95
0.97
0.97
0.98
0.99
0.99
1.03
1.05
1.06
1.09
1.13
1.16
1.25
1.3
1.36
1.44
1.45
1.47
1.55
1.58
1.6
1.64
1.66
1.67
1.68
1.7
1.72
1.74
1.74
1.74
1.74
1.74
1.75
1.75
1.75
1.76
1.79
1.8
1.82
1.84
1.85
1.86
1.92
1.97
2.0
2.02
2.06
2.1
2.1
2.11
2.12
2.16
2.16
2.19
2.22
2.22
2.27
2.28
2.28
2.3
2.34
2.38
2.44
2.45
2.46
2.49
2.5
2.51
2.51
2.53
2.57
2.59
2.59
2.66
2.67
2.67
2.71
2.74
2.77
2.78
2.81
2.84
2.85
2.86
2.86
2.87
2.89
2.89
2.91
2.96
2.98
3.02
3.06
3.06
3.07
3.1
3.11
3.11
3.12
3.12
3.14
3.14
3.14
3.17
3.21
3.21
3.22
3.24
3.3
3.32
3.37
3.39
3.41
3.45
3.49
3.49
3.55
3.56
3.6
3.62
3.63
3.68
3.7
3.72
3.74
3.76
3.81
3.83
3.87
3.89
3.95
3.96
4.0
4.01
4.03
4.04
4.04
4.07
4.07
4.07
4.07
4.08
4.1
4.1
4.1
4.1
4.13
4.18
4.21
4.23
4.27
4.3
4.33
4.4
4.42
4.44
4.46
4.47
4.49
4.5
4.5
4.53
4.55
4.58
4.59
4.61
4.63
4.63
4.64
4.65
4.68
4.71
4.72
4.74
4.78
4.81
4.85
4.89
4.93
4.95
4.97
5.03
5.05
5.08
5.12
5.15
5.22
5.26
5.27
5.28
5.33
5.36
5.38
5.39
5.4
5.4
5.41
5.42
5.42
5.42
5.43
5.45
5.49
5.53
5.54
5.58
5.6
5.6
5.61
5.65
5.68
5.69
5.74
5.81
5.88
5.92
5.95
5.99
6.02
6.07
6.09
6.09
6.11
6.14
6.14
6.15
6.15
6.19
6.25
6.26
6.27
6.29
6.29
6.32
6.34
6.37
6.38
6.41
6.44
6.47
6.54
6.61
6.64
6.68
6.77
6.82
6.85
6.87
6.89
6.9
6.91
6.93
6.96
6.99
7.01
7.01
7.05
7.07
7.11
7.14
7.17
7.2
7.23
7.28
7.33
7.34
7.37
7.41
7.47
7.5
7.5
7.54
7.59
7.64
7.7
7.76
7.8
7.8
7.85
7.88
7.89
7.93
7.96
7.97
7.99
8.0
8.01
8.05
8.1
8.19
8.21
8.22
8.25
8.28
8.33
8.34
8.35
8.36
8.4
8.45
8.5
8.52
8.54
8.58
8.64
8.69
8.72
8.77
8.82
8.85
8.88
8.91
8.97
8.99
9.06
9.09
9.13
9.17
9.17
9.2
9.21
9.25
9.28
9.31
9.35
9.4
9.46
9.53
9.59
9.65
9.69
9.72
9.75
9.81
9.84
9.87
9.9
9.92
9.94
9.97
9.99
10.08
10.1
10.16
10.19
10.25
10.28
10.32
10.37
10.39
10.45
10.47
10.49
10.62
10.64
10.68
10.7
10.75
10.78
10.8
10.84
10.93
10.95
10.96
11.04
11.08
11.17
11.2
11.24
11.29
11.34
11.38
11.42
11.47
11.54
11.55
11.62
11.66
11.72
11.77
11.84
11.88
11.92
11.95
12.01
12.06
12.13
12.13
12.21
12.25
12.28
12.35
12.42
12.45
12.51
12.58
12.64
12.71
12.79
12.87
12.92
13.04
13.08
13.15
13.21
13.27
13.32
13.37
13.38
13.48
13.52
13.56
13.61
13.66
13.78
13.9
13.94
14.03
14.04
14.15
14.19
14.27
14.31
14.42
14.49
14.58
14.64
14.69
14.73
14.82
14.93
15.05
15.13
15.2
15.33
15.47
15.58
15.67
15.75
15.86
16.05
16.13
16.26
16.32
16.46
16.55
16.71
16.92
17.11
17.24
17.36
17.49
17.61
17.77
17.98
18.1
18.24
18.44
18.61
18.78
18.98
19.19
19.38
19.59
19.85
20.06
20.39
20.64
21.0
21.32
21.6
21.94
22.43
22.87
23.37
23.96
24.55
25.15
26.04
26.99
28.01
29.23
31.23
34.2
