0.193771
0.193771
0.223249
0.223249
0.248438
0.248438
0.273191
0.273191
0.28803
0.288188
0.305192
0.305533
0.317747
0.318149
0.333105
0.334043
0.344674
0.345912
0.354797
0.358019
0.364828
0.36929
0.376123
0.380264
0.3889
0.393989
0.39942
0.403327
0.409892
0.413766
0.420533
0.42739
0.432646
0.436121
0.442774
0.449703
0.454902
0.460792
0.466884
0.472294
0.477618
0.484298
0.49058
0.496619
0.505561
0.51157
0.518531
0.527099
0.535203
0.545986
0.552421
0.561674
0.569476
0.578184
0.584306
0.597667
0.607598
0.615337
0.622239
0.628808
0.637375
0.645041
0.650985
0.657705
0.662966
0.668954
0.677063
0.686071
0.692473
0.70402
0.7096
0.71808
0.726615
0.735697
0.747413
0.754738
0.766887
0.776074
0.785894
0.793821
0.80328
0.813514
0.824467
0.835234
0.845612
0.856233
0.86511
0.873655
0.886858
0.901226
0.916908
0.928683
0.9417
0.957189
0.968972
0.978252
0.988669
1.0004
1.01169
1.02027
1.02977
1.03952
1.04848
1.05938
1.07
1.08447
1.09801
1.11336
1.12661
1.14229
1.15784
1.17635
1.19235
1.20669
1.22009
1.23252
1.24804
1.25985
1.27136
1.28387
1.29551
1.30768
1.32207
1.33447
1.35072
1.36536
1.37899
1.40388
1.42519
1.44955
1.47088
1.49057
1.51778
1.54571
1.57068
1.6044
1.63502
1.68207
1.73222
1.83724
1.88774
1.94872
2.00031
2.09946
2.11608
2.2403
2.3649
2.46584
2.94679
3.29049
