0.328
0.328
0.329
0.336
0.337
0.337
0.337
0.338
0.338
0.34
0.341
0.346
0.347
0.351
0.353
0.354
0.356
0.36
0.368
0.379
0.383
0.391
0.4
0.408
0.419
0.431
0.443
0.454
0.462
0.473
0.489
0.499
0.511
0.521
0.536
0.546
0.561
0.578
0.586
0.599
0.622
0.638
0.654
0.67
0.687
0.708
0.725
0.738
0.758
0.777
0.805
0.82
0.843
0.87
0.891
0.912
0.935
0.954
0.981
1.009
1.036
1.065
1.104
1.145
1.183
1.209
1.251
1.287
1.311
1.352
1.379
1.417
1.46
1.504
1.554
1.628
1.679
1.734
1.784
1.844
1.911
1.971
2.066
2.153
2.222
2.319
2.435
2.596
2.739
2.893
3.034
3.267
3.502
3.802
4.012
4.2
4.306
4.504
4.762
4.984
