0.328
0.328
0.328
0.328
0.328
0.328
0.329
0.329
0.33
0.33
0.331
0.331
0.332
0.334
0.336
0.338
0.339
0.34
0.34
0.341
0.342
0.342
0.345
0.346
0.348
0.351
0.354
0.356
0.358
0.36
0.363
0.367
0.369
0.371
0.373
0.373
0.376
0.381
0.386
0.397
0.398
0.403
0.408
0.411
0.416
0.418
0.427
0.434
0.44
0.442
0.451
0.463
0.465
0.47
0.471
0.477
0.483
0.486
0.493
0.5
0.505
0.508
0.512
0.517
0.522
0.523
0.532
0.536
0.541
0.551
0.558
0.565
0.572
0.578
0.591
0.598
0.609
0.617
0.627
0.637
0.645
0.652
0.657
0.662
0.669
0.678
0.691
0.702
0.707
0.721
0.727
0.736
0.748
0.755
0.767
0.779
0.786
0.795
0.803
0.811
0.82
0.825
0.832
0.844
0.854
0.871
0.883
0.892
0.902
0.915
0.925
0.932
0.938
0.954
0.967
0.985
0.994
1.004
1.012
1.024
1.036
1.05
1.054
1.069
1.085
1.094
1.108
1.12
1.13
1.139
1.152
1.162
1.176
1.188
1.201
1.212
1.227
1.236
1.252
1.264
1.28
1.298
1.307
1.322
1.336
1.357
1.376
1.39
1.405
1.426
1.446
1.467
1.485
1.506
1.531
1.564
1.581
1.603
1.63
1.654
1.68
1.705
1.735
1.767
1.783
1.807
1.839
1.866
1.893
1.92
1.951
1.977
2.008
2.045
2.077
2.111
2.143
2.172
2.219
2.258
2.313
2.353
2.394
2.461
2.505
2.571
2.715
2.786
2.864
2.951
3.029
3.128
3.265
3.531
3.768
3.911
4.166
4.426
4.663
5.016
