0.328
0.328
0.328
0.328
0.328
0.328
0.328
0.328
0.328
0.328
0.329
0.33
0.33
0.33
0.331
0.331
0.332
0.332
0.334
0.335
0.335
0.336
0.337
0.339
0.339
0.34
0.34
0.341
0.343
0.345
0.347
0.348
0.348
0.348
0.349
0.349
0.351
0.352
0.353
0.354
0.355
0.355
0.355
0.355
0.357
0.358
0.359
0.361
0.364
0.366
0.368
0.373
0.377
0.38
0.382
0.384
0.388
0.392
0.395
0.398
0.402
0.41
0.415
0.419
0.426
0.429
0.431
0.433
0.434
0.435
0.437
0.438
0.44
0.445
0.448
0.454
0.455
0.459
0.47
0.473
0.475
0.479
0.484
0.487
0.49
0.494
0.498
0.503
0.506
0.509
0.517
0.524
0.528
0.537
0.54
0.543
0.543
0.544
0.547
0.55
0.551
0.555
0.557
0.565
0.57
0.574
0.583
0.591
0.603
0.609
0.615
0.62
0.622
0.627
0.634
0.636
0.639
0.644
0.648
0.653
0.662
0.669
0.676
0.679
0.686
0.691
0.7
0.705
0.71
0.72
0.728
0.732
0.738
0.752
0.763
0.767
0.773
0.776
0.783
0.789
0.794
0.802
0.807
0.817
0.827
0.838
0.844
0.853
0.86
0.868
0.874
0.886
0.895
0.905
0.914
0.929
0.935
0.944
0.953
0.964
0.977
0.984
0.992
1.001
1.013
1.019
1.026
1.037
1.049
1.061
1.078
1.087
1.095
1.103
1.109
1.124
1.137
1.151
1.161
1.172
1.178
1.193
1.203
1.211
1.226
1.236
1.243
1.254
1.269
1.286
1.296
1.31
1.324
1.338
1.346
1.358
1.376
1.392
1.406
1.429
1.448
1.466
1.479
1.498
1.52
1.541
1.557
1.571
1.59
1.613
1.637
1.66
1.679
1.702
1.727
1.754
1.771
1.795
1.823
1.846
1.866
1.898
1.918
1.957
1.987
2.013
2.045
2.072
2.11
2.157
2.196
2.259
2.317
2.375
2.42
2.462
2.508
2.562
2.65
2.73
2.924
3.073
3.176
3.473
3.67
3.995
4.227
4.452
4.646
5.208
