0.29
0.46
0.6
0.68
0.71
0.73
0.75
0.76
0.78
0.8
0.8
0.83
0.84
0.85
0.87
0.94
1.0
1.06
1.08
1.09
1.09
1.1
1.13
1.18
1.21
1.23
1.28
1.3
1.33
1.35
1.37
1.39
1.39
1.4
1.41
1.45
1.45
1.46
1.49
1.49
1.5
1.54
1.55
1.58
1.62
1.65
1.66
1.68
1.71
1.72
1.76
1.79
1.81
1.84
1.85
1.88
1.92
1.94
1.95
1.98
1.99
2.01
2.01
2.04
2.07
2.07
2.09
2.11
2.12
2.13
2.15
2.2
2.27
2.3
2.34
2.39
2.47
2.5
2.53
2.54
2.55
2.55
2.59
2.6
2.61
2.62
2.64
2.65
2.67
2.7
2.71
2.72
2.74
2.78
2.87
2.91
2.97
3.01
3.08
3.11
3.19
3.22
3.26
3.27
3.33
3.35
3.37
3.38
3.41
3.45
3.5
3.53
3.58
3.61
3.63
3.72
3.79
3.8
3.83
3.88
3.94
3.96
3.97
3.99
4.04
4.07
4.13
4.2
4.25
4.31
4.34
4.4
4.44
4.51
4.56
4.62
4.63
4.64
4.76
4.84
4.87
4.93
4.99
5.06
5.09
5.14
5.17
5.27
5.34
5.42
5.52
5.6
5.69
5.77
5.83
5.91
5.97
6.04
6.08
6.15
6.27
6.32
6.36
6.4
6.45
6.54
6.62
6.71
6.79
6.88
7.01
7.14
7.21
7.29
7.43
7.51
7.61
7.72
7.86
8.01
8.18
8.38
8.61
8.9
9.06
9.33
9.55
9.9
10.28
10.69
11.08
11.58
12.2
12.87
13.43
14.04
15.94
17.69
22.27
30.67
