0.153207
0.153207
0.158165
0.158186
0.163852
0.163859
0.169747
0.169804
0.175305
0.175769
0.180677
0.181249
0.186242
0.18704
0.191242
0.192179
0.197021
0.198426
0.202403
0.204026
0.207086
0.209195
0.212186
0.214064
0.216894
0.219089
0.221784
0.224334
0.226877
0.230692
0.232983
0.235561
0.238421
0.241003
0.243245
0.246634
0.248837
0.251369
0.253642
0.255708
0.258134
0.260287
0.262572
0.264708
0.266685
0.269077
0.27087
0.27369
0.275456
0.277169
0.278738
0.281246
0.283208
0.284999
0.286733
0.28832
0.2901
0.291518
0.293204
0.294743
0.296491
0.297651
0.299144
0.301118
0.302503
0.303822
0.305621
0.30677
0.30862
0.310043
0.311777
0.313071
0.314686
0.316486
0.318177
0.319471
0.321217
0.322883
0.324694
0.32676
0.328728
0.330456
0.332086
0.333491
0.335669
0.337065
0.338793
0.340778
0.342391
0.34431
0.345573
0.34699
0.348404
0.35039
0.351783
0.353576
0.355178
0.356827
0.358415
0.359928
0.361218
0.36274
0.364079
0.365808
0.367436
0.368972
0.370759
0.372683
0.373993
0.37542
0.376954
0.37841
0.380393
0.381603
0.383433
0.385035
0.386673
0.387995
0.389736
0.391318
0.392859
0.394281
0.395677
0.397039
0.398637
0.400472
0.401887
0.403346
0.404858
0.406546
0.408571
0.410506
0.412274
0.413951
0.415342
0.416991
0.418876
0.42033
0.421832
0.42347
0.425868
0.427672
0.428946
0.430478
0.432731
0.434446
0.436249
0.438508
0.440083
0.441848
0.443892
0.446107
0.448136
0.4507
0.452465
0.454371
0.455958
0.458108
0.460041
0.462123
0.464086
0.466195
0.468534
0.47032
0.472416
0.47417
0.476444
0.478164
0.479759
0.482033
0.484129
0.485884
0.487625
0.489456
0.491382
0.493327
0.495064
0.49713
0.498962
0.500534
0.502468
0.504707
0.506918
0.508655
0.510671
0.512496
0.514407
0.516821
0.5187
0.520853
0.523113
0.525426
0.528282
0.530216
0.532102
0.534529
0.5366
0.538756
0.541496
0.543513
0.546111
0.549141
0.551479
0.553707
0.555826
0.558035
0.560481
0.562609
0.564611
0.567047
0.569398
0.571409
0.573296
0.575677
0.577959
0.580172
0.58209
0.584011
0.58636
0.588942
0.591523
0.593549
0.595908
0.598196
0.60027
0.602978
0.605185
0.60809
0.610931
0.613306
0.615372
0.618371
0.620794
0.622848
0.625093
0.627235
0.629764
0.632411
0.63484
0.638192
0.640612
0.643413
0.646111
0.648775
0.651816
0.653955
0.656914
0.659292
0.662457
0.664243
0.667095
0.669368
0.67194
0.674756
0.677192
0.680123
0.682613
0.685168
0.687751
0.689789
0.692159
0.694968
0.69869
0.701243
0.704528
0.707235
0.71049
0.713224
0.715917
0.719116
0.722161
0.725117
0.727774
0.731026
0.734283
0.738063
0.741105
0.744749
0.748028
0.751135
0.754752
0.759139
0.762583
0.767539
0.771439
0.77581
0.779971
0.784964
0.789985
0.794218
0.799724
0.80415
0.80821
0.812735
0.817166
0.821506
0.826721
0.830649
0.835174
0.84033
0.845624
0.850744
0.856435
0.861923
0.868225
0.874012
0.880454
0.886998
0.893521
0.899892
0.906388
0.913761
0.918857
0.925404
0.93051
0.937199
0.942971
0.949601
0.95617
0.963583
0.971874
0.980057
0.98763
0.996158
1.00356
1.01113
1.01787
1.02627
1.03549
1.04449
1.05638
1.06605
1.07845
1.08864
1.1006
1.11335
1.12577
1.14418
1.16696
1.19139
1.21783
1.24323
1.28164
1.31149
1.3562
1.49967
1.52984
1.58033
1.85575
2.18411
