0.01
0.04
0.06
0.15
0.28
0.43
0.62
0.72
0.77
0.79
0.82
0.83
0.83
0.83
0.83
0.86
0.88
0.91
0.92
0.92
0.94
0.95
0.95
0.95
0.96
0.96
0.96
0.96
0.96
0.96
0.96
0.98
0.98
0.98
0.98
0.98
0.98
0.99
0.99
0.99
0.99
0.99
0.99
0.99
1.0
1.02
1.03
1.03
1.06
1.07
1.11
1.16
1.22
1.23
1.28
1.31
1.36
1.4
1.44
1.49
1.55
1.57
1.58
1.64
1.7
1.74
1.75
1.76
1.8
1.8
1.81
1.84
1.86
1.87
1.88
1.89
1.89
1.91
1.93
1.93
1.93
1.93
1.94
1.95
1.96
1.96
1.96
1.96
1.96
1.96
1.96
1.96
1.96
1.96
1.96
1.96
1.96
1.97
1.98
1.99
1.99
2.0
2.0
2.03
2.03
2.05
2.09
2.1
2.11
2.14
2.19
2.22
2.25
2.27
2.3
2.31
2.37
2.39
2.41
2.44
2.47
2.47
2.5
2.51
2.53
2.54
2.55
2.56
2.57
2.57
2.58
2.62
2.65
2.66
2.66
2.7
2.74
2.76
2.8
2.8
2.82
2.85
2.85
2.85
2.85
2.87
2.89
2.9
2.9
2.9
2.91
2.91
2.92
2.93
2.93
2.94
2.99
3.02
3.07
3.09
3.11
3.16
3.19
3.22
3.26
3.29
3.36
3.38
3.4
3.43
3.43
3.44
3.48
3.48
3.49
3.49
3.53
3.54
3.54
3.56
3.56
3.59
3.62
3.64
3.66
3.7
3.7
3.72
3.74
3.77
3.79
3.83
3.85
3.89
3.93
3.95
3.99
4.0
4.05
4.09
4.13
4.15
4.18
4.2
4.22
4.26
4.29
4.33
4.37
4.42
4.43
4.45
4.47
4.5
4.53
4.53
4.55
4.57
4.62
4.63
4.67
4.73
4.77
4.82
4.83
4.87
4.89
4.94
5.01
5.07
5.11
5.16
5.19
5.21
5.24
5.3
5.33
5.35
5.41
5.44
5.46
5.5
5.56
5.6
5.64
5.72
5.78
5.79
5.83
5.88
5.94
5.97
6.01
6.05
6.08
6.14
6.17
6.22
6.3
6.33
6.39
6.46
6.49
6.54
6.59
6.68
6.77
6.82
6.88
6.93
6.99
7.0
7.02
7.07
7.13
7.16
7.24
7.34
7.41
7.44
7.47
7.51
7.56
7.67
7.72
7.79
7.85
7.89
8.04
8.1
8.16
8.23
8.31
8.37
8.43
8.48
8.55
8.58
8.64
8.69
8.82
8.86
8.96
9.01
9.15
9.23
9.34
9.46
9.55
9.6
9.73
9.82
9.9
9.98
10.08
10.23
10.34
10.49
10.6
10.72
10.89
11.02
11.18
11.36
11.54
11.64
11.86
12.06
12.2
12.39
12.57
12.76
13.06
13.27
13.52
13.92
14.23
14.61
14.94
15.39
15.89
16.32
16.94
17.63
18.43
19.72
21.33
23.33
25.57
29.14
