0.180283
0.180283
0.181216
0.181216
0.198794
0.198794
0.214787
0.214787
0.224025
0.224025
0.226908
0.226908
0.233087
0.233087
0.233965
0.233965
0.23895
0.23895
0.244703
0.244703
0.263186
0.265294
0.265294
0.26824
0.26824
0.270631
0.272789
0.272789
0.273044
0.290545
0.290545
0.29563
0.29563
0.300002
0.300002
0.302343
0.308416
0.315724
0.315724
0.31892
0.31892
0.318969
0.318969
0.322371
0.322371
0.323226
0.323226
0.324877
0.325409
0.325923
0.325923
0.331773
0.331773
0.340106
0.340106
0.341723
0.344466
0.344709
0.357792
0.357792
0.358129
0.363947
0.365637
0.365637
0.366224
0.366572
0.366572
0.367974
0.368596
0.368596
0.36877
0.373114
0.373427
0.373427
0.378209
0.378209
0.38238
0.38238
0.382856
0.382856
0.384491
0.384491
0.387045
0.387045
0.388195
0.392782
0.395808
0.395808
0.399577
0.40103
0.40103
0.402329
0.4118
0.4118
0.412414
0.412414
0.413238
0.413238
0.416828
0.416828
0.420614
0.420873
0.420873
0.421903
0.421903
0.422876
0.42703
0.42703
0.427407
0.427407
0.430024
0.432777
0.439092
0.439092
0.443083
0.443083
0.446556
0.447552
0.45036
0.45036
0.460219
0.465285
0.465285
0.478205
0.481702
0.482529
0.482529
0.485184
0.485184
0.492155
0.492155
0.495139
0.495642
0.501265
0.501265
0.510676
0.51395
0.51395
0.520503
0.520503
0.521903
0.524292
0.524292
0.525397
0.525397
0.527862
0.532056
0.532056
0.532393
0.532393
0.542079
0.542079
0.543807
0.543886
0.543886
0.545461
0.545461
0.545819
0.551359
0.551359
0.559317
0.560133
0.560133
0.560508
0.561604
0.564213
0.564213
0.565355
0.565355
0.571169
0.575998
0.579412
0.57943
0.57943
0.590732
0.594126
0.594126
0.594806
0.597293
0.601674
0.60263
0.60738
0.60738
0.616198
0.616198
0.619861
0.619861
0.622638
0.622638
0.629554
0.629554
0.630067
0.636295
0.651572
0.651572
0.654578
0.654578
0.656256
0.659583
0.659583
0.66363
0.664198
0.664198
0.664302
0.664302
0.670198
0.67587
0.679052
0.681854
0.681854
0.68401
0.690284
0.693987
0.693987
0.704631
0.710125
0.718042
0.718622
0.721257
0.72719
0.731063
0.732258
0.74533
0.74533
0.745772
0.762518
0.774411
0.775602
0.786748
0.786748
0.802446
0.803048
0.803968
0.803968
0.806996
0.806996
0.809272
0.812339
0.819195
0.825556
0.829965
0.833757
0.84512
0.846312
0.858137
0.858137
0.859667
0.869202
0.897668
0.908632
0.91517
0.921591
0.921629
0.927748
0.936993
0.936993
0.937513
0.947116
0.973318
0.974305
0.978543
1.00193
1.00193
1.00729
1.0144
1.02443
1.02443
1.02669
1.02669
1.03005
1.0406
1.07226
1.07657
1.07957
1.08595
1.10126
1.10436
1.11168
1.17642
1.20737
1.2151
1.22068
1.22291
1.227
1.25668
1.25668
1.27509
1.28085
1.30441
1.33374
1.35954
1.35954
1.39467
1.39787
1.3984
1.51037
1.55891
1.59335
2.20198
2.6366
