0.31
0.43
0.54
0.67
0.73
0.73
0.76
0.82
0.86
0.93
0.98
1.04
1.08
1.11
1.13
1.16
1.22
1.24
1.27
1.31
1.39
1.42
1.5
1.51
1.52
1.55
1.58
1.58
1.58
1.6
1.63
1.64
1.64
1.69
1.71
1.74
1.75
1.77
1.8
1.84
1.88
1.92
1.92
1.98
1.99
2.01
2.07
2.1
2.16
2.23
2.29
2.32
2.38
2.39
2.42
2.45
2.49
2.53
2.57
2.58
2.61
2.64
2.64
2.66
2.69
2.72
2.73
2.77
2.81
2.85
2.86
2.92
2.99
3.02
3.09
3.11
3.16
3.22
3.26
3.29
3.32
3.34
3.38
3.4
3.42
3.44
3.47
3.5
3.53
3.56
3.63
3.69
3.75
3.76
3.8
3.83
3.86
3.95
4.01
4.09
4.16
4.2
4.23
4.27
4.38
4.45
4.47
4.54
4.6
4.67
4.74
4.81
4.91
4.95
5.02
5.11
5.19
5.27
5.36
5.43
5.52
5.6
5.74
5.89
5.99
6.09
6.22
6.37
6.57
6.69
6.85
7.1
7.33
7.5
7.78
8.16
8.55
8.99
9.48
10.16
10.78
11.32
12.1
12.77
13.59
14.31
15.25
16.41
18.0
23.3
