0.176017
0.176017
0.213002
0.213002
0.245256
0.245256
0.279948
0.28008
0.296799
0.299066
0.311395
0.315139
0.324577
0.331872
0.33816
0.346309
0.35238
0.360076
0.369419
0.37667
0.387062
0.394369
0.402791
0.409422
0.416989
0.42418
0.432358
0.437554
0.44469
0.449129
0.455676
0.461694
0.469542
0.474964
0.482123
0.487452
0.493828
0.500746
0.506077
0.514647
0.522743
0.530703
0.540215
0.546267
0.553922
0.558807
0.565895
0.571326
0.578011
0.583676
0.590743
0.595562
0.60382
0.610084
0.617943
0.624435
0.632331
0.639766
0.648647
0.657522
0.666266
0.673433
0.681577
0.689049
0.694112
0.700058
0.706979
0.715035
0.722513
0.728908
0.734118
0.741502
0.747334
0.753906
0.761678
0.769054
0.774828
0.782775
0.789772
0.796093
0.804321
0.8107
0.816472
0.823398
0.829838
0.838853
0.846676
0.855287
0.863727
0.874516
0.882549
0.891455
0.901913
0.909321
0.916928
0.924301
0.932843
0.940752
0.947943
0.957951
0.966199
0.978089
0.989154
0.99976
1.00984
1.01974
1.02899
1.04228
1.05458
1.06615
1.07892
1.08946
1.10169
1.11628
1.12962
1.14583
1.15622
1.16992
1.17939
1.18957
1.20311
1.21721
1.22986
1.253
1.27536
1.30212
1.32563
1.34204
1.3632
1.38066
1.39814
1.41246
1.43173
1.45261
1.47993
1.49337
1.51292
1.53247
1.55932
1.58005
1.61596
1.64283
1.68898
1.75929
1.80289
1.86751
1.92536
1.96726
2.00189
2.06429
