0.256346
0.256346
0.332315
0.332315
0.419698
0.419698
0.449607
0.449607
0.454232
0.457982
0.457982
0.458392
0.486093
0.486093
0.498256
0.498256
0.510217
0.510217
0.540101
0.540101
0.547758
0.553307
0.553307
0.56685
0.56685
0.616007
0.616007
0.664464
0.664464
0.687521
0.687521
0.696031
0.696031
0.712732
0.712732
0.730823
0.734899
0.797826
0.797826
0.881994
0.881994
0.882793
0.888277
0.898639
0.898639
0.911479
0.911479
0.931389
0.936487
0.950564
0.950564
0.95544
0.962759
0.968575
0.974644
0.974644
0.998905
1.02301
1.02352
1.02352
1.02741
1.03648
1.03648
1.0398
1.0398
1.04056
1.04197
1.04907
1.07236
1.14408
1.14977
1.17058
1.17058
1.1794
1.18962
1.21538
1.21724
1.22938
1.22972
1.36943
1.37732
1.43683
1.51985
1.53685
1.54674
1.54674
1.57766
1.6241
1.6241
1.69045
1.7002
1.79059
1.87436
1.88324
1.88806
1.99935
2.12338
2.36184
2.7902
3.61348
