0.328
0.328
0.328
0.328
0.328
0.328
0.328
0.328
0.328
0.328
0.328
0.328
0.328
0.329
0.329
0.33
0.33
0.33
0.33
0.33
0.331
0.332
0.333
0.333
0.336
0.336
0.337
0.337
0.337
0.338
0.339
0.339
0.341
0.341
0.341
0.342
0.342
0.342
0.342
0.343
0.344
0.345
0.345
0.347
0.347
0.348
0.349
0.35
0.35
0.35
0.351
0.351
0.351
0.351
0.352
0.353
0.354
0.356
0.356
0.357
0.358
0.362
0.364
0.364
0.365
0.366
0.367
0.369
0.372
0.372
0.375
0.379
0.385
0.391
0.4
0.408
0.412
0.418
0.422
0.429
0.435
0.44
0.443
0.447
0.451
0.453
0.454
0.455
0.456
0.457
0.457
0.458
0.458
0.458
0.458
0.461
0.465
0.467
0.47
0.472
0.473
0.476
0.477
0.481
0.482
0.486
0.496
0.5
0.508
0.513
0.518
0.525
0.526
0.528
0.536
0.541
0.543
0.547
0.553
0.555
0.555
0.56
0.564
0.569
0.572
0.577
0.583
0.59
0.597
0.599
0.604
0.608
0.612
0.613
0.618
0.624
0.63
0.637
0.644
0.653
0.659
0.663
0.666
0.669
0.678
0.683
0.684
0.689
0.693
0.695
0.699
0.706
0.716
0.723
0.73
0.739
0.745
0.751
0.758
0.765
0.766
0.773
0.778
0.781
0.783
0.79
0.8
0.806
0.813
0.824
0.827
0.83
0.837
0.844
0.849
0.854
0.86
0.868
0.872
0.88
0.889
0.895
0.902
0.909
0.917
0.922
0.929
0.937
0.942
0.951
0.954
0.963
0.969
0.976
0.985
0.993
0.995
1.001
1.006
1.013
1.018
1.028
1.041
1.048
1.054
1.058
1.065
1.074
1.081
1.085
1.093
1.095
1.106
1.115
1.118
1.128
1.141
1.154
1.164
1.172
1.182
1.185
1.194
1.205
1.213
1.221
1.229
1.236
1.243
1.253
1.267
1.277
1.289
1.3
1.309
1.315
1.323
1.329
1.337
1.354
1.366
1.372
1.392
1.4
1.409
1.416
1.422
1.434
1.447
1.463
1.475
1.489
1.502
1.516
1.53
1.543
1.552
1.566
1.583
1.6
1.615
1.627
1.636
1.648
1.662
1.677
1.701
1.721
1.737
1.75
1.773
1.794
1.805
1.824
1.85
1.871
1.891
1.912
1.94
1.961
1.981
2.017
2.051
2.092
2.135
2.186
2.237
2.292
2.357
2.427
2.499
2.602
2.747
2.908
3.045
3.273
3.528
3.909
4.225
5.286
