0.162375
0.162375
0.183758
0.183758
0.187068
0.187068
0.187221
0.187221
0.188792
0.188792
0.197811
0.197811
0.20549
0.20549
0.205825
0.205825
0.21011
0.21011
0.21237
0.21237
0.216515
0.216515
0.217841
0.217841
0.231743
0.231743
0.238984
0.239755
0.239755
0.243983
0.245091
0.245091
0.245584
0.245584
0.249087
0.249087
0.258392
0.258392
0.261618
0.261618
0.262877
0.262877
0.268191
0.268191
0.271139
0.271139
0.271911
0.271911
0.271957
0.271957
0.273484
0.273484
0.274061
0.274061
0.27887
0.27887
0.278884
0.278884
0.283873
0.283873
0.286761
0.286761
0.289302
0.289302
0.291841
0.291841
0.292298
0.292298
0.292639
0.292639
0.293491
0.294454
0.294454
0.296915
0.296915
0.300198
0.300198
0.300268
0.300268
0.300873
0.300873
0.30376
0.30376
0.311175
0.311175
0.311605
0.314444
0.318796
0.319511
0.319511
0.319794
0.321494
0.324211
0.324211
0.324707
0.324707
0.326115
0.326115
0.326532
0.326532
0.327737
0.329643
0.329643
0.33088
0.33088
0.33093
0.33093
0.330955
0.330955
0.331351
0.331351
0.332044
0.332044
0.332096
0.333571
0.334011
0.334271
0.334997
0.334997
0.33522
0.33522
0.335811
0.335811
0.34162
0.34245
0.34245
0.343518
0.345518
0.345518
0.348026
0.348138
0.348138
0.353345
0.353345
0.354805
0.355397
0.355397
0.355847
0.35757
0.35757
0.359235
0.359235
0.359299
0.359432
0.359568
0.359568
0.360003
0.360003
0.362808
0.362808
0.36367
0.365411
0.366033
0.366033
0.36676
0.36676
0.370064
0.370064
0.370447
0.370447
0.3709
0.3709
0.371634
0.373238
0.373238
0.374053
0.374053
0.374094
0.374094
0.374171
0.376596
0.376596
0.377638
0.377638
0.378658
0.380269
0.382172
0.382175
0.382461
0.383047
0.383047
0.384243
0.384821
0.386276
0.386276
0.387846
0.388095
0.389452
0.389452
0.390426
0.390426
0.391794
0.391794
0.392001
0.392001
0.392441
0.394533
0.395784
0.395784
0.397317
0.398956
0.398956
0.400288
0.401394
0.40151
0.40151
0.403563
0.403851
0.405566
0.406583
0.406583
0.406631
0.412072
0.412072
0.417142
0.417142
0.418394
0.422682
0.42366
0.424842
0.427284
0.432879
0.434871
0.435025
0.435025
0.435442
0.435839
0.437698
0.437698
0.441526
0.441554
0.441554
0.44357
0.44357
0.444758
0.445736
0.445867
0.446592
0.454405
0.454405
0.455591
0.456346
0.457809
0.45787
0.459363
0.459545
0.459545
0.460046
0.460279
0.461993
0.461993
0.465841
0.465841
0.46592
0.46592
0.466224
0.466224
0.466716
0.471221
0.471388
0.471388
0.476563
0.477759
0.480731
0.482875
0.485712
0.486805
0.489339
0.490257
0.490257
0.491352
0.491352
0.491883
0.491883
0.497339
0.498466
0.498466
0.502516
0.502516
0.50262
0.50262
0.503655
0.503655
0.504416
0.504416
0.509538
0.510105
0.510927
0.512435
0.512435
0.514181
0.51515
0.51515
0.519396
0.519396
0.523148
0.523148
0.523832
0.523832
0.524701
0.526225
0.528222
0.529345
0.529345
0.530921
0.540803
0.545964
0.545964
0.547499
0.547499
0.551205
0.554961
0.555537
0.555537
0.557321
0.565352
0.56562
0.566265
0.566265
0.570439
0.570439
0.570662
0.571535
0.571784
0.572659
0.575286
0.575286
0.575698
0.586718
0.586863
0.586863
0.587462
0.595092
0.595092
0.599973
0.600803
0.603434
0.603434
0.605311
0.613076
0.613822
0.614209
0.615439
0.615439
0.615819
0.616516
0.616516
0.623876
0.624225
0.627182
0.631029
0.634596
0.636291
0.639779
0.640201
0.644452
0.645796
0.645796
0.647014
0.647014
0.649727
0.653942
0.655191
0.655191
0.660796
0.670407
0.679501
0.685042
0.685042
0.687767
0.690844
0.690844
0.693284
0.693284
0.698623
0.708474
0.71747
0.719899
0.722189
0.72305
0.72305
0.726226
0.726226
0.735423
0.737379
0.741591
0.742018
0.745842
0.753441
0.756776
0.756776
0.760572
0.774489
0.774489
0.77521
0.777946
0.777946
0.78018
0.780825
0.786527
0.786527
0.791898
0.809337
0.810926
0.815774
0.815801
0.81667
0.821014
0.821319
0.825864
0.831436
0.831436
0.835543
0.846371
0.846371
0.854472
0.856497
0.859663
0.865247
0.866825
0.870378
0.878783
0.879706
0.885061
0.885061
0.901852
0.906766
0.907938
0.917273
0.921185
0.935966
0.940678
0.943012
0.943536
0.949406
0.961248
0.962849
0.965412
0.973128
0.979809
0.98508
0.985943
1.01349
1.02837
1.08128
1.21634
1.35352
1.39011
1.61929
1.62515
