0.152616
0.152616
0.152948
0.152948
0.15629
0.15629
0.172686
0.172686
0.18213
0.18213
0.192842
0.192842
0.193907
0.193907
0.195372
0.195372
0.218773
0.218773
0.21924
0.21924
0.223073
0.223073
0.224091
0.224091
0.231292
0.236366
0.236366
0.242089
0.242089
0.249103
0.249103
0.250939
0.250939
0.25289
0.253202
0.253202
0.262006
0.262006
0.263381
0.263381
0.26641
0.267205
0.267205
0.271015
0.271015
0.275594
0.275594
0.28172
0.28172
0.287739
0.287739
0.287836
0.287836
0.290972
0.290972
0.295635
0.295635
0.296978
0.296978
0.298653
0.298653
0.299561
0.301225
0.301225
0.301908
0.301908
0.305519
0.305519
0.305759
0.307677
0.307677
0.309385
0.309385
0.310873
0.310873
0.311065
0.311065
0.311541
0.311541
0.314889
0.314889
0.314991
0.31535
0.316656
0.316869
0.316869
0.318598
0.318598
0.321121
0.321121
0.32345
0.32345
0.324001
0.324001
0.326024
0.326024
0.327658
0.327658
0.327718
0.327718
0.329257
0.330009
0.330009
0.331319
0.332458
0.332458
0.333117
0.334304
0.334304
0.334379
0.334379
0.338065
0.339483
0.339483
0.340685
0.340685
0.342028
0.342028
0.342967
0.342967
0.344019
0.344019
0.344734
0.344734
0.346116
0.347958
0.347958
0.348161
0.348161
0.348631
0.348631
0.348706
0.349248
0.349248
0.350705
0.350705
0.352302
0.352302
0.352501
0.358737
0.358737
0.360955
0.363137
0.363137
0.366028
0.366028
0.366755
0.36782
0.36782
0.370196
0.370196
0.371605
0.371605
0.373038
0.373038
0.373184
0.373184
0.375766
0.375766
0.377576
0.377906
0.37848
0.37848
0.378576
0.378576
0.380579
0.380579
0.380656
0.380656
0.382051
0.383295
0.3833
0.386327
0.386327
0.387617
0.38866
0.38866
0.38956
0.38956
0.390463
0.390687
0.393945
0.393945
0.394092
0.394119
0.394119
0.398759
0.39976
0.402477
0.402477
0.403431
0.403431
0.406605
0.407799
0.407799
0.40828
0.408864
0.408864
0.409346
0.409346
0.412513
0.412513
0.412921
0.413091
0.413745
0.413745
0.413753
0.414482
0.414501
0.414501
0.419901
0.423435
0.423797
0.423797
0.424743
0.424743
0.424777
0.424777
0.427165
0.428181
0.429435
0.429435
0.430104
0.430478
0.432987
0.435069
0.435345
0.435345
0.436922
0.436971
0.437868
0.437868
0.439104
0.440339
0.440339
0.440947
0.440947
0.443988
0.444039
0.444881
0.444881
0.446996
0.447235
0.447235
0.447358
0.447937
0.450083
0.450083
0.450562
0.451496
0.452347
0.453115
0.453471
0.454698
0.454698
0.458294
0.458294
0.458404
0.458404
0.459206
0.459212
0.459212
0.459571
0.459571
0.460959
0.460959
0.462486
0.462748
0.463249
0.463249
0.463843
0.464965
0.466732
0.466732
0.468505
0.468706
0.468706
0.471838
0.473071
0.473135
0.473135
0.473499
0.473499
0.474027
0.474027
0.474369
0.474572
0.475618
0.475618
0.4786
0.479235
0.479851
0.479851
0.480528
0.486402
0.487013
0.487013
0.487151
0.487531
0.487531
0.488014
0.488176
0.488801
0.488801
0.490007
0.490007
0.491215
0.494843
0.494843
0.495838
0.496265
0.496265
0.496705
0.49776
0.498138
0.499861
0.502989
0.502989
0.504648
0.505219
0.505219
0.505419
0.505419
0.507117
0.507464
0.509371
0.5106
0.5106
0.517177
0.519071
0.519071
0.519569
0.521503
0.523509
0.525726
0.532333
0.532731
0.539286
0.540156
0.540156
0.540576
0.540576
0.541327
0.542804
0.544096
0.544625
0.544625
0.547102
0.547102
0.548366
0.548366
0.548704
0.550464
0.550464
0.550976
0.551503
0.551503
0.552622
0.552852
0.552852
0.553217
0.55336
0.553447
0.55374
0.55374
0.554882
0.562991
0.568235
0.568235
0.57023
0.571932
0.572911
0.572911
0.578279
0.578279
0.579656
0.579905
0.583261
0.583261
0.585409
0.585496
0.585841
0.586799
0.58936
0.591784
0.591784
0.596807
0.602588
0.603886
0.609614
0.609614
0.61373
0.618609
0.618609
0.619652
0.620966
0.621758
0.627514
0.627514
0.628995
0.630145
0.630696
0.630696
0.631418
0.634513
0.637845
0.637845
0.64721
0.649826
0.652739
0.655519
0.655519
0.660489
0.664177
0.664324
0.664324
0.665737
0.665737
0.666244
0.666561
0.671489
0.688183
0.691913
0.694752
0.698017
0.708652
0.708652
0.710262
0.710718
0.710718
0.725724
0.729572
0.730317
0.737398
0.740457
0.741277
0.743034
0.749672
0.750662
0.751728
0.751728
0.75267
0.75823
0.763384
0.766716
0.769202
0.769816
0.771328
0.771328
0.780198
0.780198
0.782974
0.784223
0.784223
0.786321
0.786321
0.789001
0.794383
0.794383
0.803174
0.810065
0.820467
0.823708
0.828558
0.830643
0.837745
0.842873
0.844076
0.856654
0.856905
0.868715
0.87467
0.88125
0.886208
0.888518
0.904648
0.914694
0.914694
0.943619
0.952471
0.95906
0.962431
0.970333
0.970333
0.977821
0.982154
0.984281
1.00106
1.01196
1.04258
1.06369
1.07801
1.09434
1.09515
1.09527
1.11368
1.11368
1.16053
1.17328
1.73689
