0.260756
0.260756
0.283111
0.283111
0.304072
0.304072
0.317871
0.380816
0.425453
0.425453
0.482933
0.482933
0.486903
0.486903
0.487819
0.487819
0.546275
0.546275
0.587977
0.587977
0.599087
0.599087
0.610999
0.610999
0.612412
0.612412
0.626837
0.644275
0.644275
0.691309
0.691309
0.727605
0.730329
0.777794
0.777794
0.777808
0.78512
0.79408
0.805054
0.805054
0.811115
0.811115
0.956163
0.956163
0.96585
0.993021
0.993021
1.00084
1.00084
1.00108
1.00522
1.00809
1.00809
1.01833
1.01988
1.04626
1.04626
1.05114
1.05114
1.06745
1.06745
1.08504
1.09293
1.1838
1.20083
1.20083
1.22398
1.22732
1.2313
1.24415
1.24415
1.26582
1.29712
1.30904
1.30904
1.35494
1.35494
1.3597
1.38448
1.39451
1.39451
1.41482
1.41482
1.47426
1.55364
1.60266
1.64178
1.64449
1.64449
1.68056
1.71229
1.71229
1.74505
1.75136
1.77793
1.97969
2.09506
2.36101
2.9667
3.00591
