0.328
0.328
0.328
0.328
0.328
0.328
0.328
0.328
0.329
0.329
0.329
0.329
0.33
0.33
0.33
0.331
0.333
0.334
0.337
0.343
0.347
0.353
0.355
0.358
0.359
0.361
0.362
0.365
0.37
0.378
0.381
0.386
0.394
0.399
0.402
0.408
0.413
0.419
0.424
0.432
0.434
0.444
0.451
0.457
0.463
0.467
0.476
0.482
0.492
0.497
0.502
0.509
0.518
0.523
0.535
0.546
0.551
0.558
0.564
0.568
0.574
0.579
0.585
0.593
0.6
0.604
0.615
0.621
0.625
0.63
0.638
0.647
0.662
0.675
0.685
0.696
0.703
0.711
0.72
0.728
0.731
0.735
0.747
0.755
0.76
0.769
0.781
0.796
0.801
0.808
0.816
0.821
0.837
0.85
0.864
0.871
0.878
0.883
0.897
0.905
0.91
0.92
0.931
0.948
0.953
0.959
0.966
0.974
0.983
0.99
0.997
1.009
1.024
1.033
1.045
1.054
1.069
1.078
1.092
1.099
1.105
1.119
1.132
1.143
1.16
1.175
1.186
1.2
1.21
1.221
1.23
1.24
1.249
1.268
1.283
1.294
1.303
1.313
1.329
1.339
1.353
1.373
1.38
1.393
1.402
1.419
1.431
1.444
1.456
1.466
1.484
1.497
1.516
1.529
1.549
1.57
1.588
1.61
1.63
1.648
1.667
1.703
1.729
1.757
1.773
1.799
1.829
1.848
1.876
1.904
1.933
1.961
1.992
2.023
2.057
2.092
2.132
2.171
2.208
2.265
2.302
2.346
2.4
2.455
2.509
2.558
2.612
2.679
2.771
2.854
3.005
3.082
3.222
3.41
3.591
3.842
4.237
4.723
4.959
5.249
