0.21
0.35
0.46
0.51
0.55
0.63
0.68
0.73
0.77
0.8
0.83
0.83
0.84
0.84
0.85
0.85
0.87
0.91
0.93
0.94
0.96
0.98
0.99
1.02
1.04
1.07
1.1
1.12
1.16
1.27
1.31
1.35
1.4
1.43
1.45
1.48
1.52
1.55
1.55
1.57
1.57
1.57
1.59
1.62
1.63
1.64
1.7
1.73
1.76
1.77
1.78
1.81
1.87
1.9
1.93
1.96
1.96
1.96
1.96
1.96
1.96
1.98
1.98
2.03
2.08
2.11
2.16
2.17
2.23
2.26
2.29
2.34
2.36
2.38
2.41
2.42
2.45
2.48
2.5
2.54
2.55
2.57
2.58
2.59
2.61
2.65
2.67
2.69
2.7
2.71
2.77
2.79
2.79
2.81
2.84
2.86
2.9
2.91
2.93
2.95
2.98
3.06
3.11
3.15
3.19
3.19
3.25
3.29
3.33
3.36
3.37
3.39
3.39
3.39
3.42
3.45
3.5
3.51
3.54
3.55
3.56
3.56
3.58
3.59
3.61
3.66
3.72
3.74
3.77
3.8
3.83
3.87
3.92
3.97
4.0
4.03
4.08
4.11
4.14
4.17
4.21
4.22
4.25
4.28
4.32
4.38
4.45
4.52
4.54
4.54
4.58
4.62
4.67
4.73
4.77
4.8
4.86
4.89
4.92
4.94
4.97
5.01
5.01
5.04
5.06
5.15
5.18
5.2
5.22
5.28
5.32
5.36
5.42
5.47
5.49
5.57
5.61
5.69
5.75
5.76
5.84
5.92
5.97
6.0
6.03
6.05
6.1
6.1
6.16
6.22
6.24
6.34
6.41
6.47
6.53
6.59
6.68
6.74
6.79
6.86
6.96
7.02
7.05
7.09
7.2
7.24
7.34
7.4
7.47
7.58
7.69
7.77
7.82
7.92
8.06
8.11
8.2
8.27
8.36
8.42
8.52
8.63
8.68
8.81
8.9
9.07
9.17
9.34
9.5
9.64
9.85
9.99
10.23
10.47
10.67
10.88
11.13
11.38
11.73
12.04
12.36
12.79
13.37
14.02
16.05
17.14
18.33
19.53
22.45
32.13
