0.147888
0.147888
0.149252
0.149252
0.150448
0.150448
0.151144
0.151144
0.15239
0.15239
0.153034
0.153034
0.1531
0.1531
0.153905
0.153905
0.154285
0.154285
0.154507
0.154507
0.154577
0.154577
0.154934
0.154934
0.155439
0.155439
0.156645
0.156645
0.158627
0.158627
0.159132
0.159132
0.159491
0.159491
0.160115
0.160115
0.161317
0.161317
0.161832
0.161832
0.163222
0.163222
0.163897
0.163897
0.163942
0.163942
0.164563
0.164563
0.165388
0.165388
0.166654
0.166654
0.166815
0.166815
0.167833
0.167833
0.168335
0.168335
0.170161
0.170348
0.170348
0.170764
0.170764
0.172551
0.172551
0.1751
0.175281
0.177439
0.177439
0.177458
0.177458
0.17764
0.179538
0.179538
0.179674
0.179674
0.180097
0.180097
0.181339
0.181339
0.183812
0.183812
0.184273
0.18445
0.18445
0.185503
0.185503
0.185847
0.185847
0.186444
0.186568
0.186568
0.188924
0.188924
0.191463
0.191463
0.192167
0.192167
0.192367
0.192367
0.192765
0.192765
0.193595
0.194703
0.194703
0.195281
0.195281
0.197712
0.199136
0.199136
0.201765
0.201765
0.202246
0.202246
0.205484
0.205484
0.205616
0.205616
0.206313
0.206313
0.209911
0.209911
0.209997
0.209997
0.210088
0.210088
0.210634
0.210634
0.212121
0.212121
0.213705
0.213705
0.213928
0.213928
0.21443
0.21443
0.214647
0.215264
0.215264
0.216446
0.216446
0.217256
0.217256
0.218642
0.218642
0.220619
0.220619
0.222744
0.222744
0.223785
0.223785
0.226479
0.228475
0.230394
0.230394
0.23054
0.230711
0.230711
0.232063
0.232063
0.2329
0.2329
0.23448
0.23448
0.235746
0.235746
0.23683
0.23683
0.237122
0.237122
0.238963
0.239837
0.241898
0.241898
0.242387
0.242387
0.248907
0.249067
0.249067
0.249316
0.249316
0.249792
0.249792
0.250432
0.250432
0.251475
0.25183
0.25183
0.253104
0.253104
0.253211
0.253494
0.253494
0.254321
0.254321
0.25632
0.25632
0.25668
0.258178
0.258178
0.259054
0.259054
0.26132
0.26132
0.261871
0.262519
0.262519
0.26278
0.265277
0.265277
0.265584
0.265584
0.265981
0.265981
0.266033
0.26767
0.26767
0.268696
0.269366
0.269366
0.269455
0.269455
0.270874
0.270874
0.272916
0.272916
0.274931
0.274931
0.275763
0.275763
0.275835
0.275835
0.277483
0.277483
0.28083
0.28083
0.283174
0.28377
0.284458
0.284458
0.284604
0.284604
0.285005
0.285005
0.285608
0.285608
0.286146
0.286146
0.287105
0.287105
0.288335
0.289785
0.289785
0.290834
0.290834
0.292245
0.293166
0.294222
0.295485
0.29694
0.298106
0.299303
0.299303
0.300774
0.300774
0.302785
0.302785
0.303171
0.303171
0.303719
0.304107
0.304107
0.305246
0.307382
0.307382
0.307668
0.307848
0.308119
0.308119
0.309571
0.309571
0.31115
0.31115
0.311489
0.312216
0.313046
0.313046
0.314933
0.314933
0.315054
0.315119
0.315119
0.315243
0.316324
0.317552
0.317552
0.318464
0.318464
0.319237
0.31961
0.3207
0.3207
0.323119
0.32359
0.32359
0.325966
0.327093
0.327527
0.327726
0.327726
0.327931
0.327931
0.328257
0.328257
0.328892
0.328892
0.329148
0.329148
0.330178
0.330178
0.330313
0.330313
0.330732
0.330732
0.33222
0.332725
0.33284
0.33284
0.333431
0.333431
0.333772
0.333772
0.334148
0.334148
0.334977
0.33519
0.335575
0.335629
0.335629
0.336649
0.336649
0.337069
0.337069
0.337327
0.338708
0.340353
0.340353
0.340946
0.340946
0.341263
0.341263
0.341488
0.341488
0.343117
0.343117
0.344573
0.345109
0.345109
0.345845
0.345845
0.345918
0.34728
0.34728
0.3475
0.3475
0.348997
0.348997
0.349222
0.349287
0.34965
0.350441
0.350597
0.350597
0.351151
0.353727
0.353727
0.353851
0.354768
0.354768
0.354917
0.355875
0.356268
0.356986
0.35762
0.359668
0.360266
0.360598
0.360743
0.361189
0.361189
0.361874
0.361874
0.36222
0.363249
0.36336
0.36336
0.363601
0.363601
0.364172
0.364172
0.36438
0.36438
0.364688
0.367157
0.367157
0.367649
0.367649
0.36772
0.369085
0.369085
0.369388
0.369388
0.369931
0.369931
0.370119
0.370532
0.371558
0.371669
0.371669
0.37231
0.372534
0.373846
0.376178
0.378743
0.378743
0.379258
0.382907
0.385206
0.385235
0.385485
0.385485
0.386122
0.388112
0.388859
0.388859
0.388879
0.39008
0.390874
0.391263
0.391374
0.391493
0.391493
0.394259
0.394259
0.394666
0.39489
0.39489
0.398627
0.400179
0.400179
0.400686
0.402962
0.403322
0.403322
0.404488
0.404488
0.404648
0.405276
0.405795
0.407035
0.40706
0.407266
0.409078
0.409773
0.409773
0.410132
0.411937
0.414298
0.414298
0.414596
0.414817
0.417326
0.417326
0.417587
0.418104
0.418537
0.418537
0.420746
0.421338
0.425417
0.425653
0.425925
0.426351
0.427035
0.427425
0.42749
0.42749
0.427856
0.428573
0.428677
0.428677
0.428767
0.429068
0.430273
0.430316
0.430383
0.430383
0.431059
0.432868
0.433189
0.434001
0.434398
0.434398
0.438049
0.439147
0.44081
0.441546
0.442598
0.443228
0.4433
0.443454
0.447199
0.447199
0.447273
0.447802
0.447802
0.448214
0.450308
0.452092
0.453062
0.453975
0.456516
0.456516
0.456887
0.457214
0.457214
0.457803
0.457803
0.458182
0.458467
0.459653
0.462499
0.463701
0.467273
0.470481
0.472373
0.472662
0.475345
0.475406
0.475832
0.476165
0.476165
0.478316
0.479808
0.479858
0.481225
0.481917
0.481917
0.484005
0.484036
0.484036
0.484788
0.484973
0.486129
0.489887
0.489887
0.490479
0.490479
0.491876
0.491876
0.491954
0.493487
0.494151
0.494151
0.495137
0.49729
0.497488
0.497488
0.498717
0.499224
0.500119
0.500147
0.500181
0.500341
0.502258
0.502271
0.506042
0.507361
0.507706
0.507706
0.509773
0.510095
0.511592
0.511592
0.512113
0.512113
0.514565
0.515671
0.51603
0.516047
0.517758
0.518454
0.518454
0.519857
0.520742
0.523004
0.525771
0.525771
0.525964
0.530537
0.532235
0.534281
0.535174
0.535319
0.538532
0.538725
0.538725
0.544213
0.54449
0.54449
0.54574
0.547728
0.547728
0.549687
0.549687
0.549902
0.549902
0.54996
0.54996
0.550483
0.550891
0.550996
0.552389
0.555008
0.557009
0.557027
0.557316
0.559075
0.559075
0.560304
0.56336
0.56336
0.564391
0.567778
0.567975
0.568218
0.568803
0.574504
0.574504
0.57501
0.57501
0.577212
0.577364
0.581617
0.581617
0.582235
0.582913
0.583531
0.590946
0.594833
0.594853
0.595632
0.604944
0.604964
0.605032
0.606624
0.606624
0.6091
0.611478
0.611578
0.615436
0.622816
0.625014
0.625873
0.62646
0.634838
0.636656
0.638064
0.638519
0.640048
0.640311
0.64399
0.644605
0.651865
0.651865
0.653342
0.653342
0.65438
0.659295
0.662096
0.670408
0.67188
0.67362
0.677732
0.677732
0.67842
0.679421
0.681708
0.681708
0.689869
0.691536
0.69282
0.696402
0.703852
0.713198
0.717388
0.718819
0.720025
0.723146
0.724084
0.724249
0.72718
0.729903
0.732172
0.737863
0.739841
0.745886
0.748237
0.748237
0.749251
0.752418
0.752592
0.752667
0.757644
0.772097
0.772097
0.77523
0.77523
0.787366
0.787366
0.789111
0.790435
0.797901
0.800585
0.806992
0.813861
0.836308
0.839769
0.876118
0.876203
0.878464
0.884896
0.886625
0.890344
0.894814
0.901812
0.906125
0.914422
0.923955
0.95379
0.985664
1.05639
1.05994
1.05994
1.10227
1.14961
1.15551
1.26504
1.28876
1.51562
