0.31
0.45
0.6
0.71
0.75
0.76
0.76
0.77
0.77
0.79
0.8
0.82
0.83
0.83
0.84
0.85
0.86
0.86
0.89
0.94
0.97
1.01
1.04
1.13
1.18
1.23
1.28
1.32
1.37
1.4
1.41
1.47
1.5
1.53
1.56
1.63
1.64
1.7
1.73
1.78
1.83
1.84
1.96
1.97
2.0
2.05
2.1
2.12
2.13
2.16
2.16
2.17
2.18
2.19
2.21
2.22
2.27
2.3
2.36
2.45
2.51
2.59
2.63
2.67
2.76
2.8
2.83
2.87
2.91
2.92
2.97
3.03
3.13
3.19
3.22
3.27
3.31
3.32
3.4
3.44
3.48
3.52
3.55
3.59
3.65
3.73
3.79
3.86
3.93
3.96
4.0
4.06
4.09
4.16
4.24
4.33
4.44
4.48
4.55
4.58
4.62
4.64
4.66
4.75
4.8
4.87
4.97
5.13
5.2
5.28
5.37
5.46
5.57
5.69
5.75
5.82
5.91
6.03
6.14
6.25
6.34
6.49
6.56
6.65
6.71
6.87
6.98
7.11
7.3
7.46
7.57
7.69
7.86
8.06
8.23
8.5
8.71
9.08
9.27
9.64
10.09
10.73
11.41
12.3
13.45
14.24
15.91
17.39
22.07
29.6
