0.153335
0.153335
0.182781
0.182781
0.208214
0.208214
0.21864
0.21864
0.287962
0.287962
0.318685
0.327522
0.353663
0.353663
0.369294
0.369294
0.37596
0.37596
0.395896
0.395896
0.398421
0.398421
0.422889
0.439047
0.440294
0.440294
0.448399
0.448399
0.458817
0.458817
0.473206
0.473206
0.493312
0.497232
0.497232
0.515437
0.515437
0.519618
0.519618
0.534566
0.551328
0.551328
0.552299
0.552299
0.562238
0.562238
0.58505
0.595085
0.595085
0.606184
0.606184
0.606391
0.606391
0.610363
0.610363
0.62319
0.62319
0.656582
0.65984
0.672826
0.678257
0.678257
0.682847
0.682847
0.692909
0.693387
0.693387
0.694177
0.696065
0.742367
0.742367
0.758496
0.761151
0.789629
0.789629
0.799257
0.801889
0.801889
0.80543
0.80543
0.816415
0.821024
0.830468
0.831228
0.831228
0.83724
0.83724
0.865484
0.888045
0.888045
0.895582
0.909096
0.909096
0.918331
0.919725
0.933734
0.933734
0.936983
0.949115
0.949115
0.97051
0.97051
0.979691
0.979691
0.981118
0.990205
0.990266
0.990266
0.995513
0.998479
1.06148
1.06832
1.08715
1.08715
1.12375
1.16598
1.175
1.175
1.19903
1.21487
1.21487
1.29903
1.29903
1.302
1.33913
1.35292
1.39647
1.40603
1.41767
1.43025
1.46042
1.48097
1.49739
1.49739
1.52904
1.56214
1.57071
1.59871
1.88297
1.99186
2.00521
2.02294
2.02294
2.03893
2.16809
2.17897
2.33805
2.43952
3.15799
3.15799
