0.165334
0.165334
0.186045
0.186045
0.245251
0.245251
0.265768
0.265768
0.357333
0.357333
0.388401
0.388401
0.418639
0.418639
0.54417
0.54417
0.561934
0.561934
0.575152
0.575152
0.581451
0.608324
0.632491
0.632862
0.632862
0.654128
0.654128
0.684414
0.698839
0.729577
0.743601
0.743601
0.757383
0.768572
0.789869
0.803597
0.803597
0.806314
0.806314
0.856129
0.856129
0.893298
0.900787
0.9029
0.903434
0.922636
0.922636
0.959422
0.96372
0.97444
0.97444
1.03158
1.08745
1.11142
1.13006
1.20518
1.20518
1.2052
1.2052
1.22619
1.25719
1.30639
1.30639
1.3073
1.3073
1.31601
1.31601
1.34139
1.34139
1.3687
1.38573
1.39463
1.39463
1.42093
1.42093
1.43531
1.47318
1.49223
1.53083
1.55029
1.55301
1.62536
1.62536
1.62829
1.62829
1.62966
1.65518
1.67368
1.67368
1.70991
1.74271
1.88966
1.89012
2.08576
2.14584
2.1655
2.19142
2.5088
2.7167
3.3499
