0.178402
0.178402
0.206015
0.206015
0.228575
0.231328
0.245691
0.25067
0.259607
0.265422
0.27446
0.280128
0.2901
0.295087
0.304006
0.308542
0.318361
0.321043
0.328256
0.331491
0.339422
0.341949
0.349412
0.352107
0.357796
0.359421
0.368806
0.370791
0.378686
0.380015
0.386188
0.388827
0.396243
0.398138
0.405771
0.408796
0.414953
0.41806
0.423564
0.427806
0.43173
0.43547
0.440666
0.445457
0.450163
0.454502
0.459163
0.464162
0.468629
0.472947
0.477345
0.481372
0.485721
0.490922
0.495904
0.4999
0.503308
0.508741
0.512065
0.516098
0.520471
0.523684
0.526769
0.529474
0.533373
0.536338
0.539589
0.542163
0.545885
0.549186
0.552097
0.55551
0.558394
0.562088
0.564902
0.568197
0.570911
0.574851
0.57743
0.57969
0.582545
0.585338
0.588007
0.591195
0.593766
0.597002
0.599913
0.602954
0.605707
0.60827
0.61196
0.616472
0.621038
0.62517
0.629382
0.632805
0.636633
0.640617
0.643807
0.647764
0.653698
0.65736
0.662155
0.666772
0.671313
0.676591
0.680798
0.684432
0.689279
0.694636
0.698382
0.703655
0.709319
0.715623
0.721611
0.726636
0.731072
0.736216
0.740986
0.7462
0.750319
0.75427
0.759801
0.765146
0.769308
0.774689
0.781172
0.787782
0.794843
0.800498
0.806658
0.813249
0.819819
0.825275
0.832091
0.837848
0.842404
0.848649
0.853677
0.85967
0.865746
0.871742
0.878686
0.885475
0.892241
0.899226
0.907125
0.914866
0.925338
0.931654
0.943575
0.954564
0.96322
0.976076
0.987891
0.996532
1.00781
1.02132
1.03122
1.04607
1.05501
1.06817
1.0793
1.09033
1.10089
1.11249
1.12755
1.13951
1.15205
1.16626
1.18445
1.19814
1.21393
1.22988
1.2424
1.25806
1.28163
1.30675
1.32894
1.35722
1.38105
1.40382
1.42829
1.45355
1.48591
1.50728
1.54533
1.58362
1.61916
1.68566
1.73843
1.77303
1.81362
1.84495
1.88982
1.93003
1.97295
2.0159
2.09337
2.16464
