0.151066
0.151066
0.151341
0.151341
0.155837
0.155837
0.157212
0.157212
0.159196
0.159196
0.164614
0.164614
0.17345
0.17345
0.173643
0.173643
0.184702
0.184702
0.187099
0.187099
0.192594
0.192594
0.194024
0.200956
0.200956
0.201228
0.201228
0.201288
0.201288
0.204759
0.204759
0.207304
0.207304
0.214617
0.214617
0.218707
0.220295
0.220295
0.229301
0.229301
0.233288
0.233288
0.236865
0.243568
0.259171
0.26824
0.26824
0.282575
0.282575
0.283044
0.283044
0.283486
0.283486
0.286265
0.286265
0.290959
0.310709
0.310709
0.313909
0.313909
0.314951
0.314951
0.321049
0.323139
0.323139
0.324775
0.324775
0.32671
0.32671
0.329736
0.329736
0.336222
0.337735
0.3411
0.3411
0.341321
0.341428
0.342257
0.342257
0.342532
0.342532
0.343495
0.3453
0.3453
0.348329
0.352365
0.354833
0.354833
0.358906
0.358906
0.360835
0.360835
0.367948
0.367948
0.368276
0.368276
0.369203
0.371669
0.371669
0.37853
0.37853
0.384834
0.384834
0.385224
0.385224
0.387731
0.387731
0.394103
0.394103
0.394949
0.394949
0.402136
0.402136
0.402303
0.404537
0.415563
0.416037
0.416037
0.416527
0.416527
0.421164
0.421164
0.421254
0.421254
0.42573
0.42573
0.42686
0.43048
0.434061
0.436592
0.437317
0.438132
0.438598
0.438598
0.438771
0.440114
0.441804
0.441804
0.442414
0.443779
0.444398
0.444398
0.444966
0.447167
0.447167
0.451055
0.451373
0.451373
0.453112
0.458765
0.458765
0.466947
0.466947
0.470374
0.470374
0.471436
0.471979
0.474426
0.474426
0.478835
0.481265
0.48351
0.48351
0.486601
0.486601
0.489395
0.490716
0.490716
0.496974
0.496974
0.501176
0.510705
0.516336
0.518732
0.520236
0.527096
0.530305
0.534871
0.537061
0.540362
0.543856
0.546462
0.546462
0.548033
0.557266
0.559128
0.561017
0.561206
0.564888
0.564888
0.569887
0.569887
0.571845
0.572003
0.573881
0.575018
0.579086
0.583966
0.588546
0.589307
0.589307
0.591108
0.594381
0.597969
0.598977
0.598977
0.602001
0.602001
0.602848
0.602848
0.605943
0.608846
0.609021
0.609021
0.614673
0.624651
0.627954
0.627954
0.628536
0.628536
0.630195
0.631751
0.633343
0.635653
0.635742
0.635742
0.639706
0.639706
0.639749
0.640972
0.640972
0.65116
0.654202
0.654202
0.654609
0.654609
0.657388
0.657718
0.658445
0.659076
0.659076
0.661587
0.661587
0.666529
0.66893
0.678099
0.679336
0.682519
0.682519
0.684629
0.689521
0.693097
0.697992
0.703144
0.707692
0.708061
0.711459
0.721583
0.721583
0.724451
0.728133
0.728133
0.729591
0.733355
0.743501
0.750966
0.752633
0.757327
0.759942
0.759942
0.778697
0.779984
0.779984
0.783224
0.795855
0.800267
0.800267
0.800531
0.803175
0.803175
0.80816
0.815486
0.816288
0.819141
0.820228
0.83808
0.84033
0.863217
0.869342
0.869342
0.869495
0.877705
0.879618
0.880285
0.880285
0.880509
0.896775
0.898079
0.900116
0.909971
0.909971
0.931185
0.943228
0.960099
0.962343
0.971672
0.975632
0.990721
1.00041
1.00657
1.0093
1.02369
1.03527
1.03581
1.04451
1.06126
1.07044
1.07367
1.07998
1.08444
1.08444
1.0864
1.08878
1.09652
1.10194
1.12509
1.13252
1.1466
1.15205
1.15205
1.15595
1.1716
1.17569
1.1797
1.18312
1.18312
1.18856
1.19642
1.20348
1.25002
1.30124
1.30643
1.31124
1.31519
1.34082
1.57508
1.61891
1.6967
1.78216
1.81608
