0.149698
0.149698
0.151296
0.151296
0.152648
0.152648
0.15347
0.15347
0.156042
0.156042
0.157888
0.157888
0.171742
0.171742
0.172518
0.172518
0.173328
0.173328
0.17491
0.17491
0.175843
0.175843
0.176953
0.176953
0.177265
0.177265
0.178133
0.178133
0.17942
0.17942
0.181349
0.181349
0.18172
0.18172
0.186849
0.186849
0.187067
0.187067
0.189212
0.189212
0.196605
0.196605
0.196818
0.196818
0.197271
0.197271
0.199881
0.199881
0.200136
0.200136
0.201842
0.205453
0.206677
0.206677
0.211177
0.211177
0.214128
0.214128
0.214773
0.22045
0.22247
0.228343
0.229636
0.229636
0.230266
0.230266
0.236424
0.236424
0.245183
0.245183
0.245979
0.245979
0.249942
0.254152
0.254152
0.254566
0.254566
0.261258
0.261258
0.268537
0.268537
0.269572
0.269572
0.269819
0.269969
0.269969
0.270467
0.270467
0.270893
0.275738
0.277509
0.277509
0.278074
0.278074
0.281293
0.281293
0.281478
0.281478
0.286947
0.286947
0.287947
0.287947
0.294173
0.297438
0.299851
0.312918
0.31497
0.31497
0.317799
0.318092
0.31951
0.31951
0.320137
0.320137
0.320218
0.320218
0.320753
0.320753
0.32323
0.32323
0.325699
0.326177
0.32709
0.32709
0.328112
0.328112
0.333815
0.339944
0.339944
0.340177
0.340177
0.342274
0.342274
0.344445
0.344445
0.347079
0.35182
0.358164
0.359251
0.359251
0.359394
0.360254
0.360254
0.360988
0.36315
0.36315
0.369135
0.369135
0.375971
0.375971
0.376992
0.376992
0.378194
0.378194
0.378656
0.378656
0.378996
0.378996
0.382738
0.38318
0.383327
0.384153
0.388151
0.388151
0.391826
0.391826
0.39251
0.39251
0.393057
0.393057
0.398765
0.39887
0.401759
0.407602
0.407602
0.408535
0.408535
0.409606
0.409606
0.410378
0.412815
0.412815
0.420334
0.420334
0.428646
0.429354
0.429354
0.430913
0.430913
0.433954
0.437031
0.437031
0.438597
0.438597
0.438977
0.439195
0.439195
0.440661
0.442733
0.442814
0.442814
0.449834
0.450325
0.45532
0.456695
0.458932
0.458932
0.459092
0.461208
0.461589
0.465157
0.465157
0.466768
0.466768
0.469064
0.469064
0.471812
0.471979
0.473768
0.473768
0.47425
0.47425
0.475503
0.475503
0.476086
0.476086
0.476883
0.476883
0.476908
0.477943
0.477943
0.479749
0.479867
0.483262
0.483262
0.48411
0.48411
0.48452
0.48452
0.485644
0.485644
0.485669
0.485669
0.488692
0.489277
0.489277
0.489849
0.489849
0.4906
0.490789
0.490789
0.494013
0.494013
0.495521
0.496495
0.49672
0.496966
0.50253
0.502543
0.50331
0.50331
0.507667
0.507667
0.508205
0.508205
0.510681
0.513625
0.514884
0.514884
0.521734
0.521792
0.522275
0.522275
0.524359
0.525795
0.525795
0.526695
0.526695
0.527122
0.529188
0.540824
0.540824
0.542172
0.542172
0.545506
0.545506
0.546856
0.547302
0.551658
0.551658
0.554324
0.555782
0.558343
0.558343
0.56374
0.563898
0.564299
0.565435
0.578423
0.57866
0.583656
0.587288
0.587288
0.589339
0.589339
0.592615
0.592615
0.598615
0.6024
0.6024
0.603052
0.60858
0.610722
0.61391
0.61391
0.619897
0.622804
0.622804
0.623308
0.633676
0.634971
0.635737
0.635778
0.635778
0.636309
0.644716
0.645667
0.645667
0.649498
0.650084
0.657303
0.658471
0.659554
0.662327
0.662848
0.662848
0.664335
0.664335
0.664928
0.664928
0.665457
0.668605
0.668605
0.669911
0.677159
0.677159
0.677215
0.681832
0.681832
0.682316
0.683094
0.683498
0.683498
0.687826
0.690973
0.690973
0.6934
0.693853
0.707231
0.713881
0.714401
0.715287
0.715287
0.71541
0.724523
0.728884
0.731729
0.732403
0.73365
0.734831
0.734831
0.738472
0.740578
0.740578
0.743125
0.755426
0.755509
0.758968
0.762277
0.762277
0.792006
0.794094
0.79721
0.798468
0.800857
0.800857
0.802597
0.804097
0.815395
0.831112
0.833714
0.835334
0.836293
0.836293
0.839656
0.860432
0.862567
0.871475
0.871475
0.885838
0.892297
0.893397
0.893788
0.895369
0.905052
0.909556
0.920668
0.922112
0.932449
0.941678
0.952312
0.952312
0.95342
0.960476
0.976369
0.977921
0.993956
0.994369
0.994999
0.998459
1.01705
1.01705
1.02083
1.03123
1.03662
1.0384
1.04953
1.08279
1.0878
1.11655
1.12207
1.15102
1.15102
1.1562
1.15873
1.16324
1.21699
1.22973
1.26117
1.28116
1.28175
1.29572
1.30128
1.30651
1.33915
1.34295
1.39547
1.5284
1.56561
1.56605
