0.328
0.328
0.328
0.328
0.328
0.328
0.328
0.328
0.328
0.328
0.328
0.33
0.331
0.331
0.331
0.332
0.332
0.332
0.333
0.334
0.334
0.334
0.334
0.334
0.334
0.335
0.337
0.337
0.338
0.338
0.338
0.338
0.338
0.338
0.338
0.338
0.338
0.338
0.339
0.339
0.339
0.341
0.343
0.344
0.346
0.346
0.347
0.348
0.348
0.348
0.349
0.35
0.35
0.351
0.352
0.353
0.354
0.358
0.359
0.36
0.362
0.364
0.367
0.374
0.376
0.384
0.389
0.39
0.397
0.404
0.411
0.418
0.425
0.428
0.431
0.436
0.44
0.44
0.441
0.444
0.449
0.45
0.451
0.453
0.453
0.453
0.455
0.457
0.458
0.459
0.46
0.463
0.47
0.471
0.475
0.48
0.489
0.494
0.5
0.503
0.506
0.509
0.513
0.518
0.521
0.524
0.527
0.53
0.54
0.546
0.551
0.556
0.571
0.578
0.581
0.581
0.585
0.587
0.59
0.592
0.596
0.601
0.609
0.611
0.615
0.622
0.631
0.638
0.647
0.651
0.655
0.658
0.667
0.673
0.675
0.682
0.689
0.697
0.703
0.709
0.712
0.716
0.717
0.724
0.731
0.735
0.741
0.748
0.763
0.771
0.778
0.783
0.79
0.796
0.803
0.81
0.812
0.819
0.825
0.829
0.834
0.839
0.846
0.854
0.861
0.868
0.876
0.883
0.888
0.896
0.907
0.915
0.922
0.926
0.931
0.936
0.942
0.945
0.949
0.957
0.967
0.982
0.99
0.998
1.007
1.011
1.02
1.027
1.029
1.033
1.043
1.05
1.062
1.066
1.072
1.087
1.095
1.101
1.108
1.116
1.122
1.129
1.139
1.143
1.15
1.155
1.16
1.164
1.172
1.179
1.187
1.199
1.207
1.213
1.227
1.234
1.248
1.252
1.257
1.264
1.274
1.284
1.292
1.299
1.308
1.319
1.325
1.336
1.346
1.357
1.361
1.37
1.379
1.387
1.395
1.407
1.415
1.433
1.453
1.459
1.465
1.477
1.477
1.49
1.502
1.516
1.529
1.547
1.555
1.565
1.574
1.586
1.596
1.613
1.631
1.642
1.658
1.667
1.681
1.697
1.714
1.727
1.745
1.764
1.781
1.797
1.817
1.833
1.86
1.879
1.903
1.924
1.946
1.968
1.983
2.008
2.035
2.086
2.12
2.155
2.201
2.248
2.299
2.368
2.423
2.516
2.589
2.646
2.711
2.761
2.862
2.937
3.04
3.155
3.3
3.487
3.865
4.378
4.738
4.905
