0.16
0.47
0.56
0.62
0.67
0.69
0.71
0.76
0.77
0.77
0.79
0.79
0.79
0.8
0.82
0.88
0.93
1.01
1.07
1.12
1.15
1.2
1.25
1.28
1.36
1.45
1.51
1.56
1.59
1.6
1.6
1.63
1.68
1.7
1.7
1.72
1.73
1.73
1.74
1.75
1.75
1.76
1.76
1.78
1.8
1.83
1.85
1.89
1.89
1.9
1.9
1.93
1.95
1.95
1.96
1.98
2.0
2.03
2.05
2.07
2.09
2.09
2.13
2.18
2.23
2.31
2.36
2.45
2.52
2.58
2.65
2.72
2.73
2.75
2.76
2.77
2.8
2.82
2.83
2.87
2.88
2.9
2.93
2.97
3.0
3.02
3.05
3.1
3.14
3.16
3.26
3.3
3.33
3.38
3.43
3.47
3.49
3.56
3.62
3.65
3.71
3.75
3.81
3.87
3.92
3.96
4.0
4.03
4.1
4.15
4.2
4.32
4.41
4.48
4.54
4.61
4.68
4.7
4.78
4.88
4.93
4.97
5.09
5.22
5.33
5.48
5.61
5.78
5.9
6.08
6.15
6.31
6.45
6.76
7.02
7.33
7.52
7.77
8.09
8.59
8.94
9.45
9.86
10.45
11.04
11.77
12.68
13.43
14.86
18.6
