0.17503
0.17503
0.183346
0.183346
0.303111
0.303111
0.309426
0.322581
0.374558
0.374558
0.387759
0.387759
0.448932
0.481286
0.481286
0.491226
0.491226
0.491813
0.497076
0.497076
0.510851
0.510851
0.520795
0.520795
0.536028
0.536028
0.537497
0.565371
0.565371
0.626623
0.627603
0.627603
0.6475
0.6475
0.655133
0.669867
0.727308
0.727308
0.733783
0.733783
0.738149
0.757307
0.757307
0.788118
0.800169
0.800169
0.838248
0.850577
0.850577
0.87275
0.877672
0.906122
0.906122
0.915579
0.926526
0.9358
0.988162
0.988162
0.989496
0.989496
1.03685
1.08902
1.12765
1.14278
1.14278
1.20213
1.20213
1.2082
1.2786
1.29958
1.36249
1.36768
1.37809
1.37809
1.39932
1.41317
1.42311
1.52809
1.55912
1.57272
1.57501
1.57501
1.64347
1.6501
1.66257
1.66765
1.72706
1.73326
1.73326
1.77948
1.80648
1.89332
1.92806
1.99739
2.18629
2.20828
2.21357
2.86368
3.56109
3.99123
