0.328
0.328
0.328
0.328
0.329
0.33
0.334
0.335
0.338
0.342
0.347
0.353
0.364
0.372
0.377
0.385
0.391
0.407
0.419
0.433
0.443
0.458
0.472
0.485
0.498
0.508
0.517
0.526
0.537
0.558
0.572
0.594
0.608
0.626
0.644
0.671
0.689
0.707
0.729
0.747
0.773
0.795
0.815
0.833
0.854
0.879
0.894
0.918
0.938
0.958
0.983
1.009
1.034
1.064
1.09
1.126
1.153
1.184
1.226
1.26
1.287
1.319
1.354
1.39
1.419
1.445
1.48
1.512
1.547
1.586
1.617
1.657
1.692
1.742
1.797
1.853
1.916
1.988
2.038
2.096
2.152
2.221
2.295
2.349
2.432
2.514
2.635
2.786
2.917
3.022
3.106
3.233
3.621
3.87
4.125
4.52
4.752
4.979
5.215
5.488
