0.173487
0.173487
0.195665
0.195665
0.222043
0.222043
0.245145
0.245145
0.270305
0.272843
0.289108
0.291286
0.304525
0.307035
0.318789
0.32248
0.336568
0.341541
0.352821
0.360245
0.36868
0.37291
0.381882
0.391576
0.39889
0.409152
0.415102
0.422066
0.428154
0.432642
0.43679
0.443016
0.44598
0.450817
0.454195
0.458897
0.462634
0.468049
0.472368
0.478266
0.48264
0.487913
0.4929
0.499252
0.502067
0.509016
0.513154
0.518094
0.523096
0.531809
0.538733
0.54438
0.551602
0.557134
0.564125
0.568476
0.575844
0.582871
0.588575
0.595981
0.604199
0.611659
0.617633
0.626197
0.633883
0.640685
0.64607
0.651549
0.659863
0.665657
0.674834
0.682863
0.691215
0.698042
0.706798
0.712843
0.720514
0.727464
0.73563
0.745103
0.751504
0.760605
0.769967
0.777996
0.78618
0.796993
0.805398
0.811459
0.819868
0.827464
0.834924
0.844176
0.854589
0.86278
0.874056
0.883544
0.896318
0.906685
0.915945
0.925029
0.935316
0.945376
0.955913
0.96508
0.974894
0.983314
0.992664
1.00149
1.01118
1.02296
1.03276
1.04264
1.05362
1.06285
1.07505
1.08547
1.0935
1.10528
1.11482
1.12659
1.14139
1.15494
1.1696
1.18395
1.19581
1.21186
1.22854
1.24123
1.25369
1.26752
1.28484
1.30692
1.32981
1.35164
1.37291
1.40752
1.44644
1.47917
1.54455
1.58804
1.63722
1.69724
1.78772
1.83747
1.94121
2.03289
2.2721
2.38367
2.51184
2.66466
