0.328
0.328
0.328
0.328
0.328
0.328
0.328
0.328
0.328
0.328
0.328
0.328
0.328
0.328
0.328
0.329
0.329
0.33
0.33
0.331
0.331
0.332
0.333
0.334
0.335
0.341
0.345
0.347
0.349
0.351
0.351
0.351
0.353
0.356
0.358
0.361
0.363
0.365
0.367
0.373
0.373
0.376
0.378
0.383
0.384
0.386
0.388
0.393
0.395
0.397
0.399
0.402
0.409
0.411
0.416
0.417
0.421
0.424
0.428
0.43
0.436
0.443
0.445
0.45
0.455
0.459
0.463
0.471
0.473
0.482
0.493
0.495
0.498
0.5
0.504
0.507
0.512
0.513
0.515
0.518
0.52
0.521
0.524
0.527
0.53
0.536
0.54
0.543
0.547
0.549
0.554
0.559
0.564
0.568
0.571
0.575
0.581
0.586
0.593
0.595
0.604
0.608
0.613
0.62
0.625
0.626
0.63
0.635
0.637
0.639
0.646
0.648
0.649
0.655
0.659
0.66
0.664
0.673
0.676
0.681
0.686
0.698
0.705
0.71
0.715
0.721
0.725
0.73
0.734
0.738
0.741
0.745
0.749
0.754
0.759
0.766
0.768
0.772
0.777
0.781
0.783
0.786
0.795
0.801
0.809
0.815
0.817
0.825
0.834
0.841
0.843
0.847
0.85
0.854
0.859
0.86
0.861
0.864
0.873
0.88
0.883
0.888
0.892
0.897
0.904
0.908
0.913
0.921
0.929
0.936
0.938
0.944
0.952
0.955
0.961
0.965
0.966
0.97
0.974
0.978
0.983
0.986
0.992
1.003
1.009
1.017
1.021
1.026
1.031
1.034
1.038
1.044
1.05
1.053
1.059
1.071
1.079
1.086
1.087
1.092
1.096
1.101
1.108
1.113
1.117
1.124
1.13
1.137
1.141
1.148
1.151
1.154
1.159
1.165
1.173
1.176
1.184
1.19
1.197
1.2
1.204
1.213
1.22
1.223
1.229
1.231
1.235
1.242
1.246
1.249
1.253
1.262
1.27
1.277
1.283
1.286
1.289
1.293
1.296
1.298
1.304
1.309
1.318
1.322
1.327
1.336
1.342
1.357
1.364
1.369
1.373
1.379
1.384
1.387
1.39
1.395
1.402
1.406
1.41
1.413
1.419
1.423
1.43
1.436
1.441
1.445
1.454
1.46
1.465
1.478
1.487
1.496
1.499
1.503
1.508
1.513
1.52
1.524
1.529
1.537
1.542
1.544
1.55
1.555
1.562
1.565
1.578
1.584
1.595
1.601
1.605
1.614
1.62
1.627
1.634
1.639
1.647
1.656
1.662
1.668
1.677
1.681
1.687
1.692
1.7
1.708
1.714
1.722
1.732
1.738
1.743
1.748
1.756
1.764
1.777
1.781
1.79
1.795
1.802
1.807
1.815
1.821
1.83
1.836
1.842
1.851
1.862
1.87
1.877
1.887
1.898
1.905
1.914
1.921
1.923
1.929
1.939
1.95
1.96
1.968
1.979
1.982
1.995
2.01
2.027
2.036
2.046
2.051
2.062
2.071
2.084
2.1
2.111
2.12
2.131
2.14
2.155
2.168
2.182
2.198
2.213
2.229
2.242
2.251
2.265
2.278
2.287
2.302
2.327
2.342
2.359
2.367
2.389
2.407
2.427
2.441
2.471
2.488
2.516
2.54
2.568
2.603
2.642
2.673
2.714
2.752
2.804
2.859
2.908
2.984
3.032
3.087
3.158
3.281
3.355
3.487
3.653
3.985
4.445
4.765
