0.328
0.328
0.328
0.328
0.328
0.328
0.328
0.328
0.328
0.328
0.328
0.328
0.328
0.328
0.328
0.329
0.329
0.33
0.331
0.331
0.331
0.331
0.331
0.331
0.332
0.333
0.333
0.333
0.333
0.333
0.334
0.334
0.336
0.336
0.337
0.337
0.338
0.338
0.338
0.338
0.338
0.338
0.338
0.339
0.339
0.34
0.342
0.344
0.345
0.346
0.346
0.348
0.351
0.354
0.356
0.356
0.357
0.359
0.362
0.363
0.365
0.367
0.37
0.371
0.375
0.38
0.386
0.388
0.394
0.398
0.402
0.405
0.406
0.415
0.418
0.422
0.425
0.426
0.428
0.431
0.434
0.435
0.438
0.441
0.444
0.445
0.45
0.452
0.453
0.457
0.462
0.464
0.466
0.469
0.469
0.47
0.474
0.476
0.478
0.479
0.48
0.482
0.484
0.489
0.491
0.492
0.496
0.497
0.503
0.506
0.51
0.516
0.522
0.527
0.532
0.533
0.541
0.545
0.548
0.552
0.559
0.562
0.567
0.57
0.573
0.576
0.578
0.582
0.583
0.584
0.585
0.585
0.591
0.594
0.596
0.598
0.601
0.602
0.605
0.609
0.614
0.617
0.619
0.625
0.626
0.629
0.632
0.639
0.648
0.651
0.657
0.663
0.67
0.673
0.68
0.684
0.687
0.687
0.687
0.69
0.694
0.696
0.696
0.697
0.702
0.704
0.706
0.707
0.711
0.716
0.717
0.721
0.725
0.733
0.737
0.742
0.748
0.751
0.757
0.759
0.764
0.77
0.774
0.776
0.778
0.781
0.785
0.79
0.791
0.793
0.797
0.799
0.801
0.802
0.804
0.809
0.812
0.819
0.823
0.827
0.828
0.832
0.839
0.845
0.851
0.858
0.865
0.869
0.874
0.876
0.88
0.882
0.885
0.887
0.888
0.89
0.891
0.892
0.896
0.897
0.898
0.903
0.906
0.91
0.915
0.921
0.928
0.938
0.942
0.945
0.948
0.95
0.954
0.957
0.958
0.964
0.966
0.97
0.974
0.981
0.982
0.983
0.985
0.988
0.991
0.993
0.997
1.0
1.005
1.015
1.017
1.021
1.026
1.029
1.034
1.034
1.04
1.042
1.044
1.045
1.05
1.055
1.059
1.064
1.068
1.073
1.076
1.079
1.085
1.091
1.091
1.099
1.102
1.11
1.115
1.117
1.122
1.124
1.127
1.132
1.133
1.135
1.136
1.139
1.144
1.152
1.155
1.162
1.17
1.175
1.183
1.186
1.191
1.194
1.195
1.197
1.202
1.203
1.204
1.207
1.211
1.214
1.217
1.22
1.227
1.227
1.237
1.242
1.245
1.25
1.253
1.26
1.266
1.27
1.271
1.277
1.281
1.284
1.289
1.293
1.294
1.298
1.301
1.303
1.306
1.315
1.319
1.327
1.335
1.337
1.341
1.343
1.349
1.355
1.358
1.362
1.366
1.371
1.373
1.376
1.379
1.381
1.389
1.397
1.401
1.404
1.407
1.409
1.418
1.423
1.427
1.428
1.435
1.444
1.449
1.455
1.461
1.466
1.467
1.469
1.473
1.481
1.486
1.489
1.497
1.499
1.501
1.509
1.512
1.517
1.524
1.529
1.532
1.535
1.542
1.55
1.558
1.563
1.571
1.575
1.58
1.582
1.585
1.592
1.598
1.604
1.611
1.615
1.625
1.63
1.633
1.639
1.644
1.651
1.653
1.658
1.664
1.667
1.675
1.683
1.688
1.696
1.702
1.708
1.714
1.72
1.731
1.734
1.736
1.74
1.747
1.75
1.753
1.757
1.764
1.77
1.771
1.774
1.784
1.79
1.795
1.804
1.809
1.813
1.821
1.823
1.83
1.835
1.841
1.849
1.854
1.859
1.866
1.872
1.879
1.888
1.892
1.897
1.906
1.914
1.92
1.929
1.938
1.941
1.945
1.956
1.964
1.973
1.978
1.988
1.997
2.002
2.011
2.021
2.029
2.037
2.044
2.052
2.061
2.071
2.084
2.09
2.101
2.112
2.123
2.131
2.142
2.152
2.161
2.177
2.191
2.204
2.213
2.225
2.244
2.256
2.265
2.282
2.301
2.316
2.334
2.349
2.373
2.391
2.42
2.452
2.473
2.501
2.53
2.57
2.64
2.7
2.814
2.959
3.045
3.139
3.341
3.905
4.303
4.544
