0.328
0.328
0.328
0.328
0.328
0.328
0.328
0.328
0.328
0.328
0.328
0.329
0.329
0.33
0.33
0.331
0.331
0.331
0.332
0.332
0.332
0.333
0.334
0.334
0.334
0.335
0.336
0.337
0.337
0.337
0.338
0.339
0.339
0.34
0.34
0.34
0.341
0.341
0.342
0.343
0.344
0.344
0.345
0.345
0.347
0.348
0.349
0.351
0.352
0.356
0.357
0.359
0.361
0.365
0.367
0.369
0.373
0.382
0.384
0.385
0.388
0.393
0.397
0.398
0.402
0.406
0.413
0.416
0.419
0.422
0.427
0.43
0.43
0.434
0.435
0.437
0.44
0.448
0.45
0.457
0.461
0.465
0.469
0.473
0.477
0.484
0.487
0.492
0.493
0.496
0.497
0.499
0.502
0.505
0.511
0.516
0.522
0.527
0.534
0.537
0.54
0.546
0.55
0.552
0.553
0.555
0.561
0.566
0.571
0.578
0.584
0.587
0.59
0.594
0.601
0.604
0.609
0.614
0.619
0.623
0.63
0.636
0.639
0.642
0.647
0.65
0.652
0.654
0.657
0.665
0.669
0.674
0.676
0.681
0.686
0.688
0.691
0.695
0.702
0.706
0.707
0.709
0.715
0.72
0.727
0.738
0.746
0.752
0.755
0.761
0.764
0.769
0.769
0.772
0.777
0.779
0.783
0.792
0.797
0.808
0.813
0.82
0.823
0.824
0.833
0.844
0.846
0.848
0.852
0.857
0.864
0.872
0.877
0.884
0.888
0.892
0.894
0.899
0.907
0.913
0.917
0.922
0.928
0.93
0.94
0.947
0.951
0.961
0.968
0.971
0.976
0.98
0.983
0.989
0.992
0.995
1.002
1.014
1.022
1.026
1.03
1.036
1.042
1.047
1.054
1.06
1.069
1.077
1.083
1.089
1.095
1.098
1.108
1.115
1.125
1.128
1.133
1.139
1.146
1.15
1.161
1.169
1.176
1.182
1.187
1.193
1.198
1.207
1.212
1.217
1.222
1.229
1.235
1.241
1.25
1.254
1.26
1.275
1.281
1.288
1.295
1.299
1.304
1.311
1.319
1.328
1.339
1.347
1.349
1.36
1.363
1.37
1.379
1.386
1.392
1.402
1.408
1.416
1.421
1.43
1.438
1.445
1.455
1.461
1.477
1.482
1.49
1.496
1.503
1.511
1.517
1.531
1.544
1.55
1.554
1.561
1.569
1.574
1.588
1.6
1.609
1.622
1.627
1.635
1.646
1.656
1.663
1.67
1.679
1.686
1.7
1.713
1.718
1.725
1.74
1.75
1.762
1.776
1.782
1.795
1.81
1.818
1.828
1.844
1.854
1.869
1.882
1.892
1.905
1.922
1.935
1.945
1.958
1.968
1.982
1.993
2.005
2.021
2.035
2.047
2.065
2.081
2.099
2.115
2.135
2.15
2.173
2.193
2.212
2.233
2.252
2.281
2.314
2.34
2.372
2.41
2.458
2.499
2.559
2.626
2.722
2.853
2.987
3.163
3.349
3.534
3.728
3.965
4.094
4.496
