0.328
0.328
0.328
0.328
0.328
0.328
0.328
0.328
0.328
0.328
0.328
0.329
0.329
0.33
0.331
0.332
0.332
0.333
0.333
0.333
0.333
0.334
0.334
0.334
0.334
0.334
0.335
0.335
0.336
0.338
0.338
0.338
0.338
0.341
0.341
0.341
0.343
0.345
0.345
0.345
0.347
0.348
0.348
0.348
0.351
0.351
0.353
0.355
0.355
0.356
0.362
0.365
0.368
0.371
0.371
0.374
0.374
0.378
0.379
0.379
0.38
0.38
0.381
0.383
0.387
0.389
0.393
0.397
0.4
0.404
0.406
0.409
0.413
0.415
0.417
0.422
0.424
0.428
0.435
0.441
0.446
0.447
0.451
0.452
0.458
0.463
0.467
0.47
0.474
0.476
0.476
0.479
0.484
0.486
0.488
0.49
0.491
0.493
0.497
0.499
0.501
0.502
0.505
0.508
0.511
0.515
0.519
0.521
0.527
0.529
0.532
0.532
0.534
0.537
0.539
0.542
0.546
0.552
0.554
0.557
0.56
0.563
0.567
0.571
0.578
0.58
0.586
0.591
0.595
0.597
0.601
0.604
0.61
0.614
0.614
0.616
0.621
0.623
0.624
0.628
0.631
0.631
0.635
0.638
0.638
0.645
0.648
0.651
0.652
0.655
0.66
0.662
0.664
0.668
0.674
0.678
0.683
0.688
0.691
0.697
0.707
0.712
0.715
0.717
0.718
0.72
0.725
0.728
0.73
0.731
0.736
0.74
0.742
0.747
0.749
0.751
0.756
0.761
0.765
0.767
0.772
0.78
0.784
0.786
0.791
0.794
0.801
0.807
0.808
0.809
0.815
0.821
0.825
0.83
0.833
0.837
0.842
0.843
0.845
0.85
0.853
0.856
0.858
0.865
0.868
0.871
0.881
0.89
0.9
0.907
0.909
0.913
0.916
0.916
0.919
0.923
0.927
0.929
0.933
0.934
0.94
0.944
0.951
0.959
0.965
0.973
0.981
0.988
0.991
0.998
1.004
1.007
1.009
1.012
1.018
1.021
1.026
1.029
1.036
1.044
1.053
1.058
1.065
1.075
1.083
1.087
1.091
1.097
1.103
1.106
1.112
1.119
1.125
1.131
1.137
1.141
1.147
1.155
1.162
1.171
1.177
1.181
1.187
1.187
1.191
1.196
1.201
1.206
1.213
1.223
1.228
1.234
1.243
1.248
1.257
1.261
1.269
1.276
1.277
1.285
1.291
1.299
1.307
1.31
1.318
1.322
1.333
1.344
1.349
1.359
1.366
1.372
1.378
1.38
1.385
1.393
1.402
1.41
1.419
1.425
1.43
1.436
1.446
1.457
1.462
1.47
1.478
1.481
1.488
1.496
1.502
1.509
1.516
1.522
1.53
1.541
1.551
1.558
1.568
1.574
1.586
1.594
1.596
1.609
1.619
1.627
1.635
1.645
1.651
1.663
1.67
1.677
1.691
1.699
1.708
1.723
1.73
1.738
1.746
1.754
1.763
1.775
1.784
1.794
1.802
1.815
1.827
1.841
1.852
1.865
1.875
1.887
1.895
1.901
1.913
1.927
1.939
1.949
1.954
1.967
1.981
1.995
2.008
2.017
2.03
2.042
2.057
2.068
2.08
2.096
2.12
2.134
2.146
2.164
2.179
2.201
2.219
2.243
2.264
2.29
2.32
2.342
2.375
2.405
2.443
2.475
2.512
2.553
2.606
2.649
2.718
2.792
2.884
2.959
3.192
3.361
3.565
3.768
4.064
4.421
