0.1529
0.1529
0.153881
0.153881
0.15508
0.15508
0.159635
0.159635
0.168254
0.168254
0.169971
0.169971
0.17178
0.17178
0.205069
0.205069
0.207728
0.207728
0.208636
0.208636
0.211136
0.211136
0.212269
0.212269
0.213493
0.213493
0.215969
0.215969
0.216581
0.216581
0.218178
0.218178
0.218332
0.218332
0.228381
0.228381
0.229608
0.229608
0.231387
0.231387
0.232324
0.232324
0.23386
0.23386
0.236129
0.236129
0.23624
0.23624
0.243702
0.244163
0.244163
0.24524
0.24524
0.24576
0.24576
0.246586
0.246586
0.24781
0.24781
0.24965
0.24965
0.251632
0.251632
0.254537
0.254537
0.255074
0.255074
0.262806
0.262806
0.263192
0.263192
0.2659
0.2659
0.26606
0.26606
0.269218
0.269218
0.270935
0.270935
0.271772
0.273285
0.273285
0.274391
0.274391
0.274917
0.274917
0.275967
0.275967
0.27605
0.27605
0.279993
0.279993
0.28039
0.28039
0.284866
0.284866
0.285513
0.285513
0.292816
0.295168
0.295168
0.296453
0.296453
0.297433
0.297433
0.301168
0.301255
0.30186
0.30186
0.302018
0.302834
0.302834
0.304195
0.30598
0.30598
0.307569
0.307569
0.307898
0.307898
0.309906
0.309906
0.310756
0.312448
0.314923
0.314923
0.318398
0.319092
0.319092
0.322859
0.322859
0.324444
0.324444
0.325663
0.32773
0.32826
0.32826
0.329411
0.330452
0.330633
0.330633
0.331229
0.332341
0.332341
0.333772
0.333772
0.338347
0.338347
0.34165
0.34165
0.342506
0.342506
0.344107
0.344107
0.34456
0.347947
0.347947
0.350297
0.350565
0.350565
0.350585
0.350843
0.353701
0.353701
0.354988
0.354988
0.356548
0.357036
0.35741
0.35741
0.364598
0.365073
0.368735
0.369717
0.370005
0.370005
0.371566
0.371566
0.37324
0.375272
0.375272
0.376095
0.376095
0.376394
0.376394
0.377872
0.378452
0.379276
0.379276
0.380178
0.380412
0.380412
0.383629
0.384262
0.385325
0.385325
0.387661
0.387661
0.38793
0.38793
0.388313
0.388313
0.388556
0.388556
0.388907
0.388907
0.38906
0.391784
0.391784
0.392636
0.392636
0.394108
0.394108
0.400024
0.400024
0.400509
0.400509
0.401084
0.401084
0.401289
0.402148
0.402148
0.403801
0.403801
0.404692
0.40586
0.408272
0.408272
0.408369
0.408736
0.408736
0.409437
0.414426
0.414426
0.415547
0.417173
0.417173
0.417608
0.418252
0.418423
0.419211
0.419211
0.419788
0.419788
0.420085
0.420085
0.420161
0.42236
0.423163
0.423219
0.423219
0.425768
0.425768
0.426091
0.426091
0.428169
0.428169
0.429875
0.429875
0.432164
0.433092
0.433092
0.433662
0.433879
0.433879
0.436128
0.436128
0.436172
0.436172
0.43627
0.438508
0.438755
0.439833
0.440726
0.441505
0.444181
0.444181
0.444572
0.444877
0.444877
0.444928
0.445693
0.445693
0.447202
0.448419
0.449752
0.451797
0.451797
0.453675
0.453675
0.455116
0.45582
0.459162
0.459162
0.459814
0.460583
0.461746
0.461746
0.461962
0.461962
0.462249
0.462249
0.463753
0.463753
0.465193
0.468229
0.468587
0.470438
0.471449
0.471449
0.471593
0.474728
0.474728
0.47604
0.47604
0.478157
0.478157
0.478722
0.480159
0.480159
0.480313
0.483494
0.484093
0.486852
0.487673
0.487673
0.488792
0.490239
0.492057
0.492057
0.493087
0.493087
0.497896
0.498924
0.49913
0.499272
0.500949
0.501786
0.501786
0.503118
0.505438
0.508493
0.508525
0.508525
0.510373
0.516105
0.516105
0.517762
0.518515
0.518544
0.518544
0.522241
0.52801
0.52801
0.532424
0.532424
0.532452
0.532452
0.53307
0.535215
0.535215
0.537726
0.539057
0.539057
0.542289
0.542289
0.544049
0.544049
0.544769
0.546098
0.547766
0.548515
0.548748
0.548748
0.550519
0.551214
0.551422
0.551422
0.55248
0.554286
0.557756
0.562139
0.563556
0.56671
0.567814
0.571621
0.571621
0.573219
0.573603
0.573603
0.575075
0.580739
0.581187
0.581187
0.582036
0.584708
0.584917
0.584917
0.584959
0.584959
0.585507
0.585507
0.591061
0.598454
0.610291
0.610857
0.610857
0.615763
0.615763
0.616059
0.618225
0.618225
0.620181
0.621372
0.632065
0.63664
0.63664
0.637794
0.638884
0.638884
0.643358
0.644979
0.645529
0.645859
0.645859
0.646841
0.64914
0.651606
0.652496
0.652981
0.654618
0.658602
0.662008
0.66209
0.665632
0.667834
0.670077
0.67617
0.680354
0.680354
0.689589
0.690126
0.690183
0.695108
0.696001
0.696001
0.699943
0.700058
0.701975
0.702029
0.709157
0.712592
0.741315
0.741315
0.744868
0.744868
0.748006
0.748889
0.750566
0.755978
0.7578
0.760237
0.761993
0.761993
0.769854
0.778483
0.783372
0.791863
0.794321
0.808184
0.822467
0.84532
0.849811
0.872022
0.891937
0.906382
0.907356
0.90879
0.918056
0.938426
0.950401
0.964092
0.998214
0.998214
0.998664
1.02016
1.02676
1.06119
1.06119
1.07463
1.07805
1.10613
1.11926
1.11926
1.1265
1.14606
1.16481
1.21553
1.38383
1.42626
1.7273
