0.15216
0.15216
0.152823
0.152823
0.153648
0.153648
0.153719
0.153719
0.153854
0.153854
0.153933
0.153933
0.154136
0.154136
0.154518
0.154518
0.154667
0.154667
0.154934
0.154934
0.155422
0.155422
0.155422
0.155422
0.155813
0.155813
0.155867
0.155867
0.155954
0.155954
0.156692
0.156692
0.157148
0.157148
0.160323
0.160323
0.161993
0.161993
0.162842
0.162842
0.162913
0.162971
0.162971
0.163717
0.163717
0.163761
0.163761
0.164391
0.164391
0.164787
0.164787
0.164953
0.164953
0.169971
0.169971
0.170191
0.170191
0.170884
0.170884
0.171758
0.171758
0.173089
0.173089
0.175105
0.175105
0.176424
0.176424
0.176525
0.176573
0.176573
0.177144
0.177144
0.177729
0.17902
0.17902
0.179029
0.179029
0.17927
0.17927
0.179495
0.179495
0.180308
0.180308
0.18125
0.18125
0.181852
0.181852
0.182691
0.182691
0.182743
0.182743
0.18317
0.18317
0.185169
0.185169
0.186749
0.186749
0.187898
0.187898
0.189158
0.189158
0.189805
0.189805
0.190226
0.190226
0.190267
0.190267
0.191067
0.191067
0.191718
0.191718
0.19189
0.19189
0.192612
0.193214
0.193368
0.193368
0.194471
0.194471
0.195198
0.195198
0.200129
0.200129
0.200709
0.200709
0.201138
0.201138
0.201483
0.201483
0.20449
0.20449
0.205041
0.205041
0.205328
0.205328
0.205446
0.205446
0.207662
0.207662
0.208394
0.208394
0.209361
0.209361
0.209656
0.209656
0.209782
0.209782
0.210507
0.210507
0.212801
0.212801
0.214009
0.214009
0.215518
0.215725
0.215725
0.216337
0.216337
0.216899
0.216899
0.217888
0.217888
0.219241
0.219241
0.220406
0.220406
0.221762
0.221762
0.22179
0.22179
0.223038
0.223038
0.223562
0.224236
0.224236
0.225629
0.225629
0.225644
0.225644
0.225685
0.225685
0.22652
0.22652
0.226941
0.226941
0.228687
0.228928
0.228928
0.229622
0.229622
0.23022
0.230326
0.230326
0.231132
0.231132
0.231779
0.231779
0.232336
0.232336
0.232379
0.232379
0.232994
0.232994
0.233963
0.236318
0.236318
0.2382
0.2382
0.239207
0.239207
0.239416
0.239687
0.239687
0.241771
0.241771
0.242246
0.242246
0.242695
0.242858
0.242858
0.243171
0.243171
0.243343
0.245481
0.245481
0.246219
0.246219
0.24667
0.247097
0.247097
0.250515
0.250515
0.250568
0.250568
0.253254
0.253254
0.254637
0.254812
0.255201
0.255201
0.257368
0.257368
0.257562
0.257562
0.258379
0.263329
0.264884
0.264884
0.266845
0.267492
0.267492
0.26861
0.26861
0.268796
0.270645
0.270645
0.2727
0.272853
0.273444
0.274377
0.274377
0.276232
0.276232
0.276462
0.276462
0.278656
0.278656
0.27892
0.279697
0.279697
0.279857
0.279925
0.279925
0.281304
0.281304
0.281777
0.28305
0.288072
0.288072
0.288151
0.288151
0.289242
0.289242
0.289307
0.291008
0.291008
0.291731
0.293477
0.293477
0.293817
0.296002
0.296002
0.296707
0.296707
0.298399
0.299124
0.299124
0.299726
0.299726
0.300275
0.301163
0.301163
0.30126
0.30126
0.302579
0.302579
0.30287
0.30287
0.303271
0.303271
0.304058
0.304058
0.304755
0.305214
0.306384
0.306384
0.306636
0.306807
0.306807
0.310485
0.310485
0.311088
0.311088
0.311527
0.311527
0.312677
0.314299
0.314334
0.314334
0.315404
0.315404
0.31554
0.31554
0.316149
0.316149
0.317146
0.317146
0.317626
0.317626
0.318789
0.319215
0.319215
0.319681
0.319681
0.320011
0.320011
0.320436
0.321718
0.324769
0.324965
0.324965
0.325826
0.325826
0.325906
0.325906
0.32698
0.32698
0.327006
0.327885
0.328881
0.330218
0.330636
0.331965
0.333918
0.334078
0.334078
0.334324
0.33474
0.33474
0.336284
0.336284
0.336715
0.336715
0.336884
0.337712
0.337712
0.337727
0.340026
0.340026
0.341103
0.341103
0.341343
0.341368
0.341734
0.341734
0.341903
0.341903
0.343464
0.343464
0.343642
0.345171
0.345171
0.345191
0.345191
0.345251
0.345251
0.346372
0.346372
0.34693
0.34693
0.347172
0.348588
0.348588
0.348735
0.348781
0.349398
0.349398
0.349506
0.35034
0.350601
0.350601
0.350926
0.350926
0.352327
0.352946
0.352946
0.353213
0.353213
0.354233
0.355044
0.355906
0.355909
0.358611
0.358796
0.360195
0.362348
0.362348
0.3632
0.3632
0.364586
0.364586
0.365943
0.367961
0.367961
0.369515
0.369993
0.369993
0.370971
0.373057
0.374332
0.374332
0.375791
0.375791
0.376569
0.377455
0.378023
0.379204
0.379204
0.380533
0.381108
0.381108
0.381429
0.381429
0.38241
0.38241
0.382718
0.383578
0.384167
0.384485
0.385109
0.387424
0.387587
0.389872
0.389872
0.390038
0.391536
0.391893
0.391952
0.391952
0.392045
0.392045
0.392265
0.393805
0.394123
0.394123
0.394726
0.395264
0.395264
0.396883
0.396883
0.397763
0.397763
0.398488
0.398488
0.399289
0.399656
0.399955
0.400056
0.400072
0.401684
0.401684
0.402252
0.402457
0.402838
0.402838
0.404765
0.407289
0.407428
0.409675
0.410173
0.410861
0.411804
0.412156
0.413834
0.414092
0.414201
0.4143
0.4143
0.414436
0.415027
0.415027
0.416977
0.416977
0.417193
0.417869
0.41971
0.420446
0.421505
0.42173
0.42173
0.422262
0.423693
0.423693
0.423801
0.423801
0.424466
0.424951
0.425432
0.425709
0.426077
0.427359
0.429182
0.429182
0.429487
0.429537
0.43023
0.431435
0.431852
0.431852
0.434644
0.434644
0.435148
0.435148
0.43532
0.43954
0.439684
0.440588
0.440588
0.442503
0.442515
0.443197
0.443197
0.44497
0.445298
0.445298
0.445995
0.446001
0.446224
0.447025
0.447323
0.447649
0.448841
0.448841
0.449698
0.449698
0.449913
0.451732
0.452894
0.453301
0.454437
0.457078
0.459388
0.462556
0.463279
0.464657
0.464659
0.465152
0.465899
0.468206
0.468206
0.469415
0.469415
0.470067
0.470087
0.470087
0.471919
0.472036
0.473675
0.474752
0.475131
0.476119
0.479058
0.479058
0.479431
0.480353
0.480353
0.480867
0.481173
0.481173
0.482028
0.482904
0.482904
0.486454
0.494398
0.495236
0.498017
0.498061
0.498731
0.499968
0.502637
0.502961
0.502961
0.504394
0.505449
0.508349
0.511913
0.512572
0.513362
0.513785
0.513785
0.514411
0.514411
0.517096
0.520602
0.521309
0.521309
0.523834
0.524543
0.524543
0.52541
0.526982
0.529651
0.529651
0.52967
0.52967
0.530963
0.531955
0.531955
0.532828
0.53502
0.535351
0.538184
0.538874
0.539231
0.540349
0.542905
0.544862
0.547305
0.547595
0.548041
0.551998
0.554748
0.554875
0.554875
0.556109
0.556156
0.557773
0.557773
0.558095
0.560328
0.563777
0.564238
0.567543
0.567543
0.567962
0.569021
0.569021
0.569329
0.569329
0.572719
0.573314
0.575309
0.578455
0.580969
0.581252
0.582409
0.582409
0.582543
0.582543
0.583917
0.585638
0.587256
0.590313
0.590504
0.591352
0.596314
0.608795
0.610579
0.610579
0.623087
0.626314
0.638249
0.638249
0.639196
0.640346
0.644434
0.649865
0.652585
0.652956
0.656552
0.659772
0.672375
0.681319
0.688583
0.696145
0.698847
0.699151
0.703652
0.706787
0.706787
0.715575
0.726433
0.726502
0.736178
0.737881
0.739012
0.744546
0.745719
0.7501
0.751332
0.755625
0.776722
0.781319
0.78668
0.786685
0.798217
0.802385
0.806522
0.810861
0.827051
0.833879
0.854447
0.855763
0.869499
0.878012
0.894731
0.897118
0.899215
0.905194
0.905989
0.907836
0.916958
0.920924
0.962605
0.96564
1.04529
1.10248
1.11139
1.12944
1.73207
