0.201153
0.201153
0.27801
0.27801
0.278447
0.278447
0.289752
0.289752
0.309579
0.309579
0.330065
0.330065
0.375461
0.390045
0.390045
0.392316
0.413507
0.457121
0.457572
0.457572
0.542596
0.553007
0.553007
0.560074
0.587992
0.614547
0.64896
0.64896
0.705663
0.733334
0.733334
0.784867
0.784867
0.790857
0.790857
0.798162
0.814687
0.814687
0.827196
0.827196
0.840657
0.87819
0.885231
0.885231
0.952498
0.952498
0.958599
0.970078
0.971515
1.00012
1.00012
1.01299
1.0369
1.04678
1.05937
1.06216
1.06216
1.07155
1.08354
1.08354
1.08819
1.09867
1.12466
1.12657
1.13091
1.14112
1.16304
1.16304
1.16898
1.16898
1.17789
1.19863
1.21487
1.2332
1.26009
1.26009
1.27273
1.31516
1.35712
1.36155
1.3684
1.40933
1.49125
1.5343
1.5456
1.58177
1.64504
1.65281
1.76727
1.76727
1.77543
1.83541
1.87165
1.87165
1.99098
1.99098
2.01572
2.38531
2.38531
2.65476
