0.174867
0.174867
0.200257
0.200257
0.219353
0.219353
0.234408
0.23478
0.251995
0.253148
0.263187
0.264915
0.275015
0.276961
0.285811
0.288748
0.295888
0.298497
0.305409
0.30867
0.313385
0.316554
0.322618
0.326068
0.330051
0.333343
0.338517
0.341596
0.345634
0.349067
0.352636
0.355813
0.360047
0.36409
0.367836
0.371849
0.377397
0.381565
0.386059
0.390026
0.394296
0.39871
0.402588
0.406352
0.411653
0.415281
0.420428
0.425025
0.43051
0.434395
0.439381
0.444444
0.449093
0.452792
0.457499
0.46327
0.467028
0.472955
0.476726
0.480843
0.485729
0.489229
0.492341
0.496137
0.500883
0.504206
0.507358
0.511122
0.51465
0.517833
0.521212
0.524775
0.527993
0.532826
0.536823
0.540475
0.544225
0.547231
0.552123
0.556309
0.561728
0.566128
0.569457
0.575546
0.579568
0.585464
0.589611
0.59593
0.601687
0.605625
0.611203
0.615783
0.621549
0.626281
0.630263
0.634359
0.640232
0.645178
0.649984
0.655872
0.662242
0.667416
0.673287
0.679965
0.685402
0.691473
0.698079
0.704508
0.709628
0.718173
0.723747
0.729827
0.737243
0.745565
0.752323
0.758343
0.764255
0.770687
0.778111
0.783045
0.789104
0.794354
0.799331
0.804099
0.808303
0.813763
0.818619
0.82262
0.829332
0.835237
0.841651
0.845836
0.851403
0.856666
0.863852
0.869336
0.877125
0.883684
0.889248
0.896765
0.903324
0.90975
0.91674
0.924207
0.931484
0.939727
0.946408
0.954967
0.963236
0.971034
0.979898
0.987221
0.994386
1.00387
1.0128
1.0221
1.02919
1.03753
1.04716
1.05576
1.0625
1.06965
1.07759
1.08474
1.09493
1.10615
1.11385
1.12192
1.13121
1.13726
1.14416
1.15157
1.1586
1.16613
1.17424
1.18597
1.19965
1.2192
1.23313
1.25002
1.26717
1.29445
1.31627
1.34493
1.37731
1.41432
1.43512
1.46602
1.50521
1.54751
1.58465
1.62492
1.67663
1.71618
1.77405
1.82613
1.88508
2.05173
2.50665
2.70449
