0.328
0.328
0.328
0.328
0.328
0.328
0.328
0.328
0.328
0.328
0.328
0.33
0.33
0.33
0.33
0.331
0.332
0.332
0.332
0.332
0.332
0.332
0.333
0.334
0.334
0.334
0.334
0.334
0.334
0.334
0.334
0.334
0.334
0.336
0.337
0.34
0.341
0.343
0.346
0.347
0.347
0.351
0.353
0.355
0.36
0.361
0.365
0.367
0.368
0.37
0.371
0.373
0.374
0.377
0.378
0.38
0.38
0.382
0.383
0.383
0.383
0.387
0.39
0.39
0.392
0.397
0.397
0.4
0.406
0.411
0.418
0.419
0.424
0.429
0.437
0.443
0.447
0.45
0.452
0.452
0.455
0.459
0.464
0.469
0.472
0.473
0.476
0.481
0.487
0.491
0.494
0.499
0.502
0.506
0.508
0.51
0.512
0.513
0.515
0.516
0.517
0.518
0.518
0.52
0.522
0.531
0.534
0.537
0.545
0.551
0.555
0.558
0.565
0.569
0.572
0.576
0.577
0.581
0.583
0.596
0.601
0.606
0.608
0.61
0.614
0.619
0.622
0.626
0.628
0.631
0.635
0.637
0.639
0.642
0.647
0.654
0.661
0.667
0.674
0.678
0.685
0.69
0.692
0.695
0.701
0.704
0.714
0.719
0.722
0.726
0.729
0.731
0.734
0.742
0.747
0.748
0.752
0.756
0.763
0.768
0.772
0.779
0.785
0.793
0.797
0.8
0.804
0.805
0.813
0.817
0.822
0.825
0.829
0.836
0.839
0.842
0.846
0.855
0.86
0.865
0.869
0.877
0.88
0.886
0.89
0.897
0.902
0.908
0.912
0.916
0.918
0.924
0.926
0.93
0.938
0.944
0.95
0.957
0.962
0.964
0.97
0.976
0.986
0.992
0.993
0.998
1.003
1.004
1.01
1.013
1.018
1.025
1.031
1.035
1.043
1.047
1.051
1.056
1.062
1.066
1.068
1.076
1.082
1.085
1.093
1.095
1.101
1.111
1.119
1.124
1.128
1.133
1.138
1.148
1.152
1.157
1.163
1.17
1.177
1.181
1.188
1.197
1.202
1.21
1.217
1.222
1.229
1.232
1.238
1.242
1.245
1.253
1.257
1.263
1.269
1.274
1.28
1.29
1.297
1.303
1.309
1.318
1.328
1.337
1.34
1.347
1.352
1.355
1.363
1.372
1.379
1.384
1.387
1.39
1.399
1.403
1.407
1.415
1.421
1.425
1.431
1.438
1.449
1.456
1.461
1.468
1.472
1.48
1.488
1.495
1.501
1.507
1.514
1.526
1.532
1.537
1.542
1.548
1.556
1.563
1.573
1.578
1.586
1.594
1.597
1.605
1.612
1.616
1.629
1.64
1.647
1.657
1.663
1.665
1.676
1.681
1.689
1.694
1.701
1.71
1.714
1.723
1.727
1.736
1.744
1.751
1.759
1.771
1.775
1.783
1.787
1.799
1.811
1.817
1.823
1.833
1.837
1.843
1.853
1.86
1.868
1.877
1.89
1.9
1.91
1.917
1.925
1.933
1.937
1.946
1.953
1.963
1.974
1.983
1.996
2.009
2.024
2.032
2.045
2.055
2.067
2.077
2.096
2.108
2.118
2.13
2.146
2.16
2.18
2.196
2.212
2.23
2.249
2.262
2.278
2.3
2.322
2.347
2.373
2.398
2.415
2.44
2.464
2.493
2.528
2.572
2.604
2.649
2.69
2.746
2.859
3.011
3.152
3.317
3.49
3.744
4.179
4.48
4.708
5.018
