0.149215
0.149215
0.153264
0.153264
0.153717
0.153717
0.164591
0.164591
0.164876
0.164876
0.166332
0.166332
0.167218
0.167218
0.167706
0.167706
0.168455
0.168455
0.168906
0.168906
0.169222
0.175367
0.175367
0.176786
0.176786
0.179365
0.179365
0.181229
0.181229
0.182342
0.182342
0.182601
0.182601
0.184418
0.184418
0.185968
0.186027
0.186027
0.188225
0.188225
0.193909
0.193909
0.194936
0.196426
0.196426
0.197419
0.197419
0.202427
0.202427
0.202959
0.202959
0.203119
0.203119
0.203249
0.203249
0.204099
0.204099
0.207152
0.207152
0.21301
0.21301
0.213709
0.213709
0.214465
0.214465
0.215149
0.215149
0.217053
0.217053
0.221396
0.221396
0.224552
0.224552
0.227491
0.229915
0.229915
0.230951
0.230951
0.23121
0.23121
0.232051
0.232051
0.23288
0.23543
0.23543
0.240609
0.242618
0.242618
0.243387
0.243387
0.248178
0.248178
0.250603
0.250603
0.252363
0.25596
0.25596
0.263045
0.263045
0.266102
0.266102
0.267282
0.268888
0.26945
0.26945
0.27307
0.27307
0.273508
0.273508
0.276822
0.276822
0.278352
0.278352
0.280501
0.280501
0.286828
0.287339
0.287339
0.288537
0.288971
0.288971
0.289176
0.289176
0.293366
0.293366
0.293423
0.293423
0.2991
0.299917
0.299917
0.304482
0.304482
0.304605
0.304605
0.304737
0.305549
0.309921
0.309921
0.309932
0.310473
0.310473
0.310507
0.310507
0.315015
0.315015
0.318268
0.318268
0.3193
0.3193
0.319332
0.319332
0.320409
0.320409
0.322258
0.322258
0.322563
0.324259
0.324259
0.32573
0.335262
0.335262
0.335276
0.335686
0.33685
0.33685
0.338036
0.338036
0.340149
0.343806
0.34449
0.347949
0.347949
0.349126
0.349936
0.351843
0.352979
0.353685
0.353685
0.354137
0.35565
0.35565
0.355719
0.355719
0.355925
0.356388
0.356388
0.356544
0.357845
0.357845
0.358037
0.358037
0.358293
0.358293
0.360164
0.360164
0.362414
0.362414
0.364668
0.366135
0.366135
0.369158
0.369158
0.372731
0.373031
0.373336
0.373336
0.377157
0.377263
0.377263
0.378469
0.38124
0.38124
0.383837
0.383837
0.384896
0.385556
0.38558
0.387214
0.388874
0.388874
0.389042
0.389042
0.389388
0.389388
0.390259
0.391393
0.391393
0.393818
0.393818
0.394924
0.394933
0.394933
0.396063
0.397549
0.397549
0.398512
0.400581
0.400581
0.403598
0.40361
0.40361
0.403782
0.403782
0.408374
0.414091
0.414091
0.416806
0.417801
0.417801
0.418277
0.418288
0.419564
0.41965
0.420891
0.420891
0.42212
0.42212
0.422582
0.426375
0.426723
0.427428
0.42881
0.42881
0.429672
0.429672
0.430367
0.430569
0.43081
0.43081
0.434442
0.434442
0.437132
0.437132
0.438472
0.438918
0.441789
0.441789
0.442278
0.442278
0.443408
0.443452
0.447461
0.450983
0.450983
0.45171
0.452254
0.455008
0.46157
0.46157
0.464715
0.466752
0.467165
0.471713
0.472131
0.473132
0.473294
0.475111
0.475111
0.47652
0.479549
0.481807
0.48211
0.48211
0.484834
0.489258
0.489258
0.491066
0.492106
0.493163
0.493561
0.495866
0.497597
0.497597
0.497836
0.497836
0.500304
0.502012
0.502012
0.502893
0.502893
0.50866
0.50866
0.50904
0.509062
0.512162
0.512162
0.515662
0.518997
0.519495
0.519749
0.519749
0.521568
0.521568
0.52185
0.52185
0.522319
0.522705
0.522705
0.528306
0.532315
0.532793
0.543474
0.543606
0.545142
0.545777
0.545777
0.550049
0.550049
0.550457
0.550749
0.550749
0.55193
0.55193
0.555142
0.555142
0.560043
0.560797
0.568607
0.570948
0.570948
0.571331
0.571331
0.572566
0.573805
0.577573
0.580536
0.584481
0.584481
0.586282
0.586282
0.588663
0.589356
0.591045
0.595154
0.596444
0.59987
0.59987
0.600668
0.606367
0.60645
0.60645
0.614068
0.616953
0.616953
0.622846
0.624602
0.627301
0.627301
0.628494
0.628494
0.632173
0.632703
0.632703
0.638484
0.643122
0.644753
0.646579
0.648401
0.652445
0.665241
0.671696
0.675478
0.675478
0.681267
0.69079
0.691855
0.694183
0.695218
0.697375
0.697716
0.699654
0.699654
0.700481
0.707196
0.707196
0.710156
0.710269
0.710269
0.716668
0.722624
0.72333
0.728613
0.728613
0.730333
0.730933
0.730933
0.73294
0.73294
0.733679
0.735405
0.738486
0.744041
0.744041
0.756039
0.76323
0.766393
0.769516
0.770448
0.774895
0.778098
0.78264
0.7863
0.788781
0.796798
0.796798
0.801943
0.803785
0.815859
0.832381
0.833583
0.845159
0.845159
0.853488
0.864673
0.871636
0.877417
0.888377
0.896768
0.899393
0.899393
0.900108
0.900745
0.901819
0.905481
0.910091
0.924043
0.925751
0.937163
0.947397
0.95217
0.969394
0.978616
0.986506
0.986506
1.0202
1.02268
1.02382
1.02661
1.02973
1.03776
1.03827
1.04495
1.04593
1.05456
1.06051
1.06237
1.09885
1.09994
1.10255
1.14571
1.15258
1.19747
1.20522
1.21785
1.25356
1.25819
1.25819
1.26584
1.2976
1.50542
