0.328
0.328
0.328
0.329
0.33
0.331
0.331
0.331
0.333
0.334
0.334
0.335
0.335
0.336
0.336
0.336
0.336
0.337
0.337
0.338
0.339
0.339
0.34
0.342
0.342
0.344
0.345
0.346
0.347
0.347
0.348
0.348
0.349
0.352
0.352
0.355
0.359
0.361
0.365
0.366
0.368
0.368
0.369
0.37
0.37
0.371
0.376
0.379
0.382
0.384
0.389
0.394
0.401
0.405
0.412
0.413
0.415
0.418
0.422
0.426
0.43
0.433
0.441
0.443
0.448
0.45
0.451
0.452
0.457
0.461
0.466
0.467
0.468
0.471
0.471
0.473
0.474
0.476
0.478
0.48
0.484
0.486
0.487
0.491
0.495
0.498
0.501
0.508
0.513
0.516
0.523
0.528
0.531
0.537
0.542
0.547
0.551
0.554
0.557
0.559
0.56
0.562
0.562
0.565
0.569
0.571
0.573
0.576
0.579
0.583
0.588
0.592
0.597
0.602
0.607
0.614
0.621
0.627
0.628
0.631
0.634
0.636
0.639
0.645
0.648
0.649
0.651
0.654
0.658
0.66
0.66
0.664
0.669
0.67
0.674
0.677
0.683
0.687
0.689
0.695
0.699
0.702
0.707
0.711
0.715
0.722
0.727
0.733
0.738
0.742
0.744
0.748
0.749
0.75
0.756
0.761
0.763
0.768
0.771
0.772
0.772
0.776
0.778
0.779
0.782
0.788
0.792
0.797
0.8
0.804
0.811
0.816
0.821
0.823
0.825
0.827
0.832
0.835
0.84
0.845
0.849
0.851
0.852
0.853
0.855
0.856
0.86
0.863
0.867
0.867
0.869
0.87
0.871
0.874
0.877
0.881
0.882
0.883
0.888
0.894
0.899
0.904
0.906
0.91
0.919
0.925
0.931
0.934
0.94
0.944
0.946
0.947
0.949
0.951
0.954
0.956
0.957
0.961
0.966
0.969
0.97
0.971
0.976
0.978
0.978
0.984
0.985
0.99
0.992
0.995
1.002
1.005
1.008
1.013
1.015
1.017
1.019
1.021
1.027
1.031
1.036
1.039
1.042
1.044
1.046
1.05
1.053
1.055
1.056
1.061
1.067
1.069
1.073
1.078
1.081
1.086
1.092
1.094
1.096
1.098
1.099
1.101
1.107
1.11
1.11
1.111
1.114
1.119
1.122
1.125
1.129
1.13
1.133
1.136
1.139
1.141
1.145
1.15
1.152
1.158
1.159
1.161
1.162
1.166
1.169
1.171
1.175
1.178
1.178
1.185
1.189
1.194
1.197
1.203
1.206
1.208
1.211
1.216
1.218
1.222
1.225
1.226
1.228
1.23
1.232
1.234
1.238
1.242
1.244
1.246
1.247
1.249
1.252
1.259
1.26
1.265
1.267
1.272
1.274
1.278
1.279
1.286
1.289
1.292
1.295
1.298
1.302
1.304
1.306
1.308
1.311
1.315
1.316
1.317
1.317
1.32
1.321
1.325
1.328
1.332
1.334
1.337
1.341
1.344
1.347
1.352
1.355
1.36
1.361
1.365
1.367
1.372
1.375
1.375
1.377
1.381
1.384
1.391
1.392
1.394
1.4
1.401
1.405
1.409
1.409
1.412
1.414
1.417
1.421
1.423
1.424
1.429
1.431
1.434
1.437
1.439
1.442
1.445
1.446
1.449
1.453
1.455
1.458
1.46
1.465
1.468
1.47
1.472
1.477
1.48
1.486
1.487
1.493
1.499
1.501
1.503
1.504
1.507
1.509
1.51
1.513
1.514
1.518
1.519
1.525
1.526
1.528
1.534
1.538
1.539
1.54
1.544
1.545
1.552
1.554
1.559
1.562
1.565
1.571
1.577
1.579
1.582
1.583
1.585
1.588
1.588
1.59
1.591
1.592
1.595
1.599
1.602
1.605
1.609
1.612
1.613
1.616
1.622
1.628
1.635
1.638
1.641
1.644
1.651
1.652
1.658
1.66
1.66
1.663
1.664
1.664
1.667
1.67
1.67
1.672
1.675
1.678
1.68
1.687
1.691
1.696
1.698
1.7
1.702
1.706
1.709
1.712
1.716
1.719
1.725
1.726
1.73
1.732
1.734
1.738
1.739
1.742
1.743
1.745
1.747
1.749
1.753
1.757
1.76
1.766
1.767
1.769
1.771
1.773
1.775
1.779
1.782
1.788
1.793
1.798
1.803
1.808
1.814
1.815
1.817
1.819
1.821
1.822
1.826
1.828
1.829
1.832
1.835
1.841
1.842
1.845
1.846
1.849
1.854
1.856
1.863
1.866
1.867
1.87
1.871
1.873
1.876
1.881
1.887
1.888
1.892
1.894
1.898
1.903
1.905
1.907
1.911
1.912
1.916
1.921
1.926
1.93
1.932
1.937
1.939
1.943
1.945
1.949
1.952
1.954
1.957
1.961
1.964
1.968
1.971
1.974
1.978
1.98
1.98
1.985
1.991
2.001
2.003
2.005
2.007
2.009
2.013
2.019
2.022
2.025
2.029
2.032
2.036
2.039
2.041
2.046
2.05
2.052
2.055
2.057
2.058
2.063
2.068
2.07
2.071
2.076
2.081
2.084
2.09
2.095
2.097
2.101
2.104
2.109
2.113
2.118
2.119
2.119
2.124
2.131
2.135
2.141
2.142
2.148
2.154
2.158
2.16
2.162
2.163
2.167
2.17
2.179
2.182
2.188
2.189
2.194
2.198
2.202
2.207
2.209
2.216
2.222
2.224
2.231
2.233
2.233
2.24
2.242
2.245
2.249
2.254
2.257
2.261
2.264
2.269
2.274
2.278
2.285
2.289
2.297
2.3
2.304
2.311
2.317
2.32
2.327
2.328
2.335
2.34
2.347
2.35
2.353
2.356
2.362
2.365
2.37
2.377
2.383
2.39
2.396
2.398
2.401
2.409
2.412
2.422
2.425
2.429
2.433
2.437
2.443
2.452
2.458
2.463
2.47
2.474
2.48
2.483
2.486
2.49
2.494
2.5
2.506
2.514
2.519
2.524
2.531
2.538
2.543
2.55
2.556
2.562
2.568
2.57
2.577
2.583
2.587
2.591
2.597
2.602
2.612
2.623
2.631
2.638
2.641
2.647
2.654
2.667
2.672
2.682
2.691
2.702
2.708
2.721
2.731
2.735
2.741
2.75
2.76
2.771
2.784
2.797
2.809
2.818
2.833
2.844
2.86
2.871
2.88
2.889
2.9
2.913
2.931
2.939
2.954
2.963
2.982
2.998
3.012
3.025
3.041
3.057
3.067
3.086
3.109
3.128
3.155
3.186
3.218
3.253
3.295
3.338
3.393
3.481
3.653
3.883
