0.170293
0.170293
0.210569
0.210569
0.251313
0.251313
0.288284
0.288362
0.311021
0.311769
0.327062
0.328972
0.34642
0.349183
0.363844
0.369135
0.388961
0.396859
0.408265
0.420609
0.429075
0.438827
0.446617
0.461658
0.467791
0.4884
0.4938
0.514175
0.518442
0.542079
0.546329
0.579248
0.58889
0.606773
0.620448
0.633353
0.643144
0.656606
0.667754
0.678895
0.691608
0.702585
0.714888
0.731986
0.744042
0.761285
0.774005
0.788499
0.799798
0.812977
0.82447
0.833498
0.847744
0.86108
0.873656
0.884219
0.895441
0.909194
0.9193
0.937161
0.956976
0.978248
0.989815
1.0032
1.01458
1.03111
1.04928
1.06621
1.08197
1.10149
1.11247
1.1263
1.14175
1.1503
1.15889
1.16872
1.18538
1.20247
1.21894
1.23246
1.24829
1.26338
1.27936
1.30313
1.34946
1.37697
1.4084
1.43651
1.45759
1.49647
1.54638
1.60082
1.68191
1.75197
1.84131
1.91272
1.98496
2.12166
2.48906
3.15273
