0.154181
0.154181
0.159493
0.159843
0.167715
0.168762
0.1753
0.176864
0.182688
0.185784
0.191278
0.194806
0.200318
0.203209
0.207782
0.212033
0.216648
0.220289
0.225866
0.229232
0.232602
0.235169
0.239538
0.242405
0.246285
0.249691
0.253093
0.256278
0.260889
0.264712
0.267495
0.271753
0.274157
0.278404
0.281138
0.284959
0.288122
0.290048
0.29295
0.295367
0.298612
0.300619
0.304055
0.30648
0.309442
0.312887
0.315131
0.317913
0.320618
0.323285
0.325493
0.328167
0.33021
0.332989
0.334778
0.33731
0.339346
0.341385
0.344356
0.346633
0.348489
0.350388
0.3521
0.353898
0.355947
0.35816
0.360063
0.361996
0.363661
0.365693
0.367757
0.369592
0.371798
0.373881
0.375562
0.377639
0.379451
0.38156
0.383387
0.385407
0.38798
0.390151
0.392296
0.394946
0.397358
0.399696
0.401918
0.404239
0.406882
0.408487
0.411361
0.413703
0.415367
0.417375
0.419077
0.421032
0.423795
0.425633
0.427473
0.429657
0.432406
0.434672
0.437037
0.439583
0.441967
0.444475
0.446476
0.448367
0.449817
0.451999
0.453846
0.456099
0.458005
0.459992
0.461979
0.463705
0.465963
0.467508
0.46947
0.471402
0.473891
0.47613
0.47857
0.48071
0.483241
0.48535
0.487462
0.489329
0.490876
0.493273
0.495393
0.498132
0.500885
0.503516
0.505556
0.508041
0.509976
0.511949
0.514313
0.516576
0.518911
0.521386
0.52338
0.525635
0.527585
0.530138
0.533174
0.536111
0.538317
0.540553
0.5426
0.544828
0.546932
0.549684
0.551938
0.554162
0.557467
0.560203
0.563333
0.565994
0.568832
0.571545
0.574546
0.577402
0.579968
0.582967
0.585761
0.588479
0.590939
0.593105
0.595554
0.598529
0.60071
0.603356
0.605683
0.60835
0.611286
0.613701
0.616071
0.618039
0.620658
0.623351
0.62549
0.627438
0.629984
0.632074
0.634889
0.638371
0.641332
0.64415
0.647038
0.650467
0.653772
0.656787
0.659932
0.663183
0.666302
0.669288
0.671592
0.674292
0.678209
0.682016
0.685994
0.689116
0.692727
0.69533
0.698797
0.701567
0.703904
0.706194
0.709028
0.712625
0.715602
0.719337
0.722019
0.725636
0.727973
0.73275
0.736762
0.74092
0.744225
0.748016
0.751764
0.755565
0.759055
0.762502
0.768113
0.773323
0.778206
0.783762
0.789579
0.795385
0.801273
0.806318
0.811886
0.817214
0.823965
0.828966
0.834355
0.839793
0.844769
0.850199
0.855789
0.860687
0.865082
0.870422
0.875146
0.879447
0.885672
0.889583
0.894943
0.899686
0.905187
0.911357
0.916689
0.921865
0.929365
0.93487
0.941488
0.95016
0.958157
0.96522
0.972108
0.978366
0.985689
0.992495
1.00065
1.01028
1.02065
1.03047
1.0423
1.05315
1.0636
1.07572
1.08804
1.09862
1.11095
1.12185
1.13334
1.14301
1.15547
1.16392
1.17447
1.18589
1.19879
1.21097
1.22335
1.23537
1.24997
1.26722
1.29093
1.31242
1.34016
1.37713
1.4164
1.5052
1.58188
1.62983
1.81625
1.94959
