0.01
0.17
0.26
0.47
0.57
0.67
0.7
0.74
0.76
0.78
0.82
0.84
0.85
0.86
0.86
0.86
0.87
0.87
0.88
0.89
0.89
0.91
0.91
0.91
0.93
0.93
0.94
0.95
0.95
0.97
0.97
0.97
0.97
0.97
0.99
1.03
1.03
1.07
1.1
1.13
1.18
1.22
1.25
1.28
1.35
1.41
1.46
1.51
1.54
1.59
1.64
1.66
1.67
1.7
1.7
1.71
1.73
1.73
1.73
1.73
1.73
1.73
1.73
1.73
1.75
1.76
1.79
1.81
1.83
1.84
1.9
1.94
1.97
2.03
2.07
2.12
2.18
2.21
2.22
2.26
2.27
2.31
2.35
2.4
2.42
2.45
2.47
2.49
2.49
2.52
2.52
2.55
2.56
2.58
2.61
2.62
2.63
2.66
2.72
2.76
2.78
2.83
2.9
2.94
2.98
3.04
3.04
3.06
3.06
3.07
3.08
3.1
3.11
3.11
3.13
3.13
3.13
3.15
3.17
3.2
3.25
3.29
3.35
3.38
3.4
3.43
3.51
3.55
3.57
3.62
3.67
3.73
3.74
3.75
3.77
3.82
3.84
3.87
3.87
3.91
3.93
3.99
4.02
4.05
4.1
4.12
4.2
4.23
4.28
4.3
4.32
4.35
4.36
4.37
4.4
4.43
4.45
4.46
4.5
4.53
4.55
4.58
4.62
4.67
4.74
4.81
4.84
4.89
4.95
5.01
5.03
5.05
5.07
5.09
5.12
5.17
5.2
5.21
5.23
5.26
5.27
5.29
5.38
5.41
5.42
5.46
5.48
5.53
5.56
5.64
5.69
5.72
5.77
5.8
5.85
5.88
5.9
5.97
6.01
6.07
6.13
6.19
6.23
6.26
6.31
6.32
6.41
6.45
6.5
6.53
6.57
6.63
6.65
6.69
6.76
6.79
6.85
6.89
6.99
7.04
7.07
7.13
7.2
7.25
7.31
7.35
7.42
7.45
7.53
7.62
7.67
7.74
7.79
7.87
7.9
7.99
8.04
8.14
8.25
8.29
8.38
8.47
8.55
8.63
8.73
8.81
8.86
8.96
9.07
9.14
9.21
9.32
9.37
9.47
9.54
9.66
9.76
9.83
9.94
10.02
10.14
10.22
10.33
10.42
10.54
10.65
10.77
10.97
11.1
11.25
11.4
11.53
11.69
11.85
11.94
12.02
12.23
12.44
12.63
12.87
13.04
13.25
13.44
13.64
13.86
14.13
14.47
14.77
15.27
15.76
16.24
16.72
17.23
18.09
19.21
20.97
22.9
25.98
31.38
35.97
