0.152489
0.152489
0.15476
0.15476
0.156591
0.156591
0.158987
0.159044
0.161582
0.16194
0.165305
0.165919
0.16872
0.169182
0.17218
0.173181
0.176088
0.177248
0.180509
0.181379
0.184201
0.185208
0.187845
0.188925
0.192134
0.193284
0.19591
0.197461
0.199908
0.201154
0.203268
0.204548
0.206246
0.207667
0.209501
0.21095
0.213185
0.214849
0.216746
0.218324
0.219548
0.221479
0.222759
0.224373
0.225739
0.227178
0.229084
0.230521
0.232275
0.233648
0.234955
0.236298
0.237959
0.239702
0.241604
0.243371
0.245584
0.247672
0.249349
0.250706
0.252051
0.25325
0.255109
0.256419
0.257959
0.259581
0.261185
0.262574
0.26441
0.266126
0.267866
0.269839
0.271602
0.272957
0.274546
0.276251
0.277889
0.2792
0.280886
0.282226
0.283432
0.28513
0.286562
0.288358
0.289499
0.291186
0.291989
0.29366
0.294668
0.295919
0.296894
0.298544
0.299552
0.300589
0.301742
0.302726
0.303583
0.304892
0.306023
0.307559
0.308698
0.309683
0.311168
0.312426
0.313517
0.314769
0.315806
0.317247
0.318351
0.319582
0.320628
0.321645
0.322941
0.324251
0.325535
0.326524
0.327854
0.329205
0.330928
0.332001
0.333091
0.33449
0.335755
0.337001
0.337987
0.339071
0.340088
0.341236
0.342338
0.344045
0.34528
0.346669
0.347545
0.348679
0.349566
0.350754
0.351694
0.352901
0.354109
0.355531
0.356556
0.357662
0.358816
0.359796
0.360796
0.361691
0.36271
0.363757
0.364918
0.366207
0.367441
0.36834
0.369411
0.370342
0.371466
0.372284
0.373119
0.374165
0.375254
0.376286
0.37735
0.378526
0.37937
0.380288
0.381244
0.382524
0.383918
0.384999
0.386043
0.387279
0.388281
0.389139
0.390185
0.391514
0.392499
0.393796
0.395082
0.396283
0.397305
0.398672
0.399558
0.400551
0.401624
0.402793
0.403894
0.404885
0.406022
0.406964
0.408053
0.4095
0.410481
0.411687
0.412835
0.413635
0.415063
0.415944
0.417076
0.418196
0.419289
0.420345
0.421804
0.422884
0.424162
0.425629
0.426753
0.427839
0.429256
0.430526
0.431541
0.433062
0.434368
0.43583
0.437182
0.438417
0.439846
0.440938
0.442207
0.443194
0.444511
0.446174
0.447811
0.448954
0.450305
0.451353
0.452853
0.45434
0.455675
0.456494
0.45775
0.459005
0.460509
0.462199
0.463403
0.464768
0.466034
0.467399
0.468391
0.469399
0.470777
0.472074
0.473381
0.474553
0.47597
0.477351
0.478572
0.479977
0.481464
0.482587
0.483834
0.485094
0.486544
0.487816
0.488982
0.490231
0.491571
0.49294
0.494455
0.495485
0.496958
0.498214
0.499505
0.500734
0.501962
0.503504
0.504834
0.506194
0.507386
0.508955
0.510239
0.511237
0.512585
0.514021
0.51575
0.517073
0.518344
0.519775
0.521535
0.522927
0.524184
0.525876
0.527334
0.529096
0.530548
0.532199
0.533538
0.534998
0.536761
0.538332
0.539893
0.541211
0.542482
0.543971
0.545863
0.547784
0.549269
0.55088
0.552436
0.554208
0.556005
0.557682
0.55933
0.560721
0.562789
0.564438
0.566283
0.567934
0.569209
0.571075
0.572734
0.574515
0.576086
0.577987
0.580152
0.582238
0.584111
0.585839
0.588018
0.590195
0.591936
0.593725
0.595558
0.597356
0.599239
0.601047
0.602837
0.604735
0.606602
0.608642
0.610485
0.611878
0.613925
0.615666
0.617762
0.619181
0.621324
0.623509
0.625278
0.627441
0.629335
0.631425
0.633596
0.635362
0.637586
0.639737
0.642017
0.643959
0.645759
0.64816
0.650346
0.652424
0.654557
0.656983
0.659887
0.663233
0.665767
0.668967
0.671595
0.674665
0.677433
0.680269
0.683126
0.685943
0.688698
0.691543
0.693998
0.69739
0.700056
0.702781
0.706219
0.709055
0.712342
0.714932
0.717642
0.721365
0.724669
0.728403
0.7306
0.73397
0.737465
0.741288
0.745362
0.748345
0.752126
0.755928
0.759163
0.762115
0.764866
0.76895
0.772074
0.774533
0.778729
0.781869
0.785667
0.788976
0.792426
0.796296
0.799932
0.803467
0.806955
0.809932
0.813938
0.818009
0.822897
0.827425
0.831996
0.836377
0.841802
0.846843
0.852783
0.857499
0.863352
0.869411
0.875789
0.883086
0.891283
0.899236
0.908213
0.918362
0.925154
0.935254
0.942646
0.949681
0.957011
0.964053
0.970392
0.977051
0.985704
0.992784
1.00089
1.0092
1.01547
1.02572
1.03672
1.04836
1.06135
1.07383
1.0893
1.10797
1.12748
1.14838
1.16974
1.19098
1.2105
1.22794
1.2602
1.29249
1.31885
1.34613
1.37779
1.65595
