0.328
0.328
0.329
0.33
0.33
0.33
0.331
0.331
0.332
0.333
0.333
0.334
0.334
0.334
0.335
0.336
0.338
0.338
0.338
0.339
0.34
0.34
0.34
0.341
0.341
0.343
0.343
0.344
0.344
0.346
0.348
0.348
0.348
0.348
0.348
0.348
0.348
0.348
0.348
0.349
0.35
0.351
0.352
0.354
0.355
0.355
0.355
0.356
0.356
0.356
0.357
0.359
0.359
0.36
0.362
0.365
0.366
0.37
0.37
0.373
0.377
0.383
0.385
0.387
0.39
0.393
0.4
0.404
0.407
0.41
0.412
0.416
0.417
0.421
0.423
0.428
0.43
0.434
0.44
0.443
0.443
0.444
0.446
0.451
0.453
0.454
0.456
0.457
0.459
0.462
0.463
0.465
0.468
0.47
0.472
0.473
0.473
0.475
0.476
0.477
0.479
0.48
0.482
0.485
0.489
0.492
0.496
0.499
0.499
0.501
0.506
0.511
0.512
0.516
0.521
0.524
0.528
0.533
0.539
0.54
0.544
0.55
0.552
0.554
0.557
0.56
0.56
0.562
0.564
0.566
0.568
0.572
0.574
0.577
0.58
0.583
0.586
0.589
0.589
0.591
0.594
0.598
0.599
0.606
0.61
0.611
0.613
0.616
0.617
0.625
0.632
0.636
0.642
0.647
0.649
0.653
0.656
0.657
0.661
0.662
0.666
0.667
0.671
0.672
0.672
0.673
0.674
0.677
0.679
0.68
0.682
0.684
0.687
0.69
0.693
0.697
0.704
0.707
0.711
0.716
0.721
0.725
0.731
0.734
0.74
0.742
0.743
0.749
0.751
0.753
0.757
0.758
0.759
0.762
0.764
0.766
0.767
0.77
0.77
0.772
0.773
0.776
0.778
0.781
0.783
0.789
0.791
0.794
0.798
0.805
0.808
0.812
0.816
0.821
0.824
0.829
0.835
0.838
0.841
0.843
0.846
0.849
0.85
0.853
0.855
0.859
0.86
0.862
0.867
0.87
0.877
0.88
0.883
0.887
0.889
0.89
0.893
0.894
0.896
0.898
0.904
0.908
0.911
0.912
0.919
0.921
0.923
0.927
0.931
0.937
0.94
0.946
0.948
0.95
0.956
0.961
0.965
0.966
0.966
0.968
0.97
0.97
0.97
0.971
0.973
0.974
0.975
0.977
0.977
0.979
0.982
0.986
0.989
0.993
1.0
1.004
1.004
1.008
1.012
1.017
1.022
1.027
1.031
1.037
1.042
1.045
1.051
1.051
1.052
1.054
1.056
1.058
1.059
1.06
1.061
1.063
1.063
1.065
1.07
1.07
1.074
1.078
1.08
1.081
1.083
1.085
1.087
1.089
1.091
1.092
1.094
1.101
1.103
1.103
1.108
1.112
1.116
1.119
1.121
1.123
1.127
1.128
1.131
1.133
1.139
1.142
1.142
1.146
1.149
1.154
1.155
1.158
1.16
1.164
1.17
1.172
1.176
1.18
1.183
1.186
1.189
1.191
1.191
1.191
1.191
1.193
1.196
1.198
1.203
1.205
1.209
1.212
1.213
1.217
1.219
1.221
1.221
1.222
1.226
1.229
1.231
1.233
1.235
1.236
1.237
1.241
1.244
1.247
1.25
1.251
1.254
1.256
1.259
1.264
1.264
1.265
1.267
1.269
1.272
1.274
1.274
1.276
1.276
1.28
1.283
1.289
1.291
1.298
1.3
1.301
1.304
1.306
1.311
1.315
1.315
1.318
1.318
1.324
1.324
1.326
1.33
1.336
1.338
1.34
1.34
1.343
1.348
1.35
1.353
1.356
1.359
1.36
1.363
1.366
1.368
1.374
1.377
1.378
1.38
1.383
1.384
1.385
1.39
1.391
1.393
1.395
1.399
1.4
1.401
1.403
1.407
1.409
1.412
1.415
1.42
1.421
1.424
1.425
1.427
1.433
1.44
1.441
1.443
1.448
1.449
1.452
1.456
1.458
1.462
1.464
1.467
1.467
1.47
1.472
1.472
1.479
1.481
1.481
1.484
1.488
1.488
1.491
1.494
1.498
1.504
1.506
1.511
1.514
1.517
1.52
1.524
1.528
1.532
1.533
1.536
1.537
1.539
1.54
1.54
1.541
1.541
1.545
1.551
1.554
1.56
1.565
1.568
1.57
1.574
1.579
1.582
1.585
1.589
1.593
1.599
1.602
1.603
1.606
1.608
1.611
1.614
1.616
1.618
1.619
1.62
1.624
1.627
1.631
1.634
1.637
1.64
1.647
1.648
1.653
1.654
1.656
1.657
1.66
1.664
1.67
1.673
1.673
1.677
1.681
1.683
1.685
1.687
1.694
1.696
1.699
1.703
1.707
1.71
1.714
1.716
1.72
1.724
1.727
1.73
1.73
1.736
1.742
1.744
1.751
1.754
1.759
1.761
1.763
1.764
1.767
1.769
1.773
1.774
1.778
1.782
1.788
1.791
1.795
1.798
1.802
1.803
1.808
1.813
1.817
1.823
1.825
1.826
1.828
1.832
1.835
1.836
1.84
1.844
1.85
1.851
1.852
1.855
1.859
1.863
1.867
1.873
1.877
1.879
1.88
1.885
1.888
1.889
1.893
1.898
1.902
1.904
1.911
1.914
1.921
1.925
1.929
1.932
1.932
1.935
1.938
1.94
1.942
1.946
1.952
1.956
1.963
1.965
1.971
1.977
1.981
1.989
1.994
1.998
2.0
2.004
2.007
2.01
2.013
2.014
2.017
2.021
2.026
2.031
2.041
2.048
2.052
2.056
2.06
2.065
2.07
2.074
2.078
2.08
2.084
2.089
2.092
2.097
2.101
2.105
2.108
2.114
2.12
2.126
2.134
2.137
2.141
2.146
2.15
2.155
2.159
2.168
2.173
2.174
2.183
2.187
2.193
2.198
2.204
2.206
2.211
2.217
2.22
2.221
2.23
2.237
2.245
2.255
2.256
2.264
2.271
2.274
2.28
2.29
2.292
2.3
2.309
2.314
2.321
2.327
2.332
2.34
2.346
2.357
2.365
2.369
2.377
2.386
2.395
2.4
2.409
2.416
2.424
2.431
2.439
2.454
2.462
2.469
2.478
2.483
2.49
2.505
2.513
2.519
2.528
2.542
2.549
2.56
2.574
2.582
2.595
2.611
2.621
2.633
2.643
2.662
2.672
2.687
2.695
2.708
2.724
2.742
2.756
2.777
2.793
2.805
2.824
2.842
2.864
2.878
2.897
2.924
2.945
2.967
2.99
3.007
3.033
3.054
3.079
3.1
3.131
3.166
3.203
3.244
3.284
3.336
3.415
3.457
3.56
3.667
4.246
