0.36
0.58
0.65
0.66
0.67
0.7
0.73
0.74
0.74
0.75
0.78
0.79
0.8
0.83
0.84
0.84
0.86
0.88
0.93
1.04
1.14
1.27
1.33
1.39
1.41
1.44
1.5
1.53
1.56
1.56
1.57
1.59
1.59
1.6
1.61
1.62
1.62
1.62
1.64
1.64
1.64
1.64
1.64
1.67
1.68
1.73
1.79
1.89
1.91
1.92
1.96
1.98
2.01
2.07
2.13
2.14
2.15
2.18
2.2
2.23
2.27
2.28
2.31
2.32
2.34
2.38
2.39
2.41
2.46
2.51
2.59
2.64
2.69
2.76
2.8
2.82
2.84
2.91
2.91
2.93
2.94
2.95
2.96
2.99
3.0
3.04
3.09
3.13
3.17
3.23
3.27
3.32
3.37
3.4
3.46
3.49
3.52
3.59
3.67
3.69
3.74
3.79
3.82
3.83
3.88
3.92
3.96
4.04
4.09
4.13
4.17
4.2
4.26
4.32
4.35
4.4
4.46
4.5
4.55
4.62
4.66
4.73
4.78
4.85
4.92
4.96
5.04
5.11
5.14
5.19
5.26
5.29
5.33
5.38
5.43
5.52
5.56
5.6
5.62
5.72
5.85
5.9
5.96
6.01
6.1
6.18
6.24
6.3
6.39
6.47
6.58
6.73
6.83
6.94
7.03
7.12
7.25
7.42
7.52
7.58
7.66
7.8
8.0
8.09
8.23
8.38
8.45
8.51
8.61
8.78
8.93
9.08
9.22
9.35
9.46
9.61
9.73
9.85
9.99
10.17
10.34
10.5
10.78
10.97
11.24
11.47
11.82
12.11
12.6
13.02
13.3
13.84
14.32
14.82
15.81
16.62
17.34
18.31
20.38
24.03
