0.328
0.328
0.328
0.328
0.328
0.328
0.328
0.329
0.33
0.332
0.332
0.334
0.336
0.336
0.336
0.337
0.337
0.339
0.34
0.34
0.34
0.343
0.346
0.347
0.349
0.353
0.354
0.358
0.361
0.365
0.369
0.374
0.378
0.383
0.387
0.397
0.404
0.415
0.423
0.428
0.432
0.435
0.441
0.448
0.453
0.457
0.461
0.468
0.474
0.48
0.484
0.488
0.496
0.505
0.514
0.524
0.531
0.536
0.541
0.553
0.562
0.571
0.577
0.583
0.593
0.597
0.607
0.611
0.627
0.636
0.644
0.647
0.652
0.661
0.67
0.68
0.699
0.705
0.712
0.72
0.724
0.731
0.74
0.747
0.76
0.774
0.783
0.791
0.802
0.808
0.819
0.833
0.844
0.852
0.865
0.874
0.881
0.888
0.9
0.915
0.931
0.948
0.953
0.96
0.972
0.987
1.001
1.015
1.022
1.033
1.049
1.064
1.075
1.087
1.1
1.12
1.134
1.147
1.158
1.168
1.184
1.2
1.209
1.223
1.24
1.254
1.262
1.283
1.292
1.303
1.321
1.336
1.347
1.36
1.374
1.389
1.407
1.417
1.431
1.441
1.456
1.475
1.487
1.501
1.513
1.523
1.541
1.553
1.564
1.581
1.6
1.616
1.633
1.651
1.667
1.681
1.702
1.72
1.745
1.76
1.776
1.796
1.813
1.833
1.857
1.879
1.895
1.918
1.946
1.972
1.994
2.023
2.048
2.07
2.105
2.14
2.175
2.212
2.25
2.291
2.332
2.366
2.419
2.468
2.511
2.569
2.623
2.688
2.783
2.886
3.023
3.195
3.32
3.502
3.807
4.009
4.528
4.613
4.75
5.131
