0.154088
0.154088
0.170245
0.170245
0.181744
0.181744
0.181975
0.181975
0.191717
0.19444
0.19444
0.19614
0.19614
0.206133
0.206133
0.209829
0.209829
0.224848
0.224848
0.225756
0.231273
0.231273
0.238545
0.238545
0.23863
0.245291
0.245291
0.251721
0.251721
0.256197
0.256197
0.257678
0.257678
0.266183
0.266183
0.276639
0.276639
0.278768
0.278768
0.286184
0.286184
0.29386
0.29386
0.300152
0.308967
0.313037
0.313037
0.313498
0.313498
0.314918
0.314918
0.315709
0.318577
0.318577
0.322276
0.322276
0.322501
0.325683
0.328164
0.328164
0.330393
0.330393
0.331938
0.336355
0.336355
0.338717
0.347742
0.350411
0.350411
0.350927
0.350927
0.359466
0.359663
0.359663
0.362209
0.364834
0.365229
0.371537
0.371537
0.372232
0.372232
0.376
0.376
0.379321
0.379321
0.383715
0.383715
0.38492
0.385237
0.393472
0.393472
0.394333
0.394333
0.400485
0.400485
0.401489
0.401489
0.402286
0.402819
0.41506
0.41506
0.4157
0.4157
0.416258
0.416258
0.417798
0.417798
0.418871
0.42035
0.424153
0.425259
0.425259
0.438753
0.438753
0.440882
0.442131
0.44494
0.446186
0.447068
0.447068
0.449335
0.462932
0.463364
0.466631
0.468706
0.468706
0.4791
0.4791
0.484984
0.484984
0.488689
0.489745
0.491842
0.493749
0.493749
0.493988
0.494932
0.495438
0.495438
0.497616
0.507215
0.507215
0.510722
0.510984
0.518486
0.521793
0.521793
0.52296
0.525136
0.525136
0.5266
0.5266
0.528522
0.528522
0.528524
0.529673
0.529673
0.536219
0.536788
0.536788
0.53968
0.540064
0.540064
0.540999
0.550726
0.550726
0.555063
0.556139
0.556139
0.556596
0.558845
0.562688
0.564693
0.572243
0.572243
0.572486
0.572486
0.574442
0.577531
0.577531
0.585416
0.586245
0.586245
0.588649
0.588722
0.591755
0.596688
0.598882
0.599225
0.599225
0.603742
0.603742
0.610983
0.615684
0.615684
0.618303
0.622522
0.623103
0.623103
0.626267
0.628447
0.630374
0.631315
0.631373
0.631373
0.635554
0.639291
0.642484
0.657314
0.675021
0.675021
0.691386
0.691386
0.693874
0.699383
0.699383
0.704526
0.704526
0.741729
0.741729
0.750461
0.757088
0.757088
0.772614
0.772614
0.780859
0.786561
0.797192
0.797192
0.798017
0.798017
0.798075
0.799433
0.800178
0.800178
0.800518
0.814824
0.819039
0.823639
0.827429
0.827429
0.83183
0.833825
0.833825
0.851537
0.860473
0.860473
0.86563
0.868002
0.868002
0.890283
0.905855
0.918922
0.932477
0.952468
0.959369
0.964389
0.990199
0.998766
0.998766
1.01008
1.02495
1.02659
1.03704
1.07049
1.07658
1.08831
1.09769
1.09987
1.11095
1.12894
1.12894
1.12928
1.13997
1.16398
1.17079
1.21609
1.22691
1.27006
1.27045
1.29704
1.29756
1.32361
1.32948
1.35495
1.38653
1.39402
1.43412
1.43412
1.47876
1.50851
1.51757
1.52334
1.61188
1.68202
1.82548
1.8654
1.89885
2.12059
2.35729
