0.328
0.328
0.328
0.328
0.328
0.328
0.328
0.329
0.33
0.33
0.331
0.331
0.333
0.334
0.334
0.334
0.334
0.334
0.334
0.334
0.334
0.334
0.336
0.337
0.338
0.338
0.338
0.338
0.338
0.339
0.341
0.341
0.342
0.342
0.342
0.343
0.343
0.343
0.343
0.344
0.346
0.348
0.348
0.351
0.353
0.358
0.361
0.364
0.366
0.371
0.375
0.378
0.382
0.386
0.391
0.392
0.394
0.398
0.398
0.403
0.406
0.411
0.417
0.422
0.426
0.428
0.431
0.433
0.436
0.436
0.439
0.443
0.445
0.449
0.451
0.452
0.453
0.457
0.458
0.46
0.462
0.464
0.465
0.469
0.473
0.476
0.477
0.482
0.487
0.49
0.493
0.495
0.496
0.498
0.499
0.5
0.503
0.509
0.517
0.519
0.521
0.524
0.525
0.529
0.534
0.535
0.538
0.541
0.543
0.544
0.545
0.547
0.554
0.555
0.563
0.57
0.575
0.581
0.585
0.587
0.589
0.591
0.593
0.596
0.596
0.599
0.605
0.607
0.609
0.612
0.614
0.617
0.618
0.623
0.628
0.631
0.635
0.638
0.64
0.642
0.645
0.647
0.653
0.657
0.661
0.664
0.667
0.671
0.672
0.676
0.68
0.684
0.693
0.696
0.703
0.706
0.71
0.711
0.715
0.717
0.722
0.725
0.73
0.731
0.734
0.735
0.739
0.744
0.747
0.747
0.747
0.748
0.754
0.758
0.759
0.762
0.767
0.769
0.774
0.782
0.784
0.789
0.796
0.798
0.801
0.807
0.809
0.812
0.817
0.819
0.821
0.824
0.826
0.826
0.829
0.831
0.833
0.835
0.838
0.841
0.844
0.846
0.85
0.851
0.854
0.858
0.862
0.864
0.87
0.874
0.876
0.88
0.883
0.888
0.89
0.893
0.895
0.897
0.908
0.913
0.915
0.92
0.927
0.929
0.93
0.934
0.937
0.941
0.946
0.948
0.955
0.958
0.963
0.967
0.969
0.972
0.976
0.98
0.981
0.982
0.984
0.988
0.991
0.994
0.996
1.003
1.01
1.016
1.019
1.023
1.026
1.03
1.036
1.04
1.045
1.049
1.05
1.051
1.053
1.054
1.057
1.057
1.061
1.063
1.065
1.068
1.071
1.074
1.079
1.083
1.084
1.087
1.094
1.097
1.104
1.11
1.117
1.124
1.126
1.131
1.136
1.14
1.145
1.146
1.149
1.151
1.152
1.153
1.153
1.158
1.159
1.162
1.164
1.168
1.171
1.174
1.177
1.182
1.183
1.185
1.191
1.197
1.202
1.204
1.21
1.214
1.216
1.22
1.227
1.233
1.235
1.235
1.241
1.245
1.247
1.25
1.256
1.258
1.26
1.263
1.267
1.269
1.27
1.275
1.278
1.279
1.281
1.285
1.29
1.292
1.293
1.299
1.3
1.306
1.307
1.312
1.312
1.316
1.321
1.325
1.326
1.334
1.343
1.344
1.347
1.35
1.35
1.353
1.356
1.36
1.362
1.366
1.368
1.371
1.375
1.375
1.38
1.382
1.387
1.389
1.392
1.396
1.4
1.403
1.407
1.411
1.415
1.417
1.425
1.428
1.432
1.437
1.443
1.444
1.447
1.45
1.452
1.457
1.459
1.465
1.466
1.469
1.471
1.475
1.479
1.486
1.487
1.487
1.491
1.496
1.501
1.508
1.511
1.516
1.518
1.524
1.526
1.529
1.533
1.536
1.538
1.547
1.55
1.553
1.557
1.56
1.562
1.566
1.567
1.575
1.581
1.584
1.586
1.592
1.6
1.605
1.609
1.611
1.613
1.615
1.618
1.619
1.623
1.625
1.626
1.63
1.633
1.637
1.64
1.646
1.649
1.656
1.663
1.668
1.673
1.679
1.681
1.685
1.69
1.691
1.692
1.694
1.696
1.698
1.699
1.699
1.705
1.708
1.713
1.719
1.724
1.726
1.734
1.74
1.743
1.751
1.753
1.757
1.76
1.763
1.766
1.77
1.772
1.776
1.779
1.782
1.784
1.79
1.795
1.797
1.8
1.805
1.809
1.814
1.818
1.821
1.824
1.828
1.83
1.836
1.842
1.846
1.848
1.85
1.855
1.859
1.862
1.868
1.87
1.877
1.881
1.886
1.891
1.893
1.898
1.901
1.906
1.907
1.911
1.914
1.919
1.92
1.925
1.93
1.935
1.938
1.939
1.944
1.947
1.952
1.958
1.961
1.963
1.967
1.971
1.975
1.979
1.983
1.987
1.991
1.993
1.997
1.998
2.002
2.009
2.014
2.016
2.022
2.025
2.028
2.032
2.038
2.04
2.045
2.048
2.053
2.056
2.061
2.063
2.067
2.07
2.073
2.075
2.079
2.081
2.087
2.094
2.099
2.1
2.104
2.108
2.114
2.12
2.122
2.126
2.13
2.134
2.137
2.141
2.146
2.151
2.153
2.158
2.165
2.167
2.17
2.174
2.18
2.181
2.183
2.189
2.192
2.196
2.198
2.204
2.208
2.21
2.212
2.214
2.222
2.23
2.234
2.241
2.248
2.249
2.252
2.258
2.264
2.265
2.268
2.274
2.276
2.28
2.282
2.287
2.293
2.294
2.295
2.304
2.309
2.316
2.321
2.326
2.328
2.332
2.338
2.342
2.347
2.348
2.355
2.359
2.365
2.368
2.373
2.377
2.38
2.389
2.396
2.401
2.405
2.409
2.413
2.415
2.42
2.426
2.43
2.435
2.438
2.442
2.449
2.453
2.453
2.461
2.466
2.471
2.478
2.484
2.487
2.491
2.496
2.499
2.506
2.511
2.515
2.52
2.525
2.527
2.535
2.542
2.545
2.551
2.557
2.562
2.568
2.575
2.581
2.586
2.59
2.595
2.599
2.606
2.611
2.612
2.619
2.625
2.628
2.642
2.648
2.657
2.659
2.664
2.67
2.677
2.682
2.688
2.695
2.703
2.706
2.716
2.723
2.726
2.738
2.75
2.757
2.763
2.77
2.777
2.785
2.789
2.799
2.808
2.816
2.83
2.834
2.841
2.847
2.859
2.867
2.873
2.878
2.888
2.895
2.901
2.911
2.919
2.929
2.938
2.947
2.956
2.973
2.978
2.989
2.995
3.011
3.02
3.03
3.037
3.052
3.066
3.074
3.086
3.1
3.112
3.127
3.145
3.154
3.173
3.183
3.194
3.217
3.232
3.25
3.269
3.293
3.306
3.327
3.347
3.368
3.416
3.441
3.477
3.523
3.555
3.589
3.623
3.685
3.734
3.81
4.003
4.403
