0.328
0.328
0.328
0.328
0.328
0.328
0.33
0.33
0.332
0.332
0.332
0.333
0.334
0.335
0.335
0.336
0.336
0.338
0.339
0.339
0.339
0.34
0.342
0.343
0.348
0.348
0.354
0.359
0.363
0.37
0.378
0.387
0.397
0.402
0.409
0.415
0.418
0.424
0.428
0.438
0.441
0.448
0.456
0.464
0.476
0.484
0.492
0.497
0.506
0.51
0.514
0.517
0.526
0.537
0.547
0.562
0.57
0.578
0.588
0.596
0.609
0.616
0.62
0.629
0.643
0.652
0.666
0.677
0.691
0.704
0.71
0.72
0.73
0.744
0.757
0.766
0.783
0.802
0.811
0.818
0.832
0.85
0.856
0.865
0.885
0.901
0.911
0.924
0.941
0.953
0.967
0.99
1.005
1.014
1.029
1.051
1.063
1.078
1.098
1.113
1.138
1.158
1.178
1.196
1.223
1.246
1.267
1.298
1.32
1.349
1.373
1.402
1.426
1.46
1.49
1.516
1.546
1.569
1.606
1.634
1.677
1.717
1.767
1.824
1.874
1.929
1.979
2.019
2.063
2.112
2.16
2.222
2.311
2.434
2.5
2.573
2.642
2.714
2.805
2.884
2.994
3.144
3.239
3.357
3.621
3.857
4.029
4.199
4.667
5.461
