0.26
0.42
0.48
0.54
0.64
0.72
0.75
0.77
0.78
0.78
0.79
0.83
0.85
0.92
0.94
0.97
0.98
0.98
1.02
1.03
1.09
1.14
1.16
1.17
1.17
1.19
1.21
1.23
1.24
1.27
1.29
1.3
1.35
1.38
1.39
1.43
1.47
1.49
1.52
1.55
1.58
1.58
1.63
1.67
1.72
1.76
1.81
1.84
1.86
1.87
1.91
1.93
1.95
1.97
1.97
1.99
2.03
2.06
2.09
2.11
2.13
2.14
2.15
2.18
2.2
2.22
2.25
2.26
2.27
2.3
2.3
2.3
2.32
2.36
2.41
2.43
2.45
2.48
2.49
2.51
2.56
2.58
2.59
2.6
2.64
2.66
2.66
2.68
2.68
2.71
2.74
2.77
2.79
2.84
2.86
2.87
2.93
2.96
3.0
3.08
3.11
3.13
3.18
3.21
3.24
3.27
3.3
3.31
3.33
3.35
3.39
3.44
3.47
3.47
3.5
3.52
3.54
3.57
3.6
3.61
3.62
3.64
3.65
3.66
3.7
3.75
3.78
3.85
3.91
3.93
3.98
4.02
4.09
4.1
4.12
4.18
4.24
4.29
4.3
4.33
4.36
4.39
4.46
4.5
4.54
4.57
4.59
4.64
4.66
4.76
4.8
4.82
4.87
4.94
5.02
5.05
5.15
5.2
5.21
5.28
5.36
5.41
5.47
5.66
5.71
5.8
5.83
5.87
5.94
6.06
6.13
6.21
6.32
6.38
6.5
6.66
6.74
6.82
6.92
7.1
7.23
7.33
7.42
7.62
7.79
7.99
8.25
8.48
8.79
9.07
9.42
10.08
10.82
11.73
12.85
16.57
19.47
21.45
25.42
33.49
