0.328
0.328
0.328
0.328
0.328
0.328
0.328
0.328
0.328
0.329
0.329
0.33
0.33
0.33
0.331
0.332
0.332
0.332
0.333
0.334
0.335
0.335
0.335
0.337
0.337
0.338
0.339
0.341
0.348
0.349
0.35
0.352
0.353
0.357
0.357
0.363
0.364
0.369
0.375
0.378
0.38
0.382
0.385
0.392
0.395
0.397
0.4
0.405
0.411
0.415
0.417
0.421
0.423
0.43
0.433
0.443
0.448
0.457
0.463
0.472
0.475
0.48
0.482
0.49
0.492
0.494
0.497
0.5
0.503
0.507
0.51
0.514
0.517
0.521
0.527
0.533
0.536
0.541
0.546
0.55
0.554
0.562
0.571
0.577
0.581
0.593
0.597
0.603
0.609
0.617
0.621
0.627
0.627
0.629
0.632
0.642
0.645
0.654
0.662
0.666
0.674
0.678
0.683
0.691
0.699
0.708
0.713
0.721
0.725
0.736
0.741
0.748
0.753
0.758
0.762
0.765
0.767
0.776
0.785
0.79
0.797
0.806
0.822
0.831
0.836
0.843
0.85
0.854
0.858
0.862
0.869
0.874
0.882
0.891
0.895
0.905
0.914
0.921
0.934
0.939
0.951
0.953
0.957
0.962
0.97
0.971
0.977
0.98
0.989
1.001
1.01
1.021
1.026
1.035
1.044
1.05
1.058
1.07
1.078
1.086
1.089
1.095
1.097
1.104
1.114
1.122
1.134
1.149
1.16
1.169
1.18
1.192
1.198
1.205
1.209
1.216
1.224
1.23
1.24
1.252
1.262
1.273
1.287
1.296
1.306
1.321
1.326
1.334
1.34
1.352
1.366
1.378
1.39
1.403
1.412
1.427
1.439
1.448
1.464
1.48
1.491
1.495
1.513
1.53
1.546
1.555
1.574
1.589
1.606
1.626
1.645
1.662
1.673
1.691
1.707
1.737
1.754
1.774
1.794
1.811
1.836
1.862
1.896
1.922
1.948
1.98
2.009
2.051
2.094
2.137
2.179
2.236
2.286
2.346
2.394
2.451
2.53
2.706
2.872
2.98
3.075
3.2
3.385
3.525
3.662
3.901
4.074
4.743
4.91
5.046
