0.05
0.08
0.17
0.29
0.38
0.5
0.56
0.68
0.76
0.79
0.8
0.81
0.83
0.86
0.88
0.89
0.92
0.92
0.92
0.95
0.95
0.95
0.97
0.98
0.99
0.99
1.0
1.02
1.02
1.03
1.03
1.04
1.06
1.06
1.07
1.09
1.1
1.11
1.15
1.17
1.18
1.2
1.2
1.21
1.22
1.24
1.31
1.34
1.39
1.44
1.45
1.47
1.49
1.53
1.56
1.57
1.57
1.59
1.62
1.64
1.65
1.68
1.71
1.73
1.74
1.76
1.79
1.82
1.87
1.88
1.88
1.92
1.94
1.98
1.98
1.98
2.01
2.03
2.03
2.04
2.06
2.07
2.08
2.1
2.12
2.18
2.22
2.23
2.25
2.28
2.28
2.29
2.34
2.37
2.38
2.38
2.4
2.41
2.44
2.46
2.47
2.5
2.5
2.51
2.53
2.55
2.56
2.57
2.57
2.58
2.6
2.61
2.65
2.66
2.67
2.68
2.7
2.72
2.74
2.77
2.77
2.83
2.83
2.86
2.88
2.88
2.92
2.93
2.94
2.98
3.02
3.06
3.1
3.13
3.17
3.19
3.19
3.25
3.3
3.33
3.35
3.37
3.38
3.44
3.45
3.48
3.49
3.5
3.52
3.53
3.56
3.61
3.64
3.65
3.67
3.68
3.7
3.73
3.74
3.76
3.79
3.85
3.89
3.91
3.93
3.93
3.97
3.98
3.99
4.0
4.05
4.08
4.12
4.15
4.17
4.22
4.22
4.23
4.24
4.26
4.28
4.31
4.34
4.38
4.4
4.41
4.44
4.49
4.55
4.61
4.64
4.68
4.72
4.76
4.83
4.86
4.9
4.91
4.98
5.0
5.01
5.03
5.06
5.08
5.09
5.13
5.15
5.19
5.24
5.31
5.36
5.39
5.41
5.45
5.47
5.5
5.52
5.56
5.63
5.67
5.69
5.7
5.74
5.81
5.83
5.86
5.92
5.96
6.05
6.09
6.12
6.15
6.24
6.29
6.31
6.37
6.42
6.47
6.48
6.5
6.57
6.61
6.65
6.7
6.8
6.84
6.87
6.93
6.98
7.05
7.1
7.19
7.26
7.3
7.33
7.35
7.37
7.41
7.45
7.49
7.56
7.59
7.67
7.72
7.78
7.84
7.95
8.03
8.11
8.13
8.16
8.21
8.26
8.29
8.31
8.35
8.38
8.51
8.62
8.66
8.73
8.77
8.8
8.92
8.99
9.04
9.09
9.21
9.25
9.3
9.34
9.4
9.47
9.51
9.6
9.71
9.87
9.92
10.0
10.11
10.15
10.26
10.34
10.41
10.52
10.61
10.71
10.78
10.85
10.97
11.03
11.14
11.24
11.36
11.46
11.59
11.73
11.8
11.88
12.02
12.17
12.29
12.44
12.58
12.76
12.91
13.03
13.21
13.42
13.61
13.87
14.17
14.33
14.63
14.92
15.19
15.6
15.92
16.38
17.01
17.75
18.3
19.29
19.81
20.52
21.65
22.56
23.7
25.99
30.22
