0.154855
0.154855
0.161222
0.161222
0.170328
0.170328
0.178313
0.178641
0.186214
0.18631
0.194059
0.194667
0.201111
0.202465
0.208861
0.209639
0.215013
0.217104
0.223168
0.225197
0.230449
0.232361
0.235571
0.237621
0.240768
0.242411
0.246764
0.248634
0.251479
0.253775
0.257186
0.259555
0.262178
0.264027
0.266815
0.268396
0.271189
0.272644
0.275369
0.277579
0.280107
0.281766
0.284477
0.286703
0.288826
0.290529
0.29265
0.294572
0.296631
0.298297
0.300325
0.301861
0.303626
0.305196
0.307461
0.30838
0.310338
0.31174
0.314627
0.316129
0.318109
0.31933
0.321306
0.322681
0.324779
0.326401
0.328156
0.329323
0.331393
0.333053
0.334387
0.336045
0.337955
0.33922
0.34106
0.342666
0.34426
0.345585
0.34731
0.348917
0.350509
0.352229
0.354225
0.355557
0.357279
0.358648
0.360327
0.362122
0.36371
0.365451
0.367617
0.368762
0.370816
0.372788
0.374513
0.376183
0.377618
0.379153
0.381051
0.382322
0.384028
0.385813
0.387273
0.388529
0.390134
0.391866
0.39366
0.395231
0.396863
0.398707
0.400378
0.401857
0.403324
0.404512
0.405783
0.407133
0.408335
0.409664
0.410933
0.412075
0.413516
0.414952
0.416197
0.417438
0.418823
0.420041
0.421524
0.422798
0.424307
0.425635
0.427014
0.428824
0.429813
0.431519
0.43307
0.434818
0.436631
0.438151
0.439731
0.442041
0.443467
0.444914
0.446777
0.448743
0.450143
0.452
0.453763
0.455559
0.458011
0.460033
0.462078
0.463974
0.465924
0.468308
0.470286
0.472543
0.47436
0.476347
0.478388
0.479908
0.482367
0.484198
0.486354
0.488169
0.490009
0.491762
0.493549
0.495415
0.497774
0.499388
0.501545
0.50354
0.505798
0.50858
0.510343
0.511992
0.514514
0.516461
0.518132
0.5201
0.522362
0.524413
0.52691
0.528568
0.530642
0.53258
0.534872
0.537264
0.539223
0.541422
0.543852
0.545916
0.547829
0.549881
0.552166
0.554522
0.556485
0.559164
0.561592
0.56368
0.565717
0.568501
0.570701
0.572491
0.57479
0.577129
0.579547
0.58176
0.583695
0.585553
0.587077
0.588838
0.590873
0.593194
0.595241
0.597506
0.599637
0.60152
0.604028
0.606406
0.609047
0.611048
0.614115
0.616844
0.619325
0.621136
0.62399
0.625745
0.627553
0.62954
0.631834
0.634544
0.636661
0.639116
0.641408
0.643358
0.645437
0.648018
0.649634
0.652453
0.654501
0.656654
0.659236
0.661605
0.664392
0.66739
0.670163
0.673075
0.676348
0.679174
0.682541
0.68538
0.688483
0.691575
0.695115
0.697381
0.700481
0.704397
0.708492
0.711729
0.715543
0.718919
0.722347
0.726229
0.72974
0.733489
0.737764
0.741227
0.74463
0.748504
0.751269
0.755133
0.758062
0.761792
0.765642
0.768198
0.771766
0.775642
0.779934
0.78401
0.788483
0.791567
0.795493
0.799361
0.803202
0.806669
0.809448
0.812208
0.815549
0.819315
0.822274
0.825415
0.829166
0.832725
0.837156
0.841388
0.845495
0.850443
0.855218
0.860199
0.865575
0.870283
0.874297
0.880138
0.885853
0.892417
0.899239
0.905414
0.910887
0.917775
0.923799
0.92982
0.935326
0.941575
0.94836
0.955771
0.964698
0.972456
0.980662
0.988895
0.996764
1.00522
1.01371
1.02364
1.03143
1.04135
1.04973
1.06171
1.07129
1.08201
1.09453
1.10647
1.11605
1.12381
1.12818
1.13749
1.14673
1.15973
1.1767
1.193
1.21051
1.22846
1.26423
1.30501
1.34516
1.39853
1.44283
1.52178
1.64207
1.74493
