0.149854
0.149854
0.151808
0.151808
0.168137
0.168137
0.178364
0.178364
0.179454
0.179454
0.179517
0.179517
0.187638
0.187638
0.198984
0.198984
0.200381
0.200381
0.201124
0.201124
0.203556
0.203556
0.207001
0.207157
0.207157
0.212132
0.212132
0.212701
0.22556
0.22556
0.233588
0.234804
0.234804
0.240501
0.240501
0.242804
0.244935
0.244935
0.258706
0.258706
0.259501
0.259501
0.261304
0.261304
0.266396
0.266396
0.283387
0.283387
0.28539
0.28539
0.287272
0.287967
0.287967
0.292302
0.292576
0.293137
0.293137
0.295841
0.303512
0.304612
0.304612
0.30526
0.30526
0.307218
0.307218
0.307302
0.307302
0.311174
0.315835
0.315835
0.317546
0.317546
0.321969
0.325781
0.325781
0.326876
0.326876
0.326941
0.326941
0.328192
0.328192
0.328786
0.334282
0.334282
0.336079
0.336079
0.336129
0.337755
0.337755
0.34269
0.34269
0.34624
0.34624
0.349117
0.350566
0.350566
0.351539
0.351539
0.352836
0.352836
0.353335
0.354345
0.354345
0.354525
0.354525
0.359219
0.360234
0.360234
0.362389
0.362389
0.363213
0.363213
0.366042
0.366042
0.368541
0.369944
0.370526
0.373148
0.373148
0.374281
0.374281
0.374749
0.375151
0.375151
0.375796
0.375796
0.37632
0.37937
0.37937
0.380309
0.380309
0.384785
0.384785
0.386776
0.386776
0.388193
0.388193
0.392038
0.392038
0.392655
0.392884
0.394555
0.395752
0.395752
0.39585
0.396205
0.396205
0.396637
0.396637
0.402567
0.402567
0.403902
0.403902
0.40481
0.405034
0.409742
0.414281
0.414281
0.414282
0.416153
0.421444
0.421444
0.423323
0.424447
0.431717
0.432534
0.432534
0.434291
0.434291
0.439595
0.440899
0.446483
0.449311
0.449311
0.45338
0.455006
0.455006
0.456234
0.456234
0.458142
0.458142
0.459404
0.461887
0.461887
0.46677
0.46677
0.469275
0.469275
0.469532
0.469532
0.472359
0.472359
0.47268
0.47278
0.477008
0.477071
0.477071
0.479143
0.48023
0.483926
0.483992
0.485055
0.487701
0.487701
0.488136
0.488136
0.48879
0.488998
0.488998
0.489028
0.489028
0.491501
0.491501
0.49248
0.493512
0.497211
0.497211
0.497536
0.497536
0.498205
0.498205
0.501965
0.503431
0.50486
0.508403
0.508406
0.510684
0.510684
0.511358
0.511358
0.513412
0.513717
0.517717
0.517938
0.518634
0.518634
0.519924
0.521273
0.521387
0.526357
0.528552
0.529566
0.529566
0.537835
0.538969
0.540276
0.54501
0.545199
0.549147
0.554638
0.555638
0.555638
0.558139
0.559062
0.565905
0.565905
0.568063
0.568063
0.568528
0.568528
0.570966
0.573158
0.575271
0.576115
0.57925
0.580784
0.582335
0.584085
0.587473
0.588599
0.589674
0.589674
0.591073
0.597127
0.598318
0.606583
0.606583
0.614546
0.614684
0.616597
0.622717
0.625748
0.62757
0.62757
0.628403
0.633943
0.638706
0.638706
0.640382
0.642116
0.648719
0.648719
0.652472
0.653163
0.653313
0.658709
0.665073
0.668327
0.67332
0.67332
0.67361
0.683139
0.685694
0.685694
0.686167
0.691225
0.691225
0.692539
0.699848
0.70174
0.703339
0.710159
0.717486
0.720811
0.721651
0.721651
0.730185
0.733247
0.737639
0.737677
0.751736
0.751736
0.756878
0.765425
0.765425
0.769138
0.770508
0.776295
0.787646
0.787646
0.796357
0.810904
0.811499
0.830044
0.830645
0.830645
0.832965
0.839631
0.843821
0.847916
0.849785
0.853652
0.866481
0.871156
0.876998
0.882806
0.883229
0.883229
0.887131
0.892457
0.90287
0.907284
0.908265
0.924155
0.924926
0.927311
0.931823
0.931823
0.932422
0.940773
0.948316
0.950956
0.976307
0.978481
1.00605
1.00605
1.0118
1.01629
1.01701
1.02139
1.04061
1.05099
1.05428
1.05513
1.05513
1.06291
1.06291
1.06517
1.07122
1.07295
1.07782
1.08965
1.0946
1.10057
1.12861
1.14208
1.22673
1.22792
1.2338
1.25252
1.26106
1.27983
1.27983
1.29029
1.31926
1.37303
1.41294
1.47048
1.49417
1.65546
