0.151731
0.151731
0.151838
0.151838
0.152079
0.152079
0.15258
0.15258
0.153148
0.153148
0.154358
0.154358
0.154643
0.154643
0.154892
0.154892
0.154893
0.154893
0.157814
0.157814
0.159555
0.159555
0.163382
0.163382
0.164925
0.167946
0.169575
0.170761
0.170761
0.172511
0.172511
0.174382
0.174382
0.179011
0.179011
0.182833
0.182833
0.184552
0.184552
0.18478
0.18478
0.186767
0.188016
0.188016
0.198689
0.198689
0.201549
0.201549
0.204988
0.204988
0.208127
0.208127
0.214369
0.214369
0.218323
0.218323
0.223939
0.230862
0.230862
0.231179
0.231179
0.231939
0.231939
0.232739
0.232739
0.233457
0.233457
0.23512
0.23512
0.235506
0.235506
0.236618
0.236618
0.237204
0.237204
0.237412
0.238282
0.238282
0.241631
0.241631
0.242226
0.242226
0.249272
0.249272
0.25328
0.25328
0.260109
0.260109
0.261195
0.261195
0.277529
0.277529
0.278582
0.279237
0.279237
0.282832
0.282832
0.287099
0.287099
0.288226
0.289879
0.289879
0.290669
0.293756
0.293756
0.295085
0.295085
0.295218
0.295218
0.296321
0.296707
0.296707
0.29698
0.29698
0.299326
0.299326
0.306423
0.306597
0.306597
0.309591
0.309591
0.311259
0.311259
0.316027
0.316314
0.316314
0.32087
0.322154
0.323798
0.323798
0.324208
0.324208
0.326165
0.326165
0.328952
0.332265
0.332265
0.333941
0.333965
0.334776
0.334776
0.338305
0.338305
0.338539
0.338539
0.338887
0.338887
0.345918
0.345918
0.346059
0.346059
0.349591
0.350476
0.350476
0.351678
0.351678
0.351989
0.351989
0.352124
0.3583
0.3583
0.359425
0.359565
0.360113
0.360113
0.362011
0.362659
0.369655
0.371865
0.373466
0.374429
0.374429
0.375764
0.375764
0.37658
0.379401
0.379401
0.379726
0.379726
0.381259
0.381259
0.382095
0.382588
0.385423
0.392924
0.392924
0.393349
0.394844
0.396559
0.400055
0.400055
0.404341
0.404474
0.405464
0.405464
0.406183
0.406183
0.40858
0.40858
0.415762
0.416184
0.416184
0.419183
0.419183
0.424137
0.424137
0.424538
0.425056
0.425056
0.429859
0.429859
0.434321
0.434321
0.43646
0.436615
0.436615
0.43698
0.439003
0.439003
0.443967
0.445082
0.445082
0.451362
0.451362
0.457806
0.459518
0.461094
0.461157
0.461157
0.462646
0.463238
0.463238
0.470986
0.471699
0.473995
0.473995
0.476532
0.47712
0.483619
0.483619
0.484129
0.484129
0.485927
0.489206
0.492497
0.493535
0.493535
0.493968
0.494359
0.494359
0.494571
0.494797
0.495587
0.495587
0.49611
0.497176
0.497828
0.497828
0.499458
0.502588
0.504175
0.505833
0.505985
0.505985
0.506099
0.50697
0.507457
0.508698
0.50929
0.510867
0.512389
0.513869
0.513869
0.516491
0.518593
0.522517
0.522517
0.524545
0.524545
0.531238
0.532252
0.532252
0.532491
0.541477
0.541477
0.544054
0.544181
0.544181
0.544952
0.544952
0.545071
0.545071
0.550114
0.554949
0.555428
0.558203
0.558203
0.564423
0.566243
0.566255
0.567194
0.568038
0.569363
0.570313
0.574363
0.575639
0.576459
0.576666
0.579098
0.579132
0.583823
0.584919
0.584919
0.586804
0.586804
0.588136
0.589116
0.5942
0.594998
0.595023
0.595023
0.598497
0.600359
0.605108
0.606133
0.611359
0.617556
0.617861
0.620376
0.620376
0.625139
0.626381
0.634489
0.636472
0.637336
0.639722
0.639722
0.642221
0.642221
0.644201
0.644201
0.651189
0.653188
0.654318
0.658309
0.658742
0.661869
0.661869
0.662216
0.663787
0.663787
0.667094
0.668165
0.668413
0.671869
0.671869
0.674907
0.676607
0.679839
0.680758
0.682116
0.685792
0.689386
0.69085
0.692432
0.692432
0.695068
0.697121
0.698277
0.698841
0.701803
0.70469
0.70469
0.707058
0.707058
0.709175
0.710749
0.710749
0.715074
0.715074
0.715385
0.715385
0.71774
0.72229
0.725023
0.727132
0.748003
0.754659
0.754659
0.761395
0.762263
0.764046
0.764046
0.771153
0.78651
0.789
0.79198
0.793917
0.793917
0.796122
0.807661
0.808819
0.822095
0.843384
0.845506
0.848894
0.848894
0.84978
0.853515
0.855079
0.879588
0.887315
0.887315
0.890698
0.894963
0.895587
0.917308
0.917308
0.918243
0.938766
0.966403
0.977283
0.985867
1.00179
1.01015
1.01106
1.01252
1.02641
1.02641
1.03036
1.03838
1.0384
1.0384
1.04079
1.04079
1.04347
1.04428
1.10334
1.10687
1.13729
1.1504
1.15399
1.15947
1.15952
1.21557
1.25137
1.29175
1.34016
1.34918
1.71118
