0.328
0.328
0.328
0.329
0.33
0.33
0.331
0.333
0.333
0.333
0.333
0.334
0.334
0.334
0.336
0.338
0.338
0.338
0.338
0.339
0.341
0.341
0.341
0.341
0.341
0.341
0.344
0.344
0.344
0.344
0.344
0.346
0.346
0.347
0.347
0.347
0.347
0.347
0.348
0.348
0.35
0.352
0.353
0.356
0.358
0.36
0.364
0.367
0.367
0.368
0.369
0.37
0.37
0.374
0.377
0.377
0.378
0.382
0.383
0.386
0.388
0.391
0.394
0.395
0.397
0.4
0.401
0.406
0.408
0.41
0.414
0.416
0.421
0.423
0.424
0.429
0.432
0.435
0.438
0.446
0.45
0.451
0.454
0.454
0.457
0.459
0.463
0.468
0.47
0.471
0.475
0.477
0.479
0.482
0.483
0.484
0.485
0.488
0.492
0.494
0.496
0.499
0.5
0.502
0.505
0.506
0.508
0.511
0.516
0.519
0.522
0.525
0.528
0.533
0.537
0.543
0.547
0.549
0.554
0.556
0.563
0.568
0.575
0.579
0.58
0.582
0.586
0.588
0.59
0.591
0.592
0.594
0.596
0.599
0.603
0.606
0.608
0.614
0.615
0.619
0.625
0.632
0.633
0.638
0.644
0.65
0.652
0.657
0.661
0.663
0.668
0.672
0.674
0.68
0.682
0.687
0.687
0.689
0.692
0.696
0.7
0.705
0.706
0.711
0.713
0.716
0.722
0.725
0.731
0.735
0.74
0.745
0.755
0.759
0.761
0.764
0.77
0.772
0.777
0.779
0.782
0.783
0.787
0.79
0.794
0.796
0.797
0.799
0.801
0.806
0.809
0.816
0.82
0.826
0.832
0.839
0.844
0.849
0.852
0.862
0.867
0.869
0.876
0.876
0.878
0.88
0.883
0.886
0.889
0.894
0.898
0.899
0.906
0.907
0.914
0.917
0.924
0.928
0.93
0.933
0.935
0.938
0.943
0.95
0.955
0.958
0.963
0.973
0.973
0.975
0.977
0.981
0.986
0.989
0.993
0.994
0.997
1.003
1.005
1.007
1.007
1.014
1.022
1.025
1.032
1.035
1.039
1.043
1.046
1.048
1.052
1.054
1.056
1.06
1.062
1.069
1.075
1.077
1.082
1.086
1.092
1.096
1.099
1.1
1.106
1.114
1.118
1.126
1.13
1.131
1.137
1.139
1.143
1.143
1.143
1.149
1.153
1.156
1.157
1.158
1.161
1.162
1.17
1.171
1.177
1.181
1.186
1.193
1.195
1.2
1.206
1.21
1.215
1.22
1.223
1.227
1.231
1.236
1.238
1.24
1.246
1.254
1.258
1.26
1.261
1.265
1.269
1.275
1.279
1.284
1.29
1.294
1.296
1.302
1.305
1.311
1.313
1.317
1.321
1.325
1.329
1.334
1.341
1.345
1.352
1.355
1.358
1.359
1.366
1.373
1.376
1.377
1.383
1.387
1.389
1.394
1.396
1.401
1.402
1.412
1.414
1.421
1.428
1.433
1.438
1.442
1.445
1.452
1.453
1.459
1.461
1.464
1.468
1.473
1.478
1.478
1.483
1.487
1.494
1.497
1.501
1.508
1.514
1.519
1.528
1.53
1.534
1.539
1.543
1.548
1.551
1.554
1.56
1.565
1.57
1.572
1.575
1.582
1.587
1.591
1.595
1.604
1.61
1.615
1.621
1.626
1.632
1.638
1.64
1.647
1.65
1.659
1.663
1.667
1.669
1.673
1.68
1.69
1.695
1.702
1.706
1.71
1.718
1.726
1.729
1.732
1.738
1.742
1.755
1.76
1.769
1.778
1.786
1.792
1.797
1.8
1.804
1.808
1.81
1.816
1.825
1.836
1.851
1.856
1.862
1.872
1.88
1.883
1.889
1.896
1.898
1.902
1.906
1.918
1.925
1.932
1.945
1.951
1.958
1.971
1.973
1.977
1.985
1.992
1.999
2.006
2.018
2.029
2.04
2.05
2.065
2.074
2.079
2.09
2.092
2.106
2.112
2.121
2.138
2.146
2.152
2.163
2.169
2.183
2.195
2.207
2.216
2.224
2.236
2.244
2.253
2.275
2.288
2.304
2.313
2.332
2.348
2.368
2.382
2.402
2.421
2.444
2.465
2.486
2.521
2.548
2.582
2.621
2.653
2.705
2.764
2.816
2.914
3.011
3.173
3.468
3.849
4.127
4.251
4.547
