0.237143
0.237143
0.277982
0.277982
0.353398
0.353398
0.368752
0.368752
0.39091
0.39091
0.394702
0.394702
0.404401
0.430279
0.430279
0.433306
0.433306
0.463435
0.463435
0.46581
0.467737
0.467737
0.494837
0.494837
0.569171
0.569171
0.580996
0.580996
0.5833
0.5833
0.632246
0.641394
0.641394
0.668621
0.668621
0.702373
0.702373
0.705436
0.707385
0.707385
0.713303
0.713303
0.719923
0.727698
0.757461
0.776774
0.803755
0.82072
0.860276
0.86207
0.953023
0.973214
0.989656
0.989656
1.01204
1.02601
1.02601
1.03065
1.03654
1.04389
1.05781
1.05781
1.06499
1.06499
1.08789
1.09016
1.12107
1.13437
1.13437
1.13754
1.21508
1.21678
1.21678
1.28265
1.29114
1.31592
1.34542
1.35655
1.37063
1.40708
1.48766
1.48766
1.56805
1.57694
1.57694
1.64718
1.66279
1.76998
1.82839
1.88606
1.93302
1.93302
2.08022
2.16393
2.16762
2.16762
2.33483
2.65481
2.81862
3.96896
