0.328
0.328
0.328
0.328
0.328
0.328
0.328
0.328
0.329
0.329
0.329
0.33
0.331
0.333
0.334
0.334
0.335
0.335
0.336
0.338
0.338
0.339
0.34
0.34
0.341
0.341
0.343
0.346
0.349
0.351
0.354
0.356
0.359
0.361
0.372
0.379
0.387
0.393
0.401
0.408
0.412
0.415
0.423
0.428
0.433
0.44
0.448
0.454
0.463
0.471
0.48
0.487
0.492
0.497
0.505
0.51
0.518
0.528
0.539
0.552
0.565
0.57
0.581
0.59
0.598
0.613
0.628
0.639
0.643
0.654
0.66
0.678
0.689
0.705
0.718
0.732
0.745
0.751
0.762
0.778
0.791
0.81
0.822
0.829
0.845
0.861
0.876
0.886
0.898
0.913
0.929
0.939
0.954
0.968
0.979
0.997
1.013
1.024
1.043
1.056
1.076
1.095
1.109
1.126
1.15
1.171
1.195
1.213
1.235
1.273
1.302
1.332
1.363
1.389
1.422
1.449
1.478
1.513
1.533
1.565
1.585
1.617
1.649
1.687
1.715
1.76
1.791
1.832
1.882
1.916
1.97
2.032
2.08
2.158
2.207
2.264
2.383
2.476
2.602
2.731
2.812
2.951
3.155
3.345
3.793
4.018
4.168
4.454
4.813
5.189
