0.151541
0.151541
0.154876
0.154876
0.172365
0.172365
0.174703
0.174703
0.176925
0.176925
0.19834
0.19834
0.200428
0.209423
0.209423
0.210174
0.210174
0.216301
0.216301
0.235608
0.235608
0.235655
0.235655
0.241989
0.241989
0.27466
0.27466
0.280137
0.280137
0.290368
0.290368
0.293333
0.293333
0.303632
0.308505
0.308505
0.309404
0.309404
0.319013
0.319013
0.323359
0.323359
0.324708
0.32754
0.334651
0.334651
0.33799
0.33799
0.350432
0.351126
0.351126
0.351659
0.351659
0.354618
0.354618
0.361259
0.362224
0.362224
0.363844
0.363844
0.367465
0.367465
0.374157
0.376963
0.376963
0.377484
0.377484
0.379393
0.379393
0.382486
0.383855
0.383855
0.385201
0.385201
0.387374
0.387374
0.388958
0.389558
0.389558
0.393334
0.393334
0.397991
0.407928
0.407928
0.411041
0.411041
0.416366
0.416366
0.416555
0.416555
0.416638
0.420322
0.421376
0.421376
0.42505
0.42505
0.426098
0.426098
0.432795
0.434765
0.434765
0.435008
0.436152
0.436152
0.439064
0.439064
0.442027
0.442174
0.442174
0.447723
0.447723
0.449468
0.449468
0.450774
0.450774
0.451033
0.451033
0.451461
0.451461
0.45381
0.456794
0.468688
0.468688
0.472633
0.475094
0.476057
0.481582
0.481582
0.481811
0.481811
0.487368
0.487368
0.490185
0.490316
0.491585
0.491585
0.498891
0.505752
0.505752
0.517175
0.545671
0.545671
0.546638
0.546638
0.549022
0.549022
0.554115
0.554115
0.556839
0.556867
0.556867
0.5624
0.5624
0.567362
0.567362
0.569403
0.570742
0.571892
0.573334
0.580917
0.580917
0.581739
0.581739
0.583473
0.586882
0.586882
0.594678
0.595104
0.595104
0.59613
0.596239
0.599633
0.60325
0.60325
0.605287
0.605287
0.611451
0.613584
0.618221
0.618221
0.628984
0.628984
0.641051
0.641616
0.641616
0.644591
0.644591
0.64821
0.653194
0.653194
0.656129
0.656129
0.662881
0.669217
0.683658
0.683658
0.689881
0.689881
0.690637
0.691346
0.69228
0.695483
0.699214
0.699214
0.699635
0.702989
0.702989
0.703593
0.703593
0.704263
0.705824
0.711197
0.711197
0.714234
0.714234
0.758338
0.758338
0.759779
0.760024
0.760024
0.76328
0.76328
0.763582
0.770154
0.778511
0.784968
0.785888
0.805537
0.805727
0.824178
0.836265
0.847135
0.848611
0.85716
0.860417
0.866934
0.866934
0.870392
0.870392
0.877895
0.883551
0.88434
0.888985
0.889709
0.889709
0.89281
0.898168
0.898168
0.89927
0.89927
0.899976
0.899976
0.900793
0.900793
0.915328
0.947174
0.950255
0.950255
0.960022
0.960022
0.987015
0.990147
0.992804
1.00066
1.00263
1.00543
1.0064
1.01974
1.03175
1.03992
1.03992
1.04971
1.08314
1.0923
1.11318
1.11318
1.12352
1.12748
1.17881
1.18746
1.18918
1.19688
1.20734
1.244
1.24454
1.26166
1.2877
1.36469
1.37157
1.41158
1.43147
1.4594
1.51091
1.51555
1.5677
1.57924
1.59649
1.71461
1.7625
2.1613
