0.04
0.17
0.31
0.48
0.63
0.65
0.7
0.75
0.76
0.76
0.76
0.76
0.78
0.79
0.8
0.8
0.81
0.82
0.83
0.83
0.83
0.84
0.84
0.87
0.88
0.9
0.9
0.9
0.93
0.98
1.06
1.09
1.11
1.14
1.17
1.2
1.23
1.26
1.26
1.26
1.27
1.3
1.32
1.37
1.37
1.41
1.46
1.49
1.55
1.56
1.56
1.58
1.6
1.62
1.64
1.65
1.67
1.68
1.68
1.71
1.72
1.73
1.73
1.74
1.77
1.78
1.79
1.85
1.88
1.92
1.94
1.98
2.0
2.01
2.02
2.03
2.04
2.06
2.07
2.09
2.1
2.1
2.12
2.13
2.14
2.17
2.18
2.2
2.23
2.28
2.29
2.32
2.36
2.39
2.43
2.44
2.52
2.57
2.61
2.62
2.63
2.64
2.66
2.69
2.71
2.73
2.73
2.74
2.75
2.76
2.8
2.8
2.81
2.82
2.82
2.83
2.85
2.87
2.89
2.91
2.95
3.0
3.03
3.05
3.1
3.13
3.14
3.16
3.16
3.18
3.22
3.25
3.26
3.28
3.29
3.3
3.33
3.34
3.35
3.37
3.39
3.42
3.45
3.49
3.56
3.58
3.62
3.67
3.69
3.7
3.75
3.78
3.8
3.85
3.86
3.88
3.9
3.92
3.98
4.01
4.04
4.04
4.06
4.06
4.07
4.08
4.11
4.14
4.14
4.19
4.23
4.26
4.32
4.39
4.42
4.43
4.45
4.48
4.51
4.52
4.53
4.54
4.59
4.61
4.66
4.71
4.74
4.76
4.78
4.8
4.86
4.93
4.97
4.99
5.04
5.05
5.09
5.14
5.2
5.28
5.31
5.33
5.39
5.42
5.45
5.51
5.56
5.62
5.66
5.7
5.78
5.82
5.91
5.99
6.03
6.08
6.09
6.17
6.23
6.26
6.32
6.37
6.46
6.51
6.56
6.6
6.67
6.7
6.78
6.82
6.91
7.03
7.11
7.18
7.24
7.31
7.38
7.47
7.55
7.59
7.69
7.8
7.87
7.95
8.01
8.09
8.2
8.24
8.32
8.36
8.47
8.57
8.7
8.79
8.83
8.97
9.07
9.11
9.24
9.31
9.44
9.58
9.74
9.79
9.9
10.1
10.18
10.39
10.53
10.68
10.84
11.02
11.24
11.4
11.53
11.7
11.95
12.12
12.3
12.57
12.74
12.98
13.21
13.48
13.71
14.03
14.31
14.67
15.19
15.7
16.34
17.07
17.61
18.27
19.1
20.37
21.49
22.83
24.52
27.34
