0.02
0.15
0.28
0.38
0.48
0.57
0.69
0.74
0.76
0.77
0.79
0.81
0.81
0.81
0.83
0.84
0.87
0.88
0.88
0.88
0.88
0.9
0.91
0.92
0.93
0.94
0.96
0.97
1.01
1.02
1.02
1.08
1.09
1.12
1.15
1.16
1.16
1.2
1.22
1.23
1.26
1.29
1.31
1.32
1.33
1.33
1.35
1.4
1.43
1.47
1.48
1.52
1.58
1.62
1.64
1.65
1.67
1.68
1.69
1.7
1.71
1.71
1.73
1.77
1.8
1.83
1.84
1.86
1.86
1.89
1.89
1.9
1.91
1.94
1.97
1.99
2.01
2.03
2.06
2.07
2.08
2.1
2.13
2.16
2.17
2.17
2.2
2.2
2.24
2.26
2.27
2.31
2.33
2.36
2.38
2.42
2.44
2.5
2.56
2.59
2.63
2.66
2.69
2.7
2.71
2.73
2.75
2.77
2.78
2.83
2.83
2.84
2.84
2.86
2.87
2.88
2.89
2.89
2.9
2.91
2.91
2.92
2.94
2.95
2.98
2.98
2.98
2.98
2.99
3.01
3.01
3.01
3.02
3.04
3.05
3.09
3.11
3.11
3.15
3.24
3.3
3.35
3.41
3.48
3.54
3.59
3.63
3.66
3.69
3.69
3.71
3.72
3.72
3.74
3.76
3.78
3.78
3.81
3.81
3.82
3.83
3.84
3.85
3.87
3.88
3.89
3.9
3.92
3.92
3.94
3.94
3.98
3.98
4.0
4.04
4.09
4.13
4.15
4.18
4.21
4.23
4.26
4.3
4.3
4.37
4.39
4.41
4.42
4.44
4.47
4.49
4.53
4.57
4.59
4.61
4.66
4.71
4.74
4.76
4.79
4.82
4.84
4.84
4.88
4.89
4.89
4.92
4.95
4.96
4.99
5.01
5.02
5.04
5.1
5.12
5.14
5.21
5.22
5.25
5.28
5.32
5.35
5.38
5.4
5.41
5.43
5.45
5.48
5.48
5.5
5.55
5.58
5.61
5.64
5.68
5.72
5.77
5.78
5.81
5.85
5.9
5.96
6.02
6.08
6.1
6.13
6.15
6.17
6.21
6.26
6.27
6.31
6.33
6.33
6.35
6.39
6.4
6.45
6.46
6.49
6.55
6.62
6.65
6.71
6.72
6.77
6.84
6.91
6.98
7.02
7.03
7.07
7.09
7.12
7.15
7.18
7.22
7.26
7.31
7.38
7.38
7.42
7.46
7.49
7.57
7.61
7.71
7.79
7.83
7.9
7.95
8.0
8.04
8.1
8.13
8.17
8.2
8.26
8.33
8.38
8.4
8.44
8.47
8.52
8.59
8.63
8.69
8.71
8.76
8.84
8.87
8.92
9.05
9.09
9.13
9.19
9.27
9.3
9.36
9.39
9.45
9.48
9.51
9.57
9.64
9.76
9.85
9.89
9.98
10.01
10.08
10.17
10.28
10.32
10.37
10.45
10.54
10.6
10.64
10.74
10.8
10.9
10.99
11.07
11.13
11.21
11.26
11.31
11.39
11.51
11.59
11.74
11.86
11.98
12.06
12.1
12.21
12.32
12.43
12.49
12.58
12.72
12.87
13.01
13.09
13.27
13.35
13.52
13.67
13.83
13.93
14.1
14.33
14.48
14.71
14.96
15.16
15.31
15.48
15.72
15.95
16.31
16.61
16.86
17.16
17.5
17.8
18.16
18.65
19.11
19.77
20.48
21.27
21.95
22.81
23.83
25.01
26.43
28.66
32.88
