0.09
0.16
0.26
0.41
0.5
0.57
0.59
0.61
0.61
0.61
0.62
0.7
0.73
0.81
0.83
0.87
0.88
0.91
0.92
0.93
0.96
0.96
0.96
0.96
0.96
0.96
0.96
0.97
0.98
0.98
0.98
0.99
0.99
1.0
1.0
1.02
1.02
1.04
1.06
1.1
1.16
1.19
1.25
1.27
1.33
1.33
1.36
1.37
1.39
1.42
1.44
1.45
1.48
1.49
1.51
1.52
1.55
1.55
1.55
1.55
1.55
1.55
1.55
1.56
1.56
1.56
1.57
1.59
1.62
1.64
1.65
1.68
1.71
1.72
1.73
1.75
1.76
1.78
1.81
1.86
1.9
1.94
1.96
1.96
1.97
2.01
2.03
2.04
2.04
2.08
2.09
2.11
2.14
2.17
2.2
2.23
2.26
2.32
2.33
2.38
2.4
2.4
2.41
2.41
2.41
2.42
2.42
2.43
2.43
2.43
2.43
2.46
2.47
2.48
2.52
2.52
2.52
2.52
2.53
2.54
2.55
2.55
2.56
2.56
2.56
2.58
2.6
2.64
2.65
2.7
2.72
2.77
2.79
2.8
2.83
2.86
2.93
2.95
2.97
3.03
3.06
3.11
3.12
3.14
3.16
3.23
3.24
3.26
3.29
3.33
3.36
3.37
3.4
3.4
3.45
3.46
3.48
3.49
3.51
3.52
3.54
3.55
3.56
3.57
3.58
3.58
3.59
3.6
3.6
3.64
3.64
3.64
3.66
3.67
3.68
3.69
3.7
3.72
3.75
3.77
3.82
3.84
3.88
3.92
3.95
4.01
4.05
4.08
4.12
4.13
4.17
4.18
4.21
4.25
4.31
4.32
4.37
4.38
4.42
4.44
4.46
4.49
4.5
4.51
4.51
4.53
4.58
4.61
4.64
4.69
4.7
4.72
4.78
4.81
4.83
4.86
4.89
4.91
4.94
4.98
4.98
5.0
5.01
5.03
5.05
5.08
5.1
5.12
5.19
5.22
5.26
5.32
5.34
5.41
5.46
5.5
5.56
5.6
5.62
5.66
5.69
5.72
5.83
5.85
5.87
5.88
5.91
5.92
5.95
6.0
6.04
6.09
6.11
6.12
6.2
6.22
6.27
6.27
6.3
6.37
6.39
6.43
6.43
6.47
6.56
6.59
6.63
6.66
6.7
6.73
6.78
6.82
6.88
6.92
6.97
6.99
7.0
7.02
7.08
7.1
7.16
7.18
7.22
7.26
7.31
7.33
7.37
7.4
7.43
7.46
7.5
7.56
7.62
7.68
7.7
7.74
7.8
7.87
7.91
7.91
7.95
7.99
8.01
8.06
8.11
8.14
8.17
8.19
8.21
8.24
8.29
8.36
8.4
8.43
8.47
8.48
8.56
8.59
8.67
8.73
8.75
8.82
8.86
8.9
8.91
8.96
8.99
9.03
9.07
9.12
9.15
9.21
9.24
9.35
9.38
9.47
9.52
9.56
9.58
9.67
9.71
9.79
9.83
9.88
9.96
10.02
10.07
10.11
10.16
10.19
10.24
10.3
10.39
10.44
10.52
10.57
10.61
10.66
10.7
10.73
10.76
10.86
10.89
10.94
10.98
11.03
11.08
11.12
11.16
11.25
11.33
11.44
11.53
11.59
11.61
11.64
11.71
11.8
11.86
11.94
12.02
12.09
12.16
12.22
12.29
12.36
12.43
12.49
12.62
12.71
12.85
12.93
12.98
13.01
13.08
13.11
13.25
13.34
13.38
13.5
13.59
13.68
13.79
13.84
13.92
14.04
14.16
14.28
14.38
14.46
14.61
14.77
14.93
15.03
15.16
15.27
15.4
15.54
15.74
15.91
16.05
16.23
16.44
16.64
16.84
17.07
17.29
17.46
17.67
17.84
18.02
18.18
18.46
18.78
19.05
19.38
19.73
20.06
20.4
20.79
21.11
21.55
21.97
22.49
23.13
23.62
24.53
26.34
27.96
39.26
