0.24
0.47
0.67
0.72
0.81
0.87
0.95
1.01
1.06
1.19
1.27
1.33
1.4
1.45
1.48
1.5
1.5
1.53
1.56
1.61
1.64
1.65
1.67
1.7
1.77
1.85
1.96
2.03
2.11
2.2
2.3
2.34
2.37
2.4
2.46
2.47
2.5
2.53
2.55
2.56
2.58
2.6
2.62
2.64
2.67
2.7
2.73
2.79
2.84
2.89
2.95
3.0
3.06
3.08
3.14
3.19
3.24
3.27
3.3
3.34
3.37
3.38
3.41
3.43
3.46
3.49
3.5
3.54
3.55
3.55
3.57
3.6
3.64
3.71
3.76
3.82
3.83
3.87
3.92
3.95
3.98
4.02
4.07
4.11
4.14
4.16
4.2
4.2
4.27
4.3
4.31
4.32
4.35
4.37
4.4
4.41
4.45
4.48
4.51
4.51
4.53
4.56
4.58
4.61
4.63
4.64
4.66
4.66
4.69
4.72
4.74
4.78
4.81
4.89
4.93
4.98
5.0
5.05
5.12
5.12
5.15
5.2
5.24
5.29
5.31
5.34
5.35
5.36
5.37
5.39
5.4
5.42
5.44
5.44
5.46
5.47
5.49
5.52
5.52
5.55
5.58
5.61
5.65
5.66
5.66
5.7
5.75
5.78
5.81
5.83
5.85
5.88
5.91
5.94
5.98
6.01
6.04
6.06
6.1
6.12
6.12
6.18
6.2
6.21
6.22
6.22
6.22
6.23
6.27
6.32
6.34
6.38
6.39
6.42
6.44
6.5
6.5
6.53
6.56
6.63
6.65
6.69
6.74
6.76
6.79
6.8
6.82
6.85
6.87
6.89
6.91
6.95
6.96
7.02
7.04
7.08
7.09
7.14
7.15
7.2
7.22
7.24
7.25
7.26
7.29
7.31
7.34
7.38
7.39
7.41
7.45
7.5
7.54
7.6
7.63
7.66
7.68
7.73
7.76
7.78
7.81
7.83
7.84
7.84
7.85
7.89
7.91
7.93
7.98
7.99
8.04
8.06
8.06
8.07
8.08
8.09
8.1
8.14
8.17
8.21
8.22
8.23
8.26
8.3
8.34
8.38
8.41
8.46
8.49
8.52
8.54
8.59
8.62
8.65
8.68
8.7
8.73
8.76
8.79
8.81
8.85
8.89
8.91
8.94
8.96
9.01
9.03
9.04
9.06
9.09
9.15
9.17
9.21
9.24
9.27
9.28
9.3
9.32
9.36
9.38
9.4
9.43
9.45
9.46
9.49
9.52
9.52
9.56
9.59
9.63
9.66
9.71
9.72
9.77
9.79
9.86
9.89
9.92
9.94
10.0
10.01
10.05
10.1
10.12
10.15
10.19
10.21
10.24
10.25
10.29
10.29
10.32
10.33
10.34
10.37
10.42
10.45
10.49
10.54
10.57
10.58
10.61
10.63
10.64
10.67
10.74
10.81
10.84
10.86
10.88
10.9
10.92
10.95
10.98
11.07
11.07
11.07
11.13
11.14
11.16
11.2
11.21
11.27
11.29
11.3
11.3
11.33
11.36
11.38
11.44
11.48
11.53
11.55
11.59
11.61
11.66
11.69
11.73
11.75
11.76
11.77
11.8
11.87
11.89
11.93
11.94
11.96
12.0
12.01
12.02
12.04
12.07
12.11
12.14
12.16
12.18
12.23
12.27
12.29
12.31
12.34
12.37
12.41
12.44
12.46
12.48
12.51
12.53
12.55
12.6
12.62
12.66
12.7
12.77
12.8
12.81
12.82
12.85
12.86
12.88
12.92
12.95
13.01
13.03
13.06
13.1
13.14
13.16
13.21
13.23
13.25
13.29
13.31
13.37
13.43
13.44
13.45
13.46
13.5
13.5
13.54
13.57
13.61
13.64
13.67
13.7
13.73
13.73
13.76
13.81
13.85
13.87
13.9
13.94
13.98
14.03
14.04
14.08
14.13
14.16
14.21
14.26
14.34
14.36
14.38
14.41
14.44
14.45
14.48
14.51
14.53
14.55
14.56
14.61
14.64
14.69
14.73
14.75
14.77
14.83
14.88
14.9
14.94
14.98
15.0
15.01
15.02
15.02
15.04
15.09
15.14
15.16
15.2
15.22
15.25
15.32
15.34
15.39
15.42
15.44
15.49
15.5
15.51
15.54
15.57
15.63
15.69
15.73
15.74
15.77
15.79
15.81
15.85
15.93
15.97
16.0
16.06
16.07
16.09
16.13
16.17
16.19
16.21
16.25
16.27
16.3
16.36
16.37
16.38
16.41
16.45
16.49
16.52
16.54
16.58
16.62
16.64
16.69
16.7
16.72
16.75
16.76
16.79
16.84
16.91
16.95
16.96
16.99
17.03
17.06
17.1
17.12
17.17
17.2
17.23
17.26
17.3
17.33
17.34
17.37
17.41
17.45
17.52
17.52
17.59
17.65
17.67
17.71
17.77
17.78
17.83
17.86
17.9
17.93
17.94
18.01
18.03
18.08
18.12
18.17
18.21
18.21
18.23
18.27
18.28
18.34
18.34
18.38
18.42
18.44
18.49
18.55
18.57
18.64
18.66
18.71
18.74
18.77
18.8
18.86
18.9
18.96
18.98
19.01
19.05
19.08
19.13
19.16
19.22
19.27
19.31
19.35
19.38
19.42
19.44
19.47
19.52
19.54
19.57
19.62
19.66
19.72
19.75
19.81
19.84
19.91
19.98
20.03
20.06
20.08
20.1
20.13
20.17
20.21
20.26
20.31
20.4
20.45
20.48
20.51
20.53
20.56
20.65
20.72
20.78
20.83
20.84
20.91
20.98
21.02
21.04
21.07
21.14
21.16
21.2
21.24
21.33
21.37
21.41
21.49
21.54
21.61
21.65
21.71
21.76
21.8
21.85
21.89
21.93
21.99
22.04
22.09
22.17
22.22
22.29
22.33
22.4
22.44
22.46
22.52
22.61
22.69
22.74
22.78
22.79
22.89
22.97
23.06
23.11
23.17
23.23
23.28
23.37
23.4
23.48
23.53
23.59
23.62
23.67
23.74
23.81
23.92
24.02
24.09
24.12
24.23
24.31
24.4
24.43
24.51
24.63
24.7
24.78
24.88
24.95
25.05
25.14
25.21
25.29
25.44
25.55
25.61
25.78
25.88
25.97
26.06
26.13
26.25
26.34
26.43
26.61
26.82
26.97
27.09
27.21
27.32
27.47
27.6
27.75
27.89
28.08
28.28
28.46
28.61
28.77
28.96
29.14
29.28
29.51
29.69
29.94
30.25
30.5
30.75
31.09
31.32
31.64
31.95
32.2
32.61
32.99
33.44
34.06
34.74
35.4
36.14
36.9
37.86
39.38
44.22
