0.20443
0.20443
0.214624
0.214624
0.223467
0.223467
0.229449
0.229449
0.233246
0.233246
0.269275
0.269275
0.279172
0.299012
0.33276
0.33341
0.33341
0.333668
0.342805
0.342805
0.368407
0.368407
0.379107
0.379107
0.384671
0.384671
0.388234
0.390112
0.390112
0.406796
0.406796
0.437257
0.437257
0.441395
0.441395
0.493262
0.493262
0.514172
0.514172
0.518528
0.518528
0.586903
0.592501
0.592501
0.594015
0.617785
0.617785
0.63572
0.641513
0.641513
0.644609
0.646877
0.646877
0.661208
0.661208
0.666904
0.666904
0.668875
0.702772
0.715233
0.731924
0.731924
0.735357
0.735415
0.735415
0.736454
0.736454
0.741539
0.753097
0.77
0.77
0.80409
0.80409
0.815956
0.815956
0.818091
0.818091
0.820878
0.827676
0.827676
0.829907
0.829907
0.835869
0.843049
0.856253
0.856253
0.860775
0.905304
0.905304
0.912688
0.914972
0.915962
0.926532
0.936137
0.936137
0.938568
0.953274
0.979527
0.979527
0.988121
0.988121
0.98989
1.00333
1.02997
1.02997
1.04217
1.04655
1.06089
1.06206
1.14362
1.14362
1.14519
1.14749
1.15063
1.15387
1.15956
1.18854
1.18883
1.18883
1.19158
1.19383
1.23333
1.30403
1.3193
1.3193
1.35344
1.41991
1.41991
1.42173
1.43284
1.43486
1.48858
1.54694
1.55449
1.55449
1.60456
1.67045
1.67378
1.69728
1.69728
1.73497
1.829
1.829
1.87195
1.87195
1.9566
1.96367
1.96367
2.05377
2.4597
