0.328
0.328
0.328
0.328
0.328
0.328
0.328
0.328
0.328
0.328
0.329
0.33
0.331
0.331
0.332
0.332
0.332
0.333
0.334
0.334
0.335
0.336
0.336
0.338
0.338
0.338
0.338
0.339
0.339
0.34
0.342
0.344
0.345
0.345
0.346
0.346
0.347
0.348
0.349
0.349
0.35
0.355
0.355
0.357
0.362
0.364
0.367
0.372
0.373
0.378
0.38
0.382
0.382
0.384
0.384
0.385
0.387
0.388
0.392
0.397
0.398
0.4
0.404
0.41
0.414
0.417
0.418
0.424
0.433
0.437
0.447
0.452
0.455
0.461
0.465
0.469
0.472
0.477
0.479
0.48
0.483
0.484
0.488
0.49
0.491
0.492
0.494
0.497
0.506
0.51
0.515
0.523
0.529
0.533
0.537
0.541
0.544
0.549
0.554
0.563
0.564
0.567
0.572
0.578
0.584
0.588
0.595
0.602
0.607
0.613
0.617
0.622
0.628
0.634
0.637
0.642
0.645
0.656
0.664
0.667
0.671
0.678
0.689
0.698
0.707
0.712
0.716
0.718
0.722
0.731
0.741
0.745
0.754
0.762
0.769
0.773
0.78
0.786
0.792
0.803
0.81
0.818
0.828
0.835
0.845
0.853
0.858
0.865
0.875
0.881
0.884
0.892
0.899
0.903
0.914
0.922
0.934
0.943
0.951
0.958
0.964
0.972
0.979
0.985
0.993
0.998
1.005
1.015
1.029
1.045
1.05
1.053
1.063
1.07
1.08
1.088
1.096
1.106
1.117
1.13
1.145
1.158
1.172
1.18
1.185
1.196
1.209
1.219
1.233
1.242
1.256
1.268
1.283
1.293
1.307
1.327
1.344
1.36
1.369
1.383
1.393
1.41
1.428
1.442
1.464
1.485
1.498
1.519
1.531
1.551
1.569
1.587
1.601
1.623
1.644
1.657
1.68
1.701
1.724
1.746
1.767
1.788
1.833
1.858
1.896
1.928
1.959
1.987
2.025
2.066
2.115
2.156
2.208
2.27
2.341
2.407
2.478
2.542
2.625
2.759
2.862
2.959
3.074
3.189
3.334
3.431
4.017
4.164
4.698
5.232
