0.150557
0.150557
0.151867
0.151867
0.153553
0.153553
0.154613
0.154613
0.161891
0.161891
0.246219
0.246219
0.251107
0.251107
0.268604
0.268604
0.269254
0.269254
0.276655
0.276655
0.278109
0.278109
0.291099
0.291099
0.291135
0.291135
0.297163
0.297163
0.299496
0.299496
0.30041
0.30041
0.304142
0.312477
0.312477
0.31429
0.31429
0.334145
0.334145
0.340071
0.340071
0.344743
0.353111
0.356641
0.356641
0.358812
0.358812
0.359608
0.359608
0.359886
0.361757
0.361757
0.36375
0.365843
0.365843
0.369383
0.369383
0.378521
0.386724
0.387286
0.399762
0.399762
0.401719
0.401719
0.402319
0.402319
0.405744
0.411901
0.415573
0.419248
0.419248
0.420023
0.424375
0.424375
0.430609
0.430609
0.431891
0.432539
0.432539
0.436758
0.443906
0.443906
0.443958
0.456767
0.456767
0.462963
0.46537
0.46558
0.46558
0.465761
0.46861
0.46861
0.470188
0.470188
0.47137
0.47137
0.476314
0.479814
0.479814
0.499793
0.499793
0.499856
0.510638
0.51176
0.51176
0.515629
0.517337
0.517737
0.517737
0.523727
0.524676
0.524676
0.52647
0.526805
0.530202
0.53045
0.53045
0.546524
0.546524
0.550138
0.562425
0.562425
0.564419
0.564419
0.564672
0.564672
0.569159
0.574036
0.574036
0.582261
0.582261
0.589134
0.589134
0.589637
0.589637
0.596051
0.598793
0.598793
0.601486
0.613851
0.613851
0.616919
0.616919
0.626805
0.643636
0.643636
0.64555
0.64555
0.653577
0.654151
0.671843
0.671843
0.673374
0.673374
0.689773
0.701187
0.70273
0.70273
0.708132
0.711007
0.720369
0.720369
0.723035
0.727178
0.730405
0.730405
0.73181
0.73181
0.737751
0.737751
0.7461
0.747448
0.752002
0.752048
0.752048
0.768985
0.771591
0.774713
0.784409
0.784796
0.791595
0.794682
0.794682
0.797463
0.797463
0.802376
0.802376
0.80873
0.813948
0.819908
0.826373
0.848512
0.853786
0.856591
0.877796
0.878632
0.88673
0.907235
0.921471
0.927676
0.932887
0.937109
0.955497
0.969904
0.977156
0.989491
0.989491
1.00195
1.00623
1.01109
1.01828
1.01999
1.02997
1.03094
1.03094
1.03481
1.07743
1.07743
1.08888
1.09782
1.11966
1.12112
1.12257
1.13793
1.14644
1.15398
1.17174
1.17174
1.2085
1.22334
1.2416
1.25807
1.32058
1.3649
1.3649
1.36802
1.38159
1.38405
1.38405
1.43546
1.4486
1.45183
1.45183
1.45222
1.45994
1.50986
1.51927
1.67949
1.80265
1.87032
