0.149194
0.149194
0.151505
0.151505
0.15233
0.15233
0.153211
0.153211
0.156197
0.156197
0.163169
0.167734
0.167734
0.175131
0.175131
0.183904
0.183904
0.190382
0.190382
0.191085
0.191085
0.205769
0.205769
0.206674
0.214887
0.214887
0.223339
0.223339
0.228592
0.228592
0.241874
0.241874
0.246817
0.246817
0.248166
0.248166
0.257483
0.257483
0.26245
0.26245
0.264639
0.264639
0.267021
0.267021
0.269917
0.269917
0.270702
0.270702
0.271152
0.271152
0.274355
0.274355
0.283536
0.283536
0.285662
0.285662
0.28938
0.28938
0.293334
0.293334
0.294481
0.294481
0.296191
0.296191
0.302019
0.302019
0.302491
0.302491
0.302717
0.303385
0.303385
0.303515
0.303515
0.304959
0.304959
0.305101
0.3071
0.3071
0.310647
0.310647
0.314106
0.314106
0.320818
0.320818
0.322429
0.322429
0.32256
0.32256
0.322573
0.324421
0.327186
0.327186
0.328238
0.32922
0.33117
0.33117
0.337084
0.337084
0.33774
0.33787
0.33787
0.339294
0.339294
0.340882
0.34413
0.345054
0.346156
0.349358
0.349671
0.349671
0.349727
0.349727
0.350175
0.350175
0.35099
0.351056
0.354781
0.356286
0.35754
0.35754
0.359315
0.359315
0.364504
0.364504
0.366953
0.366953
0.367785
0.367785
0.368319
0.368319
0.368363
0.368363
0.373534
0.373534
0.374396
0.374396
0.375784
0.376339
0.376339
0.378169
0.378299
0.381388
0.386991
0.386991
0.38828
0.38828
0.388965
0.391948
0.391948
0.397648
0.397648
0.402858
0.402858
0.403753
0.407688
0.407688
0.412929
0.412929
0.416315
0.422748
0.424777
0.424777
0.426494
0.42878
0.42878
0.430144
0.430144
0.431592
0.431592
0.433571
0.433571
0.437416
0.438192
0.438224
0.441142
0.441142
0.446886
0.446886
0.447508
0.44773
0.452885
0.452885
0.455186
0.459488
0.459488
0.461791
0.461791
0.462329
0.462981
0.462981
0.464594
0.464874
0.464874
0.464874
0.465102
0.465102
0.474091
0.474091
0.477097
0.479027
0.479635
0.481439
0.484096
0.490366
0.490366
0.490416
0.490416
0.490811
0.490811
0.49207
0.493073
0.494447
0.494447
0.497012
0.500354
0.500354
0.501606
0.503356
0.503676
0.50395
0.504352
0.504352
0.504914
0.510714
0.510885
0.512015
0.512015
0.515753
0.515753
0.516697
0.518424
0.518424
0.520594
0.521761
0.521761
0.522173
0.52349
0.52349
0.525218
0.525442
0.525671
0.525671
0.527988
0.527988
0.52972
0.532598
0.532598
0.534809
0.534809
0.5361
0.541334
0.541334
0.542334
0.55168
0.557435
0.563289
0.565561
0.566304
0.566304
0.567147
0.568276
0.571534
0.572135
0.572135
0.57553
0.57553
0.580178
0.580178
0.580742
0.582048
0.582048
0.582576
0.585367
0.590079
0.591972
0.593129
0.593129
0.59793
0.599158
0.600193
0.600983
0.600983
0.611708
0.616578
0.61703
0.618757
0.619785
0.626832
0.63217
0.638378
0.640175
0.644228
0.645161
0.645161
0.645643
0.646703
0.647534
0.647534
0.660177
0.661601
0.663379
0.665807
0.66612
0.675016
0.675016
0.682764
0.682764
0.690968
0.692523
0.693848
0.695415
0.699458
0.703986
0.704507
0.704507
0.708939
0.719296
0.719612
0.719612
0.72546
0.731306
0.731306
0.735591
0.746392
0.754106
0.754106
0.754715
0.756038
0.756443
0.770607
0.785812
0.802423
0.805632
0.810474
0.810656
0.812023
0.820097
0.820097
0.833692
0.83479
0.837284
0.837284
0.837391
0.851337
0.855928
0.860268
0.860268
0.866305
0.866797
0.866919
0.867222
0.867222
0.872013
0.878127
0.882293
0.882303
0.882303
0.886435
0.889872
0.890442
0.900603
0.904908
0.907724
0.919976
0.927831
0.939985
0.9417
0.9417
0.947475
0.949211
0.949995
0.963194
0.970143
0.976321
1.00349
1.00682
1.00682
1.00882
1.02861
1.02861
1.03461
1.04959
1.05271
1.05566
1.06751
1.06964
1.07219
1.08943
1.1061
1.13193
1.15333
1.15427
1.29513
1.29513
1.30519
1.30777
1.59344
1.78848
1.85515
1.89588
