0.15112
0.15112
0.15194
0.15194
0.153828
0.153828
0.154375
0.154375
0.155028
0.155028
0.155689
0.157767
0.157767
0.158949
0.158949
0.16456
0.16456
0.165942
0.171389
0.171389
0.17251
0.17251
0.172808
0.172808
0.174578
0.174578
0.175015
0.175015
0.175281
0.175281
0.179243
0.179243
0.182923
0.182923
0.186783
0.186783
0.189817
0.189817
0.190264
0.190264
0.191369
0.191369
0.191398
0.191398
0.191549
0.191549
0.193602
0.193602
0.193885
0.193885
0.19396
0.19396
0.193962
0.193962
0.198724
0.199464
0.201251
0.201251
0.203524
0.203524
0.208305
0.208305
0.210402
0.214939
0.214939
0.214947
0.220247
0.220247
0.221489
0.221489
0.223832
0.224018
0.224018
0.226419
0.226419
0.227585
0.227585
0.227634
0.228004
0.229982
0.229982
0.230815
0.230815
0.232055
0.232055
0.233775
0.233775
0.23634
0.23634
0.238201
0.238201
0.238685
0.239147
0.239147
0.239495
0.239495
0.242383
0.242383
0.242877
0.242877
0.243038
0.243038
0.243818
0.243872
0.243872
0.244075
0.244075
0.24775
0.24775
0.248794
0.248794
0.251056
0.251056
0.25714
0.25714
0.258075
0.258075
0.258662
0.258872
0.258872
0.262058
0.262058
0.264055
0.264055
0.264076
0.264076
0.264835
0.264835
0.265658
0.266257
0.266257
0.266676
0.266676
0.268141
0.268141
0.272492
0.278871
0.278871
0.27903
0.27903
0.279044
0.279044
0.284365
0.284365
0.284429
0.284429
0.288797
0.288993
0.288993
0.292425
0.292425
0.295084
0.295084
0.295153
0.299039
0.301095
0.301095
0.30117
0.30117
0.301221
0.301221
0.30235
0.302437
0.303666
0.304884
0.305427
0.305427
0.305463
0.305463
0.307446
0.307446
0.309976
0.309976
0.312971
0.312971
0.313589
0.313925
0.314782
0.314782
0.316702
0.31677
0.31677
0.31889
0.320061
0.326015
0.326015
0.326042
0.329
0.330602
0.330602
0.330953
0.338588
0.338588
0.339348
0.339348
0.34123
0.341437
0.341437
0.341638
0.341638
0.344878
0.344878
0.346352
0.346352
0.349505
0.349505
0.349996
0.349996
0.351748
0.352252
0.352252
0.352577
0.353204
0.353562
0.353562
0.354018
0.354018
0.354144
0.356254
0.356254
0.357352
0.357352
0.359114
0.360915
0.360915
0.362727
0.36307
0.36307
0.363965
0.364541
0.365343
0.365343
0.365913
0.365913
0.366723
0.366723
0.367015
0.36746
0.370394
0.370394
0.374507
0.374507
0.377223
0.377223
0.380004
0.380004
0.381809
0.383173
0.383173
0.383512
0.383512
0.38544
0.38544
0.385765
0.385765
0.391904
0.393589
0.394268
0.396442
0.396687
0.398236
0.407306
0.407306
0.408115
0.408115
0.408313
0.408313
0.413297
0.413297
0.413908
0.415114
0.415114
0.415855
0.42141
0.421487
0.421726
0.421738
0.421738
0.424562
0.424562
0.426784
0.429031
0.431151
0.431151
0.431396
0.431396
0.431476
0.433232
0.433964
0.435062
0.43706
0.43706
0.439955
0.447069
0.448449
0.448449
0.450564
0.453438
0.45488
0.45488
0.458199
0.461447
0.462413
0.463479
0.463479
0.469076
0.471116
0.473911
0.473911
0.4778
0.483483
0.483483
0.484704
0.484704
0.489433
0.491154
0.491154
0.493432
0.493495
0.495084
0.495084
0.495518
0.495849
0.498353
0.499665
0.503482
0.503482
0.503862
0.503862
0.504097
0.504097
0.504677
0.504677
0.505249
0.505417
0.505426
0.507871
0.508457
0.513614
0.523003
0.52396
0.524403
0.524403
0.525684
0.525684
0.526153
0.526552
0.526875
0.526875
0.527939
0.534326
0.534326
0.538804
0.538804
0.54286
0.546162
0.546786
0.546786
0.547307
0.547354
0.552232
0.55289
0.55289
0.559625
0.561298
0.563167
0.563167
0.565899
0.568245
0.568739
0.56946
0.569999
0.574594
0.575859
0.584205
0.587966
0.588564
0.594906
0.595163
0.598251
0.599853
0.602048
0.607898
0.607898
0.608722
0.613966
0.616107
0.616107
0.616258
0.63114
0.63114
0.636473
0.637879
0.641385
0.642872
0.644064
0.648496
0.649569
0.649569
0.65465
0.661146
0.664051
0.667193
0.670853
0.670853
0.678691
0.683635
0.684323
0.684358
0.68519
0.68519
0.685272
0.689164
0.697554
0.698117
0.698117
0.705261
0.705261
0.715264
0.716065
0.718672
0.7214
0.7214
0.724579
0.726177
0.72961
0.72961
0.731506
0.734401
0.735692
0.735692
0.73672
0.73672
0.741439
0.750461
0.757097
0.757448
0.757448
0.760963
0.764241
0.766395
0.768314
0.777689
0.78856
0.800325
0.800325
0.807945
0.807945
0.81188
0.826146
0.829084
0.829084
0.845692
0.845692
0.846731
0.850528
0.869494
0.869895
0.886964
0.891889
0.900485
0.905792
0.907482
0.924415
0.924597
0.933345
0.936877
0.943193
0.944005
0.944005
0.965854
0.967004
0.970645
0.98816
0.989695
1.0147
1.0147
1.0167
1.01865
1.01897
1.01897
1.02972
1.03187
1.0455
1.04667
1.05768
1.05807
1.06342
1.06758
1.09364
1.1073
1.12772
1.1509
1.26796
1.29693
1.32375
1.33015
1.46645
1.49606
1.62441
