0.16025
0.16025
0.172451
0.172451
0.189646
0.189646
0.205913
0.205913
0.220484
0.220817
0.233656
0.234383
0.243544
0.244262
0.252695
0.253648
0.262064
0.263265
0.27154
0.272662
0.280549
0.282073
0.290178
0.292344
0.30153
0.304181
0.310827
0.315165
0.321938
0.326745
0.331684
0.335808
0.341505
0.344615
0.349665
0.353106
0.35747
0.36263
0.366335
0.371154
0.375231
0.380019
0.384389
0.389743
0.393351
0.400237
0.403188
0.40835
0.412004
0.416993
0.420869
0.425001
0.42911
0.433405
0.437249
0.441723
0.446509
0.450296
0.454383
0.45765
0.461878
0.466428
0.471502
0.475643
0.479643
0.483341
0.48814
0.492293
0.496732
0.500693
0.505209
0.509635
0.513255
0.51726
0.522628
0.527459
0.530338
0.534972
0.539307
0.54355
0.547016
0.550238
0.553532
0.557921
0.561832
0.564669
0.569569
0.573472
0.577376
0.581996
0.587214
0.59091
0.595223
0.599497
0.603996
0.608444
0.613061
0.618266
0.622145
0.627531
0.632452
0.63858
0.643492
0.648367
0.653416
0.65869
0.662102
0.667026
0.671206
0.674701
0.680082
0.684964
0.691037
0.69763
0.702911
0.708658
0.714747
0.72045
0.724963
0.731413
0.736655
0.74275
0.748112
0.753409
0.759048
0.765902
0.771507
0.777616
0.783825
0.789405
0.794161
0.799948
0.805872
0.810565
0.815848
0.820792
0.826049
0.831167
0.839494
0.846516
0.853368
0.859568
0.869122
0.878354
0.886559
0.896297
0.906056
0.91619
0.924556
0.93176
0.939073
0.946425
0.953687
0.960291
0.967897
0.975303
0.98456
0.991291
1.00232
1.01091
1.01979
1.03242
1.0458
1.05809
1.07165
1.08504
1.104
1.11647
1.12935
1.14019
1.15133
1.16622
1.17763
1.19061
1.20336
1.21469
1.22625
1.23508
1.24563
1.25881
1.27662
1.30274
1.33081
1.34902
1.38329
1.40569
1.42326
1.45545
1.48748
1.54481
1.58721
1.61666
1.63944
1.66817
1.69436
1.72962
1.7722
1.83995
1.91853
2.43502
