0.328
0.328
0.328
0.328
0.328
0.328
0.328
0.328
0.328
0.328
0.328
0.329
0.329
0.33
0.33
0.332
0.332
0.332
0.334
0.334
0.334
0.334
0.335
0.336
0.336
0.336
0.336
0.338
0.34
0.342
0.344
0.344
0.346
0.348
0.351
0.356
0.359
0.361
0.369
0.376
0.381
0.384
0.389
0.397
0.403
0.406
0.408
0.413
0.418
0.424
0.434
0.44
0.441
0.452
0.457
0.463
0.467
0.472
0.478
0.483
0.487
0.491
0.497
0.503
0.513
0.519
0.529
0.536
0.54
0.548
0.555
0.565
0.572
0.577
0.582
0.588
0.592
0.601
0.608
0.614
0.62
0.628
0.641
0.651
0.665
0.675
0.686
0.689
0.696
0.701
0.704
0.717
0.728
0.741
0.752
0.759
0.766
0.778
0.786
0.797
0.807
0.814
0.824
0.834
0.844
0.85
0.862
0.873
0.879
0.891
0.905
0.914
0.92
0.928
0.942
0.959
0.967
0.979
0.988
0.997
1.007
1.023
1.039
1.044
1.054
1.068
1.083
1.098
1.111
1.125
1.139
1.153
1.173
1.185
1.2
1.213
1.227
1.241
1.262
1.275
1.291
1.305
1.322
1.331
1.354
1.371
1.383
1.395
1.418
1.439
1.455
1.472
1.489
1.509
1.523
1.542
1.561
1.581
1.597
1.614
1.641
1.657
1.686
1.704
1.724
1.747
1.778
1.803
1.821
1.85
1.88
1.902
1.938
1.96
2.001
2.044
2.08
2.126
2.171
2.208
2.254
2.309
2.363
2.45
2.522
2.619
2.721
2.841
2.928
3.05
3.128
3.226
3.307
3.422
3.645
3.812
3.988
4.452
4.671
5.097
