0.156174
0.156174
0.16428
0.16428
0.173381
0.173381
0.181805
0.181805
0.19213
0.19213
0.201247
0.201247
0.209817
0.209838
0.216725
0.216958
0.226117
0.227007
0.235097
0.235531
0.24321
0.24395
0.251436
0.252967
0.261299
0.263398
0.270023
0.271754
0.277016
0.280015
0.28513
0.28808
0.292015
0.294871
0.298203
0.301284
0.304542
0.307819
0.310488
0.313316
0.31666
0.319779
0.323223
0.327197
0.330741
0.334366
0.336888
0.340572
0.344205
0.347162
0.350423
0.354387
0.357035
0.360092
0.362025
0.364687
0.366909
0.371137
0.373273
0.376383
0.379187
0.382378
0.385328
0.388311
0.391434
0.394412
0.397061
0.400147
0.402505
0.405562
0.409159
0.412212
0.415604
0.419155
0.421871
0.424523
0.427056
0.429548
0.432282
0.434826
0.437315
0.440105
0.44202
0.444263
0.446715
0.449051
0.451143
0.453912
0.456026
0.458499
0.460924
0.463208
0.465789
0.468184
0.470556
0.473249
0.475505
0.478518
0.480848
0.48285
0.485444
0.488923
0.492281
0.495377
0.498183
0.500704
0.503395
0.50652
0.50898
0.511901
0.514331
0.516964
0.519733
0.522559
0.525364
0.529453
0.531893
0.535279
0.539486
0.543101
0.546166
0.550289
0.55298
0.556192
0.558994
0.562111
0.565819
0.569674
0.571885
0.575417
0.57772
0.581425
0.583784
0.587414
0.590849
0.594102
0.598533
0.602599
0.60593
0.610062
0.613905
0.618249
0.621641
0.625382
0.629375
0.633257
0.638146
0.641977
0.645016
0.650209
0.65514
0.660618
0.666569
0.672562
0.676531
0.681732
0.686438
0.692183
0.696298
0.702238
0.706799
0.712819
0.716855
0.722363
0.727247
0.733521
0.73877
0.744504
0.75079
0.756947
0.762985
0.768374
0.77451
0.780993
0.787282
0.793487
0.798433
0.802377
0.807404
0.81124
0.816058
0.819429
0.823973
0.827573
0.83125
0.83494
0.838174
0.841738
0.845505
0.849788
0.855289
0.858857
0.865109
0.870989
0.877784
0.882922
0.889526
0.896002
0.900771
0.907419
0.91389
0.919549
0.925378
0.930523
0.937987
0.944977
0.951386
0.9579
0.964198
0.972266
0.98022
0.989602
0.997727
1.00521
1.01363
1.023
1.03039
1.03809
1.04835
1.06206
1.07212
1.08004
1.09195
1.10664
1.12047
1.13588
1.15052
1.16682
1.18108
1.19648
1.21147
1.22994
1.25083
1.27587
1.29869
1.32652
1.3494
1.38221
1.41272
1.44984
1.49005
1.52489
1.57448
1.61997
1.65528
1.68016
1.73016
1.80729
1.94079
2.4515
