0.328
0.328
0.328
0.328
0.328
0.328
0.328
0.328
0.328
0.328
0.329
0.329
0.33
0.331
0.331
0.332
0.333
0.333
0.333
0.333
0.333
0.334
0.334
0.334
0.334
0.334
0.334
0.334
0.335
0.336
0.337
0.337
0.337
0.337
0.337
0.337
0.337
0.337
0.337
0.338
0.338
0.338
0.338
0.339
0.34
0.342
0.343
0.344
0.347
0.348
0.348
0.349
0.353
0.354
0.357
0.358
0.36
0.363
0.366
0.369
0.37
0.37
0.37
0.372
0.376
0.377
0.378
0.382
0.384
0.389
0.392
0.398
0.401
0.408
0.414
0.421
0.426
0.429
0.431
0.435
0.437
0.445
0.449
0.449
0.452
0.455
0.455
0.459
0.461
0.464
0.465
0.467
0.471
0.474
0.475
0.475
0.477
0.48
0.484
0.489
0.49
0.493
0.496
0.5
0.504
0.507
0.511
0.516
0.521
0.525
0.53
0.535
0.537
0.541
0.548
0.552
0.556
0.559
0.563
0.568
0.571
0.575
0.576
0.578
0.585
0.588
0.591
0.595
0.6
0.604
0.607
0.612
0.614
0.617
0.621
0.63
0.632
0.636
0.64
0.642
0.65
0.656
0.663
0.669
0.67
0.671
0.676
0.68
0.686
0.69
0.695
0.7
0.704
0.706
0.712
0.719
0.726
0.733
0.736
0.739
0.745
0.749
0.756
0.759
0.765
0.768
0.771
0.775
0.783
0.788
0.792
0.796
0.808
0.817
0.82
0.825
0.83
0.836
0.843
0.848
0.853
0.857
0.86
0.867
0.87
0.876
0.881
0.886
0.891
0.903
0.908
0.92
0.929
0.935
0.94
0.945
0.953
0.955
0.958
0.961
0.966
0.973
0.978
0.984
0.989
1.0
1.009
1.014
1.026
1.032
1.04
1.045
1.051
1.057
1.063
1.07
1.076
1.081
1.087
1.091
1.102
1.108
1.113
1.119
1.126
1.132
1.138
1.146
1.148
1.158
1.165
1.171
1.181
1.19
1.197
1.206
1.211
1.22
1.225
1.233
1.243
1.249
1.259
1.265
1.27
1.273
1.281
1.288
1.293
1.302
1.312
1.318
1.327
1.337
1.344
1.352
1.363
1.365
1.368
1.374
1.381
1.392
1.404
1.414
1.421
1.431
1.441
1.449
1.46
1.466
1.478
1.485
1.494
1.501
1.509
1.521
1.532
1.543
1.554
1.565
1.571
1.585
1.597
1.606
1.617
1.63
1.638
1.649
1.662
1.676
1.691
1.701
1.712
1.726
1.743
1.758
1.765
1.781
1.794
1.807
1.819
1.837
1.846
1.862
1.881
1.889
1.904
1.916
1.929
1.943
1.958
1.978
1.99
2.005
2.02
2.035
2.05
2.077
2.094
2.108
2.129
2.151
2.175
2.192
2.218
2.242
2.26
2.292
2.326
2.358
2.387
2.431
2.48
2.525
2.578
2.626
2.698
2.771
2.845
2.91
3.006
3.149
3.31
3.408
3.589
3.741
4.033
4.525
4.828
5.351
