0.328
0.328
0.328
0.328
0.328
0.328
0.328
0.328
0.328
0.328
0.328
0.329
0.329
0.33
0.33
0.33
0.33
0.33
0.331
0.331
0.332
0.333
0.333
0.333
0.333
0.333
0.333
0.333
0.333
0.334
0.336
0.337
0.338
0.339
0.339
0.342
0.343
0.343
0.343
0.344
0.345
0.345
0.346
0.347
0.347
0.347
0.349
0.349
0.351
0.351
0.353
0.353
0.353
0.356
0.358
0.361
0.362
0.363
0.364
0.364
0.366
0.369
0.369
0.369
0.371
0.378
0.378
0.381
0.383
0.386
0.387
0.39
0.393
0.394
0.399
0.401
0.403
0.408
0.413
0.418
0.42
0.423
0.428
0.431
0.434
0.439
0.441
0.445
0.449
0.449
0.452
0.455
0.462
0.463
0.468
0.468
0.469
0.471
0.473
0.476
0.478
0.481
0.483
0.484
0.487
0.488
0.491
0.495
0.495
0.498
0.502
0.505
0.506
0.508
0.509
0.514
0.518
0.522
0.525
0.531
0.535
0.537
0.54
0.543
0.547
0.549
0.55
0.553
0.556
0.564
0.566
0.57
0.575
0.58
0.586
0.589
0.591
0.596
0.598
0.6
0.604
0.607
0.611
0.612
0.617
0.622
0.626
0.631
0.633
0.637
0.643
0.646
0.653
0.655
0.658
0.665
0.668
0.672
0.677
0.68
0.682
0.694
0.698
0.702
0.705
0.708
0.709
0.716
0.72
0.726
0.727
0.731
0.733
0.737
0.741
0.747
0.749
0.756
0.759
0.763
0.77
0.779
0.783
0.786
0.791
0.794
0.8
0.802
0.804
0.81
0.814
0.82
0.822
0.823
0.827
0.83
0.832
0.836
0.842
0.849
0.852
0.855
0.86
0.869
0.874
0.879
0.881
0.885
0.89
0.891
0.898
0.903
0.905
0.91
0.912
0.915
0.922
0.926
0.932
0.935
0.939
0.945
0.955
0.958
0.959
0.963
0.967
0.972
0.977
0.981
0.986
0.99
0.995
0.999
1.004
1.004
1.01
1.015
1.018
1.022
1.03
1.03
1.036
1.046
1.05
1.053
1.06
1.064
1.068
1.075
1.083
1.09
1.099
1.106
1.111
1.113
1.118
1.126
1.129
1.137
1.139
1.144
1.149
1.156
1.161
1.167
1.172
1.176
1.181
1.186
1.188
1.193
1.202
1.208
1.217
1.222
1.232
1.241
1.246
1.248
1.254
1.257
1.26
1.265
1.275
1.28
1.285
1.291
1.298
1.305
1.312
1.318
1.32
1.326
1.331
1.336
1.344
1.351
1.358
1.361
1.366
1.371
1.38
1.392
1.399
1.404
1.409
1.418
1.421
1.427
1.432
1.44
1.447
1.453
1.458
1.464
1.469
1.476
1.483
1.489
1.504
1.514
1.521
1.529
1.533
1.538
1.542
1.545
1.552
1.559
1.572
1.583
1.593
1.602
1.612
1.622
1.627
1.634
1.637
1.645
1.653
1.664
1.681
1.696
1.706
1.71
1.722
1.733
1.746
1.755
1.77
1.773
1.78
1.79
1.807
1.821
1.827
1.841
1.857
1.867
1.882
1.898
1.914
1.928
1.947
1.966
1.985
2.006
2.027
2.055
2.073
2.093
2.118
2.139
2.159
2.179
2.212
2.242
2.278
2.315
2.345
2.377
2.402
2.438
2.46
2.499
2.539
2.592
2.665
2.776
2.875
2.975
3.178
3.446
3.91
4.062
4.297
4.49
4.829
4.995
