0.328
0.328
0.328
0.328
0.328
0.328
0.328
0.328
0.329
0.33
0.33
0.33
0.331
0.331
0.331
0.332
0.332
0.332
0.332
0.332
0.333
0.334
0.334
0.334
0.334
0.334
0.335
0.335
0.335
0.337
0.337
0.339
0.339
0.339
0.34
0.34
0.34
0.34
0.341
0.342
0.343
0.343
0.346
0.35
0.352
0.354
0.356
0.359
0.362
0.366
0.368
0.369
0.373
0.376
0.38
0.383
0.385
0.387
0.39
0.393
0.395
0.398
0.402
0.405
0.409
0.41
0.411
0.412
0.414
0.417
0.42
0.427
0.429
0.432
0.434
0.438
0.441
0.443
0.447
0.452
0.458
0.459
0.461
0.464
0.468
0.47
0.473
0.475
0.479
0.486
0.488
0.491
0.492
0.493
0.497
0.497
0.501
0.503
0.506
0.509
0.51
0.514
0.516
0.516
0.521
0.524
0.529
0.534
0.542
0.548
0.553
0.559
0.566
0.573
0.575
0.579
0.581
0.585
0.585
0.589
0.591
0.596
0.598
0.599
0.602
0.605
0.606
0.611
0.614
0.62
0.62
0.622
0.624
0.626
0.635
0.643
0.646
0.652
0.656
0.659
0.667
0.672
0.677
0.677
0.683
0.685
0.691
0.698
0.699
0.703
0.708
0.711
0.715
0.715
0.718
0.719
0.722
0.724
0.727
0.732
0.739
0.742
0.744
0.749
0.754
0.765
0.77
0.775
0.778
0.783
0.787
0.793
0.798
0.802
0.805
0.81
0.812
0.815
0.818
0.82
0.824
0.827
0.83
0.836
0.837
0.841
0.842
0.847
0.85
0.857
0.861
0.865
0.869
0.876
0.881
0.887
0.894
0.898
0.902
0.903
0.903
0.905
0.907
0.912
0.919
0.925
0.929
0.936
0.94
0.944
0.946
0.956
0.959
0.961
0.968
0.971
0.975
0.978
0.983
0.99
0.992
0.992
0.996
0.999
1.004
1.01
1.015
1.019
1.025
1.029
1.033
1.037
1.045
1.051
1.056
1.06
1.063
1.065
1.072
1.077
1.079
1.081
1.086
1.09
1.094
1.096
1.098
1.103
1.107
1.109
1.113
1.114
1.118
1.123
1.131
1.135
1.138
1.141
1.145
1.15
1.158
1.161
1.164
1.169
1.173
1.176
1.179
1.184
1.19
1.197
1.2
1.202
1.207
1.213
1.218
1.218
1.223
1.228
1.232
1.239
1.244
1.249
1.253
1.257
1.26
1.267
1.271
1.271
1.278
1.284
1.29
1.296
1.3
1.302
1.307
1.312
1.319
1.322
1.326
1.327
1.33
1.336
1.339
1.343
1.348
1.355
1.362
1.363
1.37
1.376
1.38
1.385
1.39
1.396
1.402
1.405
1.409
1.415
1.416
1.42
1.425
1.432
1.436
1.441
1.445
1.449
1.455
1.459
1.465
1.472
1.48
1.483
1.491
1.493
1.496
1.5
1.506
1.511
1.515
1.519
1.523
1.528
1.539
1.546
1.558
1.564
1.568
1.571
1.578
1.583
1.586
1.588
1.591
1.599
1.604
1.612
1.621
1.627
1.636
1.642
1.652
1.654
1.659
1.663
1.669
1.683
1.69
1.697
1.698
1.702
1.707
1.718
1.724
1.733
1.739
1.744
1.746
1.758
1.764
1.768
1.781
1.788
1.796
1.802
1.804
1.808
1.817
1.824
1.834
1.846
1.856
1.863
1.867
1.873
1.881
1.889
1.894
1.903
1.908
1.915
1.923
1.934
1.941
1.951
1.955
1.96
1.965
1.973
1.983
1.987
1.996
1.998
2.007
2.014
2.025
2.034
2.041
2.041
2.054
2.062
2.075
2.082
2.088
2.096
2.098
2.102
2.113
2.123
2.13
2.137
2.152
2.158
2.164
2.17
2.174
2.177
2.188
2.205
2.212
2.222
2.233
2.239
2.246
2.255
2.264
2.274
2.283
2.291
2.304
2.315
2.329
2.341
2.351
2.358
2.373
2.383
2.392
2.403
2.422
2.432
2.443
2.458
2.473
2.485
2.497
2.52
2.529
2.551
2.566
2.588
2.607
2.63
2.652
2.679
2.695
2.721
2.741
2.766
2.786
2.81
2.834
2.856
2.886
2.913
2.941
2.969
3.002
3.031
3.076
3.14
3.188
3.243
3.314
3.382
3.455
3.607
3.765
3.873
3.982
4.467
