0.328
0.328
0.329
0.33
0.33
0.33
0.331
0.332
0.332
0.332
0.333
0.333
0.334
0.335
0.335
0.335
0.336
0.336
0.336
0.338
0.338
0.34
0.34
0.342
0.343
0.344
0.345
0.345
0.345
0.346
0.347
0.348
0.348
0.35
0.351
0.353
0.354
0.354
0.356
0.358
0.36
0.361
0.362
0.363
0.365
0.366
0.37
0.374
0.377
0.386
0.391
0.394
0.398
0.404
0.409
0.411
0.416
0.42
0.421
0.426
0.428
0.429
0.43
0.434
0.436
0.439
0.44
0.441
0.442
0.444
0.446
0.449
0.451
0.451
0.452
0.454
0.455
0.458
0.46
0.462
0.465
0.468
0.47
0.474
0.475
0.478
0.484
0.491
0.497
0.507
0.509
0.515
0.516
0.519
0.52
0.523
0.525
0.529
0.534
0.536
0.536
0.537
0.537
0.537
0.538
0.54
0.543
0.544
0.545
0.547
0.547
0.547
0.548
0.551
0.557
0.562
0.566
0.572
0.579
0.584
0.588
0.589
0.594
0.598
0.605
0.611
0.614
0.617
0.62
0.621
0.624
0.625
0.626
0.628
0.631
0.633
0.634
0.637
0.638
0.639
0.641
0.642
0.644
0.648
0.652
0.654
0.658
0.661
0.666
0.672
0.679
0.685
0.689
0.693
0.697
0.698
0.702
0.707
0.709
0.712
0.714
0.716
0.718
0.719
0.726
0.728
0.728
0.733
0.737
0.739
0.739
0.74
0.743
0.744
0.745
0.75
0.752
0.757
0.759
0.765
0.769
0.772
0.774
0.78
0.783
0.787
0.79
0.792
0.801
0.802
0.806
0.808
0.809
0.816
0.82
0.823
0.823
0.824
0.825
0.828
0.833
0.835
0.838
0.842
0.845
0.847
0.847
0.847
0.848
0.851
0.853
0.856
0.856
0.86
0.862
0.863
0.87
0.87
0.872
0.875
0.882
0.886
0.893
0.897
0.901
0.903
0.907
0.91
0.911
0.912
0.912
0.914
0.914
0.916
0.918
0.921
0.923
0.927
0.927
0.929
0.931
0.934
0.937
0.939
0.941
0.943
0.945
0.951
0.952
0.954
0.959
0.963
0.968
0.973
0.977
0.982
0.985
0.99
0.997
1.0
1.002
1.004
1.006
1.007
1.009
1.011
1.012
1.012
1.013
1.015
1.015
1.017
1.017
1.018
1.02
1.021
1.023
1.026
1.027
1.028
1.03
1.031
1.033
1.036
1.04
1.043
1.046
1.051
1.058
1.061
1.063
1.066
1.067
1.072
1.076
1.076
1.079
1.082
1.085
1.086
1.092
1.096
1.098
1.101
1.102
1.105
1.107
1.109
1.111
1.111
1.114
1.116
1.119
1.122
1.122
1.125
1.127
1.13
1.132
1.134
1.134
1.136
1.139
1.147
1.151
1.153
1.157
1.159
1.162
1.164
1.169
1.171
1.173
1.174
1.176
1.176
1.177
1.179
1.184
1.187
1.19
1.191
1.195
1.196
1.197
1.199
1.2
1.203
1.209
1.215
1.216
1.221
1.226
1.228
1.232
1.235
1.237
1.24
1.244
1.245
1.246
1.248
1.249
1.252
1.255
1.256
1.257
1.261
1.263
1.265
1.265
1.267
1.267
1.268
1.272
1.273
1.274
1.275
1.278
1.281
1.283
1.288
1.292
1.293
1.298
1.3
1.305
1.312
1.316
1.319
1.324
1.326
1.328
1.332
1.335
1.338
1.341
1.343
1.344
1.347
1.347
1.35
1.352
1.355
1.356
1.356
1.358
1.36
1.363
1.365
1.369
1.376
1.378
1.383
1.387
1.391
1.392
1.394
1.397
1.399
1.404
1.405
1.408
1.408
1.41
1.41
1.414
1.419
1.421
1.425
1.427
1.427
1.428
1.428
1.43
1.431
1.436
1.437
1.441
1.444
1.446
1.454
1.46
1.465
1.467
1.474
1.481
1.483
1.486
1.488
1.488
1.491
1.495
1.495
1.498
1.499
1.503
1.503
1.505
1.507
1.508
1.509
1.511
1.512
1.514
1.52
1.526
1.53
1.535
1.537
1.542
1.549
1.554
1.558
1.562
1.565
1.566
1.57
1.57
1.573
1.573
1.576
1.576
1.578
1.58
1.582
1.584
1.586
1.588
1.594
1.595
1.597
1.6
1.607
1.612
1.615
1.616
1.62
1.624
1.628
1.633
1.637
1.64
1.642
1.643
1.644
1.645
1.646
1.648
1.65
1.652
1.654
1.658
1.662
1.664
1.667
1.673
1.674
1.678
1.686
1.689
1.695
1.695
1.698
1.702
1.706
1.709
1.711
1.713
1.717
1.72
1.723
1.723
1.724
1.725
1.73
1.732
1.737
1.737
1.741
1.745
1.752
1.756
1.76
1.765
1.767
1.771
1.773
1.775
1.778
1.78
1.783
1.786
1.79
1.792
1.793
1.799
1.801
1.803
1.807
1.811
1.813
1.818
1.821
1.825
1.833
1.844
1.846
1.849
1.852
1.857
1.86
1.862
1.863
1.868
1.87
1.872
1.872
1.874
1.877
1.882
1.883
1.894
1.897
1.9
1.905
1.91
1.911
1.914
1.915
1.92
1.923
1.928
1.931
1.934
1.938
1.943
1.945
1.952
1.955
1.96
1.961
1.965
1.972
1.975
1.977
1.983
1.985
1.991
1.993
1.995
1.999
2.002
2.008
2.017
2.023
2.027
2.031
2.034
2.038
2.039
2.04
2.044
2.048
2.055
2.058
2.061
2.069
2.074
2.081
2.086
2.092
2.095
2.098
2.101
2.102
2.108
2.113
2.118
2.121
2.128
2.136
2.138
2.143
2.147
2.155
2.158
2.162
2.165
2.168
2.174
2.177
2.185
2.187
2.191
2.194
2.2
2.205
2.214
2.22
2.224
2.233
2.239
2.245
2.25
2.255
2.255
2.263
2.268
2.271
2.277
2.287
2.295
2.299
2.306
2.312
2.32
2.325
2.331
2.333
2.337
2.344
2.354
2.359
2.367
2.374
2.386
2.396
2.4
2.405
2.411
2.413
2.419
2.423
2.433
2.444
2.456
2.459
2.468
2.476
2.479
2.491
2.495
2.506
2.517
2.523
2.53
2.543
2.55
2.555
2.567
2.576
2.585
2.594
2.603
2.613
2.628
2.636
2.646
2.654
2.671
2.681
2.694
2.707
2.717
2.737
2.756
2.768
2.789
2.807
2.826
2.839
2.863
2.879
2.91
2.928
2.961
2.983
3.019
3.052
3.09
3.131
3.192
3.239
3.297
3.384
3.438
3.531
3.808
4.185
