0.328
0.328
0.328
0.328
0.328
0.328
0.328
0.328
0.328
0.328
0.328
0.328
0.329
0.33
0.33
0.331
0.331
0.333
0.333
0.333
0.335
0.338
0.342
0.343
0.346
0.348
0.35
0.351
0.354
0.355
0.357
0.358
0.363
0.365
0.367
0.37
0.372
0.372
0.377
0.381
0.384
0.389
0.39
0.393
0.397
0.398
0.402
0.407
0.411
0.415
0.423
0.428
0.43
0.434
0.437
0.443
0.451
0.452
0.453
0.457
0.464
0.464
0.475
0.482
0.487
0.495
0.502
0.505
0.507
0.509
0.514
0.517
0.526
0.529
0.532
0.536
0.541
0.544
0.55
0.554
0.561
0.563
0.564
0.567
0.57
0.572
0.579
0.584
0.593
0.598
0.606
0.61
0.619
0.624
0.628
0.63
0.634
0.643
0.649
0.654
0.661
0.666
0.673
0.675
0.681
0.685
0.692
0.701
0.707
0.711
0.719
0.723
0.729
0.735
0.74
0.744
0.751
0.761
0.767
0.777
0.785
0.791
0.797
0.806
0.811
0.818
0.823
0.831
0.837
0.845
0.856
0.86
0.865
0.873
0.878
0.885
0.896
0.902
0.908
0.917
0.921
0.934
0.941
0.949
0.957
0.966
0.971
0.976
0.98
0.991
1.004
1.02
1.026
1.037
1.045
1.048
1.055
1.06
1.065
1.073
1.09
1.101
1.109
1.119
1.132
1.14
1.144
1.152
1.168
1.178
1.184
1.196
1.204
1.223
1.239
1.256
1.264
1.275
1.287
1.294
1.301
1.313
1.327
1.34
1.351
1.365
1.381
1.389
1.394
1.411
1.423
1.442
1.451
1.473
1.491
1.506
1.512
1.527
1.538
1.56
1.573
1.585
1.6
1.618
1.636
1.657
1.673
1.694
1.718
1.738
1.76
1.781
1.802
1.83
1.85
1.876
1.9
1.928
1.96
1.986
2.012
2.041
2.061
2.093
2.123
2.146
2.175
2.204
2.245
2.293
2.346
2.39
2.431
2.477
2.528
2.592
2.66
2.723
2.813
2.957
3.175
3.299
3.413
3.497
3.641
3.866
4.015
4.228
4.438
5.298
