0.328
0.328
0.328
0.328
0.328
0.328
0.328
0.328
0.328
0.33
0.33
0.331
0.332
0.332
0.332
0.332
0.332
0.333
0.334
0.334
0.334
0.334
0.334
0.334
0.335
0.335
0.335
0.335
0.339
0.339
0.341
0.344
0.348
0.35
0.352
0.355
0.356
0.357
0.363
0.364
0.367
0.37
0.371
0.374
0.379
0.38
0.385
0.385
0.386
0.391
0.393
0.394
0.398
0.403
0.408
0.411
0.415
0.418
0.422
0.426
0.428
0.43
0.435
0.437
0.439
0.444
0.446
0.447
0.448
0.452
0.457
0.463
0.467
0.471
0.473
0.477
0.48
0.486
0.491
0.501
0.507
0.51
0.513
0.515
0.517
0.521
0.526
0.534
0.539
0.541
0.545
0.548
0.554
0.561
0.567
0.57
0.576
0.579
0.583
0.587
0.591
0.594
0.597
0.598
0.602
0.608
0.614
0.619
0.624
0.629
0.631
0.635
0.639
0.647
0.658
0.66
0.666
0.671
0.674
0.679
0.686
0.688
0.694
0.703
0.71
0.71
0.714
0.718
0.725
0.732
0.735
0.739
0.744
0.747
0.755
0.76
0.768
0.772
0.777
0.783
0.789
0.794
0.8
0.802
0.811
0.814
0.823
0.832
0.833
0.839
0.841
0.845
0.851
0.856
0.864
0.868
0.873
0.879
0.89
0.897
0.903
0.912
0.915
0.92
0.92
0.928
0.932
0.937
0.942
0.952
0.957
0.964
0.976
0.982
0.991
0.998
1.001
1.007
1.012
1.015
1.025
1.031
1.038
1.045
1.054
1.056
1.065
1.067
1.072
1.081
1.086
1.1
1.109
1.116
1.121
1.128
1.131
1.14
1.146
1.162
1.171
1.177
1.182
1.188
1.195
1.202
1.214
1.222
1.226
1.235
1.244
1.254
1.269
1.281
1.289
1.295
1.305
1.31
1.321
1.327
1.336
1.35
1.361
1.371
1.379
1.388
1.397
1.407
1.418
1.429
1.435
1.449
1.461
1.469
1.485
1.498
1.503
1.515
1.529
1.542
1.554
1.566
1.577
1.59
1.602
1.613
1.626
1.641
1.651
1.661
1.675
1.695
1.712
1.723
1.737
1.752
1.768
1.786
1.798
1.814
1.838
1.859
1.887
1.904
1.921
1.941
1.97
1.996
2.021
2.05
2.068
2.091
2.121
2.141
2.166
2.187
2.217
2.26
2.298
2.331
2.371
2.411
2.449
2.489
2.547
2.612
2.679
2.752
2.839
2.924
2.99
3.11
3.272
3.362
3.46
3.558
3.812
4.008
4.195
4.566
