0.151893
0.151893
0.155288
0.155288
0.1599
0.1599
0.164248
0.164248
0.168101
0.168259
0.173371
0.173511
0.179304
0.179629
0.184422
0.185743
0.190937
0.19234
0.196656
0.198189
0.200926
0.202206
0.205089
0.206921
0.209611
0.21156
0.214515
0.216788
0.219392
0.221476
0.223561
0.225835
0.228059
0.230382
0.23241
0.234542
0.236367
0.238239
0.239777
0.241742
0.244049
0.245415
0.247493
0.249666
0.252205
0.254206
0.256771
0.25864
0.260372
0.261912
0.264189
0.266012
0.268456
0.270647
0.2724
0.274038
0.276097
0.277922
0.279617
0.281189
0.28306
0.284838
0.286834
0.288375
0.290311
0.291453
0.293223
0.294605
0.296263
0.297605
0.299033
0.300425
0.301769
0.303413
0.304862
0.306476
0.308023
0.309303
0.310549
0.31196
0.313662
0.315001
0.316515
0.317928
0.319279
0.320554
0.322154
0.323339
0.324656
0.325871
0.326968
0.32837
0.32956
0.330786
0.332301
0.334059
0.335389
0.336584
0.337694
0.339128
0.340194
0.341261
0.342392
0.344195
0.344944
0.346737
0.348071
0.34967
0.351182
0.352735
0.3539
0.35569
0.356988
0.3581
0.359139
0.360422
0.361693
0.363187
0.364286
0.365475
0.366645
0.367645
0.369111
0.370453
0.371624
0.372622
0.373813
0.374937
0.376056
0.377012
0.378337
0.379442
0.380273
0.381805
0.383094
0.384007
0.385102
0.38623
0.387557
0.388848
0.390478
0.391623
0.393113
0.394539
0.395686
0.397123
0.398437
0.399564
0.40091
0.40228
0.403927
0.40494
0.406413
0.407963
0.409069
0.410557
0.411938
0.413783
0.41494
0.416217
0.417857
0.419314
0.420701
0.422133
0.423366
0.424918
0.42622
0.427715
0.42895
0.430464
0.431679
0.43319
0.43469
0.436045
0.437687
0.43922
0.440439
0.441464
0.443355
0.444549
0.446395
0.447981
0.449554
0.450533
0.452276
0.453633
0.455289
0.456723
0.458132
0.459573
0.460746
0.461896
0.46324
0.464975
0.466287
0.467927
0.469569
0.470916
0.472495
0.474022
0.475636
0.477022
0.478937
0.480512
0.482259
0.483921
0.485366
0.486832
0.488974
0.490427
0.492109
0.494003
0.495568
0.497658
0.499539
0.501466
0.503273
0.505272
0.50726
0.509305
0.511222
0.513431
0.515297
0.51717
0.519559
0.521589
0.523756
0.525717
0.527864
0.529971
0.532112
0.534198
0.536581
0.538273
0.540579
0.542537
0.544435
0.545868
0.548279
0.550193
0.552336
0.553835
0.55632
0.558815
0.560914
0.562794
0.564823
0.567198
0.56944
0.571698
0.573452
0.575605
0.5778
0.579977
0.581987
0.583859
0.585832
0.587509
0.589824
0.591484
0.59369
0.595771
0.597604
0.599843
0.601476
0.603866
0.605832
0.608142
0.610126
0.612322
0.614535
0.61699
0.619178
0.62143
0.623176
0.625174
0.62684
0.629276
0.631241
0.633334
0.634735
0.636695
0.638737
0.641378
0.64337
0.645829
0.647803
0.650004
0.652233
0.654545
0.657505
0.659756
0.662143
0.664752
0.667306
0.669513
0.672141
0.674567
0.676958
0.678964
0.68132
0.683417
0.685745
0.687824
0.690728
0.693727
0.697132
0.700065
0.702796
0.705411
0.707943
0.711439
0.714372
0.716629
0.719986
0.722938
0.726088
0.728216
0.731221
0.734064
0.737637
0.741291
0.74494
0.748896
0.751888
0.756007
0.758893
0.762134
0.765455
0.769312
0.773303
0.777065
0.781417
0.785506
0.790286
0.795367
0.799831
0.803989
0.807942
0.81223
0.816882
0.820632
0.82464
0.829026
0.833487
0.837915
0.842114
0.847154
0.851513
0.856261
0.860205
0.864698
0.868139
0.872141
0.876468
0.880444
0.885282
0.890872
0.896684
0.903062
0.909366
0.916945
0.923532
0.930847
0.939087
0.946539
0.95478
0.962479
0.970682
0.980463
0.988864
0.99617
1.00447
1.01252
1.02108
1.02951
1.03624
1.04289
1.04946
1.05696
1.06575
1.07595
1.08539
1.09638
1.10581
1.1171
1.12811
1.13818
1.15064
1.16676
1.18648
1.20974
1.23228
1.26072
1.30821
1.42225
1.5831
1.66794
1.76311
1.88916
