0.151376
0.151376
0.151711
0.151711
0.155504
0.155504
0.15564
0.15564
0.156974
0.156974
0.158832
0.158832
0.160053
0.160053
0.161586
0.161586
0.170625
0.170625
0.172286
0.172286
0.17677
0.17677
0.180798
0.180798
0.182645
0.182645
0.185497
0.185497
0.189855
0.202812
0.202812
0.203638
0.203638
0.208537
0.208537
0.212914
0.212914
0.214658
0.214658
0.216107
0.216107
0.219028
0.219028
0.223307
0.223307
0.226481
0.226481
0.226836
0.226962
0.226962
0.228558
0.228558
0.234449
0.234449
0.235603
0.235603
0.236171
0.236171
0.237536
0.238073
0.238073
0.240706
0.240706
0.241474
0.242226
0.250202
0.251518
0.252055
0.252055
0.252566
0.252566
0.254024
0.254876
0.255382
0.255382
0.25605
0.25605
0.257056
0.257056
0.25942
0.25942
0.260434
0.260714
0.260714
0.264875
0.268708
0.268961
0.268961
0.270808
0.270808
0.273079
0.273079
0.274847
0.274847
0.277623
0.277623
0.285199
0.285199
0.286267
0.291123
0.295377
0.295377
0.296635
0.296635
0.297354
0.297354
0.297965
0.297965
0.30071
0.30071
0.3016
0.302988
0.304473
0.304473
0.304743
0.304743
0.309021
0.311074
0.311074
0.31243
0.31243
0.313825
0.313825
0.315601
0.318404
0.318404
0.318456
0.318456
0.319617
0.319617
0.321736
0.321736
0.325717
0.325717
0.327859
0.327859
0.327959
0.327959
0.339578
0.346404
0.346404
0.347416
0.347416
0.349605
0.349605
0.34967
0.34967
0.351134
0.351134
0.353386
0.35483
0.355445
0.356318
0.357709
0.357709
0.357821
0.359513
0.359513
0.361388
0.361388
0.36389
0.36389
0.365077
0.366639
0.369009
0.369095
0.369095
0.369574
0.369574
0.372849
0.372849
0.372866
0.372866
0.374449
0.374449
0.374794
0.374794
0.383942
0.388939
0.388939
0.389831
0.389831
0.390386
0.394654
0.396047
0.396047
0.396437
0.396485
0.396485
0.401333
0.402243
0.407541
0.408973
0.408973
0.409886
0.409886
0.415599
0.41589
0.41589
0.416012
0.416012
0.417417
0.417417
0.419746
0.420083
0.420459
0.423682
0.423682
0.425879
0.425879
0.426027
0.430061
0.430061
0.431386
0.431441
0.434497
0.436879
0.436879
0.437748
0.439971
0.443207
0.443376
0.444672
0.44637
0.44637
0.448685
0.448685
0.451108
0.451108
0.451238
0.453076
0.455949
0.459337
0.45968
0.45968
0.461642
0.465185
0.467225
0.468735
0.468735
0.469392
0.469392
0.472083
0.472083
0.47881
0.481882
0.481882
0.48358
0.484292
0.484292
0.485512
0.485598
0.485598
0.489792
0.495562
0.495562
0.499131
0.499686
0.499686
0.499975
0.499975
0.505389
0.507684
0.509369
0.509369
0.512964
0.512964
0.51298
0.513668
0.513668
0.514152
0.514152
0.521004
0.522732
0.525403
0.5255
0.528268
0.528268
0.529936
0.530152
0.533453
0.533453
0.536764
0.536764
0.537444
0.538895
0.547502
0.547502
0.549017
0.549017
0.552023
0.558057
0.560903
0.563237
0.565911
0.566798
0.566798
0.567559
0.570636
0.578983
0.578983
0.584966
0.590617
0.593824
0.595691
0.597082
0.597082
0.59737
0.59737
0.598579
0.598579
0.598682
0.599187
0.599187
0.599255
0.600227
0.600227
0.600529
0.604876
0.605092
0.605092
0.605536
0.605536
0.607011
0.609304
0.611797
0.613799
0.616206
0.622991
0.622991
0.627779
0.627893
0.627893
0.628096
0.637611
0.647324
0.651555
0.651555
0.652717
0.652717
0.657833
0.657833
0.668744
0.669781
0.670544
0.671344
0.673452
0.675916
0.684343
0.6863
0.688998
0.69121
0.69121
0.692425
0.697215
0.701967
0.701967
0.705946
0.707571
0.716115
0.717161
0.720183
0.720183
0.723013
0.723656
0.728964
0.730098
0.733322
0.733595
0.733899
0.740658
0.742051
0.747261
0.74761
0.748211
0.749467
0.749467
0.749604
0.749748
0.750066
0.752844
0.752844
0.754102
0.754102
0.767828
0.769353
0.770541
0.776019
0.776019
0.780737
0.780737
0.790416
0.79729
0.79729
0.804828
0.805149
0.81132
0.813079
0.819834
0.819834
0.821306
0.839622
0.842612
0.842612
0.852293
0.853889
0.854237
0.856699
0.862498
0.866264
0.870964
0.870964
0.877961
0.880318
0.882614
0.889482
0.889482
0.917572
0.921528
0.927267
0.928433
0.928433
0.930176
0.942013
0.942938
0.953433
0.954189
0.977994
0.981368
0.993681
0.999867
1.00108
1.00897
1.02037
1.03959
1.044
1.06364
1.08447
1.09694
1.10119
1.10686
1.13136
1.17672
1.18891
1.223
1.22727
1.27246
1.27689
1.40851
1.46461
