0.05
0.14
0.28
0.41
0.55
0.68
0.77
0.87
0.92
0.92
0.96
0.96
0.98
0.98
0.98
0.98
0.98
0.98
0.98
0.98
0.99
1.01
1.06
1.06
1.12
1.2
1.23
1.27
1.3
1.33
1.35
1.41
1.46
1.51
1.58
1.65
1.7
1.77
1.81
1.86
1.88
1.89
1.91
1.92
1.95
1.96
1.96
1.96
1.96
1.96
1.96
1.96
1.96
1.96
1.98
2.0
2.0
2.02
2.03
2.07
2.1
2.1
2.15
2.18
2.19
2.24
2.25
2.29
2.31
2.36
2.39
2.44
2.49
2.56
2.61
2.64
2.65
2.68
2.68
2.7
2.72
2.75
2.77
2.78
2.84
2.87
2.87
2.88
2.9
2.93
2.95
2.96
2.97
2.98
3.01
3.03
3.06
3.08
3.15
3.17
3.19
3.24
3.26
3.29
3.32
3.35
3.38
3.41
3.46
3.47
3.49
3.52
3.52
3.54
3.54
3.55
3.56
3.58
3.62
3.65
3.69
3.72
3.78
3.79
3.83
3.89
3.92
3.98
4.01
4.03
4.1
4.12
4.12
4.14
4.18
4.2
4.23
4.24
4.24
4.27
4.31
4.33
4.38
4.41
4.42
4.44
4.47
4.5
4.56
4.57
4.59
4.63
4.65
4.67
4.7
4.72
4.75
4.76
4.8
4.82
4.83
4.87
4.93
4.93
4.98
5.03
5.04
5.08
5.11
5.16
5.18
5.23
5.28
5.32
5.37
5.39
5.4
5.42
5.44
5.49
5.52
5.57
5.61
5.64
5.65
5.66
5.69
5.74
5.77
5.8
5.85
5.88
5.93
5.96
6.03
6.05
6.08
6.1
6.13
6.15
6.19
6.22
6.23
6.29
6.3
6.36
6.39
6.42
6.45
6.47
6.5
6.53
6.56
6.58
6.61
6.66
6.72
6.75
6.78
6.8
6.81
6.86
6.9
6.95
6.99
7.0
7.03
7.06
7.06
7.08
7.11
7.17
7.17
7.19
7.21
7.27
7.32
7.4
7.41
7.46
7.5
7.54
7.6
7.64
7.67
7.72
7.73
7.77
7.79
7.82
7.87
7.91
7.92
7.94
7.95
7.99
7.99
8.02
8.04
8.12
8.13
8.16
8.22
8.26
8.31
8.35
8.35
8.39
8.43
8.46
8.52
8.57
8.6
8.62
8.68
8.71
8.72
8.75
8.76
8.78
8.81
8.84
8.88
8.92
8.95
8.97
9.03
9.07
9.12
9.18
9.21
9.26
9.29
9.34
9.39
9.41
9.43
9.43
9.44
9.48
9.49
9.5
9.51
9.53
9.6
9.65
9.66
9.7
9.76
9.81
9.83
9.86
9.9
9.92
9.98
10.0
10.02
10.08
10.1
10.13
10.18
10.19
10.2
10.22
10.24
10.27
10.3
10.33
10.36
10.39
10.4
10.4
10.42
10.43
10.44
10.45
10.49
10.55
10.57
10.58
10.59
10.62
10.64
10.65
10.69
10.75
10.79
10.83
10.87
10.89
10.92
10.97
10.99
11.01
11.02
11.05
11.06
11.08
11.11
11.17
11.21
11.23
11.27
11.29
11.32
11.35
11.36
11.38
11.44
11.47
11.49
11.5
11.53
11.55
11.61
11.61
11.64
11.65
11.7
11.71
11.73
11.74
11.77
11.78
11.82
11.82
11.84
11.88
11.91
11.94
11.96
12.0
12.04
12.06
12.09
12.13
12.2
12.23
12.25
12.29
12.3
12.32
12.35
12.4
12.46
12.49
12.5
12.53
12.56
12.58
12.59
12.62
12.64
12.67
12.69
12.71
12.74
12.76
12.8
12.82
12.85
12.88
12.9
12.91
12.94
12.98
12.99
13.05
13.1
13.1
13.11
13.17
13.18
13.2
13.25
13.27
13.31
13.35
13.38
13.44
13.44
13.45
13.45
13.47
13.48
13.48
13.51
13.55
13.58
13.63
13.67
13.68
13.73
13.74
13.77
13.82
13.84
13.89
13.93
13.96
13.97
14.01
14.04
14.08
14.1
14.12
14.14
14.19
14.22
14.22
14.23
14.27
14.29
14.29
14.33
14.34
14.35
14.39
14.41
14.42
14.44
14.47
14.53
14.56
14.59
14.64
14.67
14.71
14.74
14.77
14.8
14.8
14.89
14.94
14.95
14.97
15.03
15.03
15.08
15.08
15.14
15.14
15.17
15.23
15.25
15.3
15.35
15.36
15.4
15.45
15.51
15.53
15.6
15.62
15.65
15.68
15.71
15.74
15.76
15.79
15.83
15.84
15.87
15.87
15.88
15.92
15.96
16.02
16.07
16.12
16.14
16.2
16.22
16.29
16.36
16.39
16.47
16.49
16.5
16.53
16.59
16.61
16.62
16.68
16.69
16.7
16.74
16.79
16.81
16.83
16.88
16.95
16.99
17.03
17.06
17.1
17.15
17.18
17.19
17.24
17.3
17.36
17.38
17.46
17.49
17.52
17.56
17.58
17.59
17.66
17.74
17.82
17.86
17.9
17.93
17.96
18.02
18.08
18.09
18.1
18.14
18.2
18.22
18.26
18.33
18.4
18.45
18.49
18.52
18.57
18.66
18.71
18.76
18.8
18.82
18.83
18.88
18.93
18.99
19.05
19.07
19.11
19.17
19.23
19.26
19.3
19.38
19.43
19.48
19.5
19.53
19.59
19.65
19.66
19.69
19.73
19.84
19.91
19.98
20.01
20.07
20.15
20.18
20.22
20.25
20.28
20.3
20.35
20.42
20.49
20.56
20.59
20.65
20.69
20.74
20.8
20.84
20.93
20.94
21.01
21.08
21.12
21.19
21.25
21.29
21.37
21.42
21.44
21.49
21.54
21.58
21.63
21.71
21.76
21.84
21.93
21.99
22.04
22.11
22.15
22.23
22.3
22.37
22.44
22.48
22.62
22.69
22.75
22.79
22.84
22.89
22.98
23.08
23.18
23.28
23.34
23.4
23.46
23.52
23.58
23.63
23.79
23.86
23.95
24.09
24.17
24.29
24.36
24.43
24.56
24.66
24.74
24.85
24.98
25.09
25.18
25.28
25.36
25.51
25.61
25.74
25.87
25.98
26.04
26.15
26.29
26.44
26.65
26.81
26.98
27.1
27.22
27.34
27.52
27.68
27.81
28.01
28.23
28.4
28.58
28.78
28.98
29.17
29.4
29.59
29.76
29.98
30.22
30.38
30.64
30.88
31.21
31.47
31.75
32.05
32.4
32.75
33.08
33.49
33.94
34.36
34.84
35.45
36.15
36.86
37.97
39.44
41.3
45.94
