0.14
0.4
0.53
0.64
0.69
0.75
0.76
0.76
0.77
0.77
0.78
0.78
0.79
0.8
0.81
0.81
0.83
0.85
0.88
0.88
0.89
0.9
0.91
0.94
1.01
1.05
1.1
1.13
1.16
1.17
1.24
1.24
1.27
1.27
1.29
1.31
1.35
1.37
1.38
1.4
1.41
1.43
1.47
1.48
1.48
1.48
1.5
1.52
1.54
1.57
1.58
1.6
1.62
1.64
1.66
1.68
1.72
1.74
1.78
1.82
1.85
1.89
1.92
1.93
1.97
2.01
2.02
2.06
2.07
2.09
2.12
2.16
2.18
2.21
2.22
2.26
2.27
2.3
2.33
2.34
2.35
2.39
2.39
2.41
2.44
2.5
2.55
2.57
2.58
2.63
2.68
2.7
2.71
2.74
2.76
2.77
2.77
2.78
2.78
2.81
2.84
2.84
2.86
2.9
2.93
2.96
2.96
3.0
3.03
3.06
3.11
3.14
3.17
3.22
3.23
3.28
3.32
3.33
3.42
3.42
3.44
3.48
3.51
3.51
3.52
3.56
3.6
3.64
3.67
3.7
3.72
3.73
3.75
3.78
3.81
3.82
3.85
3.88
3.9
3.93
3.95
3.99
4.02
4.07
4.08
4.12
4.13
4.16
4.19
4.21
4.23
4.26
4.33
4.38
4.42
4.46
4.5
4.54
4.6
4.66
4.67
4.74
4.78
4.8
4.86
4.91
4.95
5.01
5.06
5.09
5.12
5.16
5.18
5.24
5.26
5.28
5.31
5.34
5.38
5.41
5.45
5.49
5.52
5.6
5.62
5.66
5.67
5.7
5.77
5.88
5.93
5.97
6.02
6.05
6.11
6.2
6.26
6.29
6.41
6.48
6.57
6.62
6.65
6.7
6.76
6.81
6.9
6.98
7.03
7.1
7.22
7.32
7.41
7.45
7.53
7.65
7.79
7.93
8.01
8.14
8.25
8.4
8.54
8.66
8.75
8.86
9.05
9.24
9.41
9.56
9.77
9.98
10.25
10.49
10.72
10.94
11.3
11.57
11.88
12.23
12.7
13.34
14.68
15.99
17.28
19.06
20.67
25.8
28.25
32.21
