0.145568
0.145568
0.150658
0.150658
0.152975
0.152975
0.15383
0.15383
0.154132
0.154132
0.155012
0.155012
0.1551
0.1551
0.157572
0.157572
0.165785
0.165785
0.17798
0.17798
0.184259
0.184259
0.193007
0.193007
0.195695
0.199298
0.199298
0.203506
0.203506
0.204575
0.204575
0.208976
0.208976
0.2112
0.2112
0.213387
0.213387
0.214469
0.214469
0.215726
0.218685
0.218685
0.221017
0.221017
0.221631
0.221631
0.227325
0.227325
0.236687
0.236687
0.239439
0.239439
0.240733
0.243301
0.243301
0.244045
0.244045
0.257682
0.257682
0.257729
0.257729
0.261044
0.261462
0.261462
0.261721
0.261721
0.263815
0.263815
0.265397
0.265397
0.268831
0.268831
0.274092
0.282197
0.282197
0.283974
0.283974
0.285223
0.285223
0.287074
0.287074
0.28838
0.289795
0.290586
0.290586
0.291055
0.291055
0.292143
0.293353
0.293446
0.294122
0.294122
0.294639
0.296224
0.296234
0.296234
0.302036
0.302036
0.302101
0.302101
0.30418
0.30418
0.305958
0.306039
0.306039
0.312813
0.313254
0.316023
0.316023
0.316322
0.319209
0.319209
0.324339
0.324339
0.3293
0.3293
0.331188
0.331188
0.333353
0.336278
0.336278
0.336475
0.338143
0.338143
0.348742
0.348742
0.350385
0.350385
0.351214
0.351214
0.357792
0.357792
0.361161
0.374203
0.379355
0.38291
0.38291
0.383524
0.383524
0.386166
0.386166
0.386303
0.386303
0.387018
0.389356
0.389356
0.393085
0.393085
0.394887
0.394887
0.397574
0.397574
0.397885
0.397911
0.397911
0.398414
0.403609
0.40383
0.404989
0.40561
0.40561
0.406943
0.406943
0.408474
0.408474
0.409403
0.410499
0.412581
0.412581
0.413697
0.414356
0.420862
0.420862
0.422009
0.423199
0.423199
0.425032
0.427481
0.427481
0.429427
0.429427
0.430916
0.430916
0.432972
0.432972
0.434946
0.438543
0.438543
0.439778
0.445731
0.445731
0.44695
0.44728
0.44728
0.449431
0.449431
0.451881
0.451881
0.452542
0.457668
0.457668
0.460754
0.460754
0.461778
0.468023
0.468023
0.472001
0.472001
0.4729
0.479298
0.479298
0.480923
0.486951
0.486951
0.490711
0.490711
0.49243
0.49243
0.495813
0.498955
0.499178
0.499332
0.500373
0.501534
0.501534
0.501713
0.512352
0.512352
0.514563
0.519008
0.519433
0.520774
0.520774
0.521889
0.521889
0.522052
0.524493
0.524493
0.526512
0.527698
0.527698
0.528541
0.530816
0.532782
0.535149
0.535149
0.541143
0.542744
0.549225
0.549316
0.555478
0.567733
0.584387
0.586929
0.588734
0.588734
0.594
0.613565
0.613565
0.615664
0.617102
0.618372
0.618574
0.62335
0.623637
0.624463
0.624463
0.63173
0.632503
0.636686
0.639784
0.639927
0.639927
0.642862
0.649076
0.650966
0.655765
0.657762
0.660258
0.665349
0.666568
0.666568
0.67099
0.671893
0.671893
0.672089
0.672089
0.674813
0.675471
0.675471
0.67563
0.67563
0.679407
0.679957
0.680404
0.680404
0.683013
0.683013
0.685251
0.688072
0.688508
0.691417
0.691417
0.694415
0.704314
0.704712
0.706029
0.713314
0.713407
0.714117
0.714117
0.720797
0.726739
0.726739
0.727926
0.730776
0.737884
0.737884
0.746564
0.768646
0.781642
0.782084
0.782084
0.783317
0.783576
0.783576
0.786194
0.788304
0.789068
0.790925
0.797222
0.797677
0.800381
0.806372
0.819977
0.824859
0.827052
0.835728
0.850825
0.854896
0.854896
0.856144
0.871034
0.872028
0.872028
0.872659
0.872659
0.873112
0.876828
0.893584
0.911371
0.918083
0.918083
0.919603
0.919603
0.922673
0.922673
0.937603
0.941992
0.950678
0.950678
0.975915
0.99165
0.998626
1.0067
1.01267
1.01949
1.02156
1.02156
1.03353
1.03955
1.05158
1.05158
1.0581
1.0581
1.06294
1.07537
1.07906
1.09701
1.1003
1.11145
1.11478
1.11772
1.12023
1.12624
1.12624
1.12734
1.15382
1.15538
1.17973
1.17983
1.18221
1.21493
1.24278
1.26022
1.31396
1.37713
1.45873
1.45873
1.47885
