0.150908
0.150908
0.153544
0.153544
0.1669
0.1669
0.18779
0.18779
0.188282
0.188282
0.189836
0.189836
0.196742
0.196742
0.197671
0.197702
0.197702
0.212125
0.212125
0.217209
0.217209
0.219138
0.219138
0.22387
0.22387
0.223996
0.223996
0.224015
0.224015
0.224659
0.224659
0.225162
0.228552
0.228552
0.231033
0.231033
0.231396
0.231396
0.232299
0.232299
0.234379
0.234379
0.236286
0.236286
0.242475
0.242475
0.243396
0.243396
0.244749
0.245316
0.245316
0.247001
0.247001
0.265466
0.265466
0.27223
0.27223
0.272261
0.272936
0.272936
0.274407
0.274407
0.275753
0.275753
0.27828
0.27828
0.282426
0.282426
0.289621
0.289621
0.290666
0.290666
0.292337
0.292337
0.293607
0.295079
0.295931
0.295931
0.296928
0.296928
0.300745
0.3023
0.3023
0.302443
0.302443
0.303384
0.304802
0.304802
0.305678
0.305678
0.30775
0.309908
0.309908
0.310277
0.310277
0.314703
0.314703
0.315193
0.315193
0.318199
0.320606
0.320606
0.322368
0.322368
0.32637
0.328151
0.328151
0.332523
0.332523
0.333368
0.333368
0.336103
0.343526
0.343526
0.345061
0.347052
0.347052
0.355178
0.355178
0.360605
0.360605
0.364403
0.365272
0.365272
0.373134
0.373207
0.375058
0.375058
0.377164
0.377164
0.378401
0.378401
0.379161
0.379397
0.379397
0.380845
0.380845
0.381313
0.381313
0.381327
0.38237
0.38237
0.383844
0.383844
0.385619
0.385619
0.389345
0.395498
0.395498
0.397047
0.399928
0.399928
0.4005
0.4005
0.402657
0.403708
0.403715
0.406082
0.406082
0.40814
0.40814
0.408893
0.408893
0.409912
0.409912
0.415223
0.415223
0.417586
0.418998
0.41924
0.41924
0.419381
0.419381
0.420856
0.424525
0.427982
0.427982
0.428157
0.428157
0.431311
0.432402
0.432402
0.433211
0.433211
0.434411
0.434456
0.434662
0.434662
0.436782
0.439123
0.439657
0.439657
0.439957
0.449492
0.450257
0.450257
0.450908
0.450908
0.451026
0.452943
0.457298
0.457298
0.457334
0.459475
0.459475
0.463241
0.463465
0.466329
0.466329
0.46794
0.46794
0.471053
0.471053
0.472424
0.473404
0.473404
0.473582
0.473582
0.474584
0.477072
0.485251
0.485251
0.487499
0.48882
0.489368
0.489368
0.49138
0.492518
0.492936
0.492936
0.495486
0.495486
0.495907
0.49673
0.498037
0.499218
0.499218
0.505057
0.507964
0.507964
0.516155
0.519935
0.519935
0.520558
0.520558
0.523265
0.523265
0.527331
0.527331
0.528384
0.532604
0.539474
0.540367
0.540583
0.540583
0.541079
0.541079
0.541861
0.541861
0.545252
0.549321
0.552536
0.552536
0.554294
0.555893
0.558809
0.565143
0.565143
0.565232
0.565448
0.57697
0.57697
0.57953
0.579923
0.591232
0.593387
0.597343
0.597343
0.598474
0.60094
0.60455
0.606854
0.609858
0.609858
0.616599
0.616599
0.617264
0.619893
0.621779
0.625248
0.630219
0.630219
0.635409
0.636264
0.640176
0.640176
0.64572
0.649266
0.649266
0.649301
0.652185
0.652577
0.654944
0.654944
0.657946
0.657946
0.660392
0.662223
0.664156
0.667361
0.670368
0.672444
0.672444
0.673902
0.673902
0.679626
0.6861
0.69036
0.703744
0.703744
0.708254
0.714228
0.714228
0.715888
0.715888
0.71758
0.72181
0.72181
0.722639
0.724894
0.73561
0.738975
0.738975
0.761193
0.763518
0.763518
0.766947
0.76706
0.78112
0.78928
0.78928
0.790183
0.793574
0.795555
0.807001
0.810895
0.814443
0.816144
0.818065
0.834911
0.83888
0.850233
0.857081
0.858157
0.858157
0.864665
0.868575
0.869727
0.870129
0.87912
0.879191
0.879786
0.883186
0.889395
0.90504
0.907241
0.939179
0.945627
0.948081
0.955548
0.967857
0.983363
0.989718
0.994709
0.995974
1.01414
1.01887
1.04304
1.04978
1.05835
1.05835
1.05863
1.10616
1.10624
1.10624
1.10953
1.14224
1.16245
1.17286
1.1809
1.22849
1.27539
1.34003
1.34127
1.4351
1.51076
1.5113
1.55767
1.69738
1.72192
