0.328
0.328
0.328
0.328
0.328
0.328
0.328
0.329
0.33
0.33
0.331
0.332
0.333
0.333
0.333
0.333
0.333
0.334
0.334
0.335
0.335
0.335
0.335
0.335
0.337
0.338
0.338
0.338
0.338
0.339
0.339
0.339
0.339
0.34
0.341
0.341
0.342
0.343
0.343
0.344
0.344
0.344
0.346
0.348
0.352
0.352
0.354
0.355
0.356
0.356
0.357
0.359
0.36
0.362
0.365
0.372
0.374
0.383
0.387
0.39
0.392
0.393
0.398
0.399
0.401
0.403
0.404
0.405
0.41
0.411
0.415
0.416
0.418
0.427
0.427
0.434
0.436
0.439
0.442
0.444
0.446
0.447
0.447
0.451
0.454
0.459
0.462
0.467
0.468
0.473
0.478
0.483
0.485
0.485
0.487
0.488
0.49
0.492
0.496
0.498
0.499
0.501
0.503
0.503
0.505
0.506
0.509
0.514
0.519
0.524
0.53
0.535
0.54
0.548
0.553
0.56
0.564
0.569
0.574
0.581
0.584
0.584
0.586
0.586
0.586
0.588
0.589
0.59
0.594
0.597
0.604
0.604
0.611
0.613
0.617
0.621
0.626
0.629
0.635
0.64
0.647
0.652
0.656
0.663
0.664
0.668
0.672
0.676
0.677
0.679
0.681
0.686
0.689
0.69
0.694
0.696
0.701
0.707
0.711
0.714
0.717
0.72
0.728
0.734
0.738
0.741
0.745
0.747
0.753
0.755
0.762
0.763
0.767
0.771
0.772
0.775
0.78
0.781
0.785
0.791
0.796
0.797
0.803
0.81
0.822
0.824
0.827
0.828
0.831
0.837
0.84
0.846
0.848
0.853
0.859
0.864
0.866
0.87
0.875
0.88
0.883
0.887
0.889
0.892
0.894
0.902
0.905
0.909
0.913
0.919
0.925
0.929
0.933
0.944
0.951
0.955
0.958
0.96
0.966
0.97
0.972
0.975
0.98
0.982
0.987
0.989
0.997
1.0
1.004
1.011
1.018
1.024
1.028
1.029
1.03
1.032
1.034
1.04
1.046
1.049
1.053
1.058
1.063
1.066
1.071
1.077
1.087
1.092
1.097
1.099
1.104
1.108
1.111
1.116
1.12
1.123
1.129
1.135
1.136
1.141
1.145
1.149
1.153
1.158
1.166
1.168
1.173
1.179
1.185
1.187
1.192
1.199
1.201
1.206
1.213
1.216
1.219
1.222
1.225
1.229
1.234
1.238
1.242
1.243
1.252
1.258
1.261
1.264
1.27
1.272
1.274
1.283
1.286
1.291
1.296
1.299
1.305
1.308
1.312
1.32
1.323
1.326
1.334
1.336
1.339
1.344
1.349
1.354
1.359
1.367
1.373
1.375
1.38
1.383
1.39
1.394
1.398
1.403
1.406
1.411
1.418
1.422
1.427
1.432
1.437
1.439
1.441
1.448
1.451
1.457
1.467
1.471
1.476
1.479
1.485
1.489
1.492
1.498
1.502
1.507
1.511
1.518
1.52
1.523
1.528
1.534
1.54
1.545
1.556
1.56
1.565
1.567
1.572
1.578
1.581
1.589
1.593
1.602
1.607
1.616
1.622
1.627
1.634
1.637
1.645
1.649
1.651
1.659
1.663
1.668
1.677
1.683
1.691
1.697
1.707
1.713
1.715
1.72
1.724
1.731
1.738
1.749
1.759
1.766
1.773
1.784
1.788
1.795
1.799
1.804
1.807
1.815
1.824
1.83
1.841
1.848
1.853
1.863
1.868
1.873
1.884
1.887
1.894
1.899
1.906
1.911
1.916
1.918
1.931
1.943
1.948
1.958
1.964
1.975
1.983
1.987
1.993
1.997
2.0
2.004
2.012
2.018
2.024
2.034
2.049
2.058
2.067
2.076
2.085
2.089
2.099
2.103
2.117
2.125
2.134
2.142
2.152
2.16
2.171
2.181
2.191
2.201
2.211
2.219
2.228
2.235
2.24
2.25
2.259
2.272
2.281
2.29
2.296
2.307
2.312
2.328
2.339
2.356
2.366
2.374
2.384
2.397
2.413
2.424
2.435
2.451
2.464
2.482
2.493
2.511
2.527
2.539
2.559
2.568
2.587
2.604
2.617
2.64
2.656
2.677
2.698
2.721
2.753
2.776
2.8
2.832
2.87
2.904
2.936
2.983
3.027
3.092
3.15
3.265
3.359
3.649
3.895
4.047
4.324
5.004
