0.148216
0.148216
0.152119
0.152119
0.153185
0.153185
0.153295
0.153295
0.15502
0.15502
0.15956
0.15956
0.162445
0.162445
0.166355
0.17214
0.17214
0.173315
0.173315
0.179565
0.179565
0.182225
0.182225
0.183054
0.188929
0.188929
0.18909
0.18909
0.189401
0.189401
0.191471
0.191471
0.193062
0.193062
0.211058
0.211058
0.212899
0.212899
0.218076
0.218076
0.21829
0.21829
0.222085
0.222085
0.226923
0.226923
0.230411
0.230411
0.233759
0.235784
0.235784
0.237799
0.243094
0.243094
0.245278
0.246422
0.252304
0.252304
0.255026
0.255026
0.255796
0.258045
0.258045
0.258488
0.258488
0.258862
0.263213
0.263213
0.26334
0.263684
0.264543
0.264543
0.265464
0.265464
0.265793
0.265793
0.270034
0.270034
0.271316
0.271316
0.271979
0.273716
0.273716
0.274136
0.274136
0.281178
0.281178
0.281248
0.2826
0.2826
0.283462
0.283462
0.284559
0.284559
0.285017
0.28541
0.291195
0.291195
0.293577
0.293577
0.293607
0.293607
0.293894
0.293894
0.294118
0.294118
0.294586
0.294586
0.299013
0.299013
0.301125
0.301125
0.301417
0.301417
0.303457
0.303457
0.304558
0.304558
0.309084
0.309084
0.309714
0.309714
0.310262
0.310262
0.31308
0.31308
0.313449
0.313683
0.313683
0.314641
0.315042
0.315042
0.315076
0.315076
0.315243
0.315243
0.317572
0.317873
0.317873
0.31979
0.320646
0.320646
0.321125
0.321125
0.321711
0.321711
0.325423
0.325423
0.327009
0.327009
0.327343
0.327343
0.328241
0.330205
0.330534
0.330534
0.330797
0.330797
0.331059
0.331059
0.33142
0.33142
0.333109
0.333109
0.334556
0.336765
0.336765
0.337033
0.337534
0.337534
0.341168
0.341168
0.343019
0.343019
0.347437
0.347437
0.348417
0.348417
0.348803
0.348803
0.352477
0.355164
0.356701
0.356701
0.358107
0.358107
0.361268
0.361346
0.361346
0.36137
0.36137
0.361982
0.362933
0.362933
0.364769
0.367186
0.367186
0.369808
0.369808
0.371414
0.371414
0.371654
0.371654
0.372399
0.372471
0.372471
0.37251
0.372726
0.372726
0.379989
0.379989
0.381613
0.381613
0.384233
0.384233
0.385937
0.385937
0.387323
0.387938
0.388269
0.388655
0.388655
0.389299
0.389299
0.39278
0.39278
0.397031
0.399346
0.399346
0.399875
0.406803
0.407
0.407
0.408994
0.41047
0.41121
0.41121
0.411512
0.411512
0.412941
0.412941
0.413883
0.415028
0.415028
0.415164
0.415652
0.415652
0.416088
0.416618
0.417331
0.417331
0.417602
0.417602
0.417959
0.417959
0.418043
0.423353
0.423353
0.425329
0.427333
0.427333
0.427657
0.431471
0.434803
0.434803
0.435034
0.437422
0.438809
0.444958
0.445146
0.445607
0.445607
0.448437
0.448513
0.44947
0.451006
0.45135
0.45135
0.451857
0.457567
0.457567
0.457707
0.457707
0.458273
0.458273
0.459132
0.459224
0.459224
0.460052
0.460052
0.461432
0.4629
0.4629
0.470732
0.47494
0.476222
0.477296
0.477296
0.477788
0.478051
0.478051
0.479707
0.480111
0.482421
0.482699
0.488376
0.494414
0.494751
0.496965
0.499301
0.499301
0.500895
0.50103
0.501723
0.501723
0.50504
0.505542
0.51
0.51072
0.511895
0.511895
0.512334
0.51695
0.51695
0.519431
0.52034
0.521202
0.522146
0.525443
0.525443
0.527069
0.531995
0.531995
0.535622
0.535622
0.536264
0.537326
0.537326
0.537709
0.537709
0.540815
0.540815
0.542127
0.54271
0.543369
0.543556
0.544827
0.547422
0.54746
0.54762
0.548666
0.548666
0.549067
0.549067
0.55195
0.55195
0.554167
0.554792
0.554792
0.555408
0.557679
0.557679
0.559326
0.559326
0.559798
0.562582
0.562582
0.565096
0.565096
0.565303
0.570321
0.570321
0.571604
0.571698
0.573972
0.575967
0.581691
0.587525
0.589134
0.589134
0.590147
0.593475
0.593475
0.606544
0.607443
0.607443
0.60976
0.609811
0.615021
0.615021
0.615319
0.615319
0.616226
0.616226
0.622176
0.622176
0.622655
0.622655
0.639352
0.641431
0.641959
0.642262
0.642262
0.647801
0.648801
0.651939
0.654908
0.657632
0.659642
0.659642
0.659652
0.663296
0.663296
0.666609
0.669387
0.672241
0.675189
0.675189
0.67972
0.68394
0.686842
0.68757
0.68757
0.688547
0.689211
0.691955
0.692853
0.695969
0.69989
0.704242
0.705119
0.705119
0.708953
0.712674
0.713072
0.713428
0.71377
0.714207
0.71431
0.717752
0.718273
0.718273
0.722558
0.724248
0.725448
0.729565
0.747422
0.756795
0.758047
0.758047
0.762479
0.763691
0.764833
0.77176
0.772887
0.779964
0.783851
0.78513
0.787772
0.79499
0.798375
0.798375
0.802767
0.804486
0.820935
0.826492
0.827107
0.834231
0.847298
0.847505
0.849838
0.854305
0.85737
0.859285
0.859702
0.863558
0.874706
0.890519
0.903321
0.905871
0.906154
0.914509
0.916665
0.92896
0.937582
0.997464
1.00627
1.01046
1.07043
1.0946
1.1027
1.12918
1.12918
1.13216
1.14681
1.16591
1.24744
1.25291
1.27957
1.35102
