0.147326
0.147326
0.153425
0.153425
0.155134
0.155134
0.157478
0.157478
0.159192
0.159192
0.162251
0.162284
0.165001
0.16526
0.167452
0.167715
0.169741
0.171147
0.173168
0.174673
0.176503
0.177523
0.17934
0.180783
0.182851
0.184156
0.185664
0.18749
0.189427
0.19102
0.192975
0.194572
0.196456
0.198242
0.199514
0.201339
0.202788
0.204347
0.206175
0.207865
0.209354
0.211178
0.213332
0.214913
0.216599
0.217813
0.219227
0.220529
0.222158
0.223517
0.224826
0.226205
0.227696
0.228743
0.230198
0.231338
0.233013
0.234102
0.235665
0.236766
0.238052
0.239688
0.24088
0.242292
0.24379
0.244889
0.246251
0.24763
0.249307
0.250361
0.251848
0.253064
0.254216
0.255537
0.256593
0.257788
0.259012
0.260246
0.261481
0.26276
0.264078
0.265522
0.266686
0.268125
0.269365
0.270857
0.271816
0.272924
0.274052
0.274977
0.276089
0.277176
0.278242
0.279356
0.280419
0.281343
0.282684
0.284077
0.285136
0.28607
0.287291
0.288191
0.289656
0.290532
0.291687
0.29273
0.293995
0.294855
0.296002
0.296863
0.29804
0.299084
0.300007
0.301145
0.30227
0.303127
0.30399
0.30483
0.305786
0.306915
0.307813
0.308718
0.30944
0.310488
0.311196
0.312318
0.313235
0.31397
0.314798
0.315901
0.316866
0.317751
0.318776
0.319884
0.320813
0.321696
0.322487
0.323314
0.324232
0.325236
0.326342
0.327178
0.328241
0.329146
0.329992
0.330841
0.331745
0.332834
0.333919
0.334728
0.335588
0.336388
0.337126
0.338055
0.338738
0.339898
0.340598
0.341407
0.342154
0.343089
0.343943
0.34495
0.345995
0.346945
0.348024
0.349006
0.350125
0.351121
0.352057
0.35295
0.353847
0.354666
0.355488
0.356455
0.357383
0.358277
0.35935
0.360558
0.361488
0.362425
0.363422
0.364418
0.365457
0.366432
0.367244
0.368181
0.369153
0.370181
0.37109
0.372113
0.372989
0.373951
0.374911
0.375738
0.376744
0.377679
0.378498
0.379608
0.380571
0.381432
0.382345
0.3832
0.384142
0.384965
0.385895
0.386873
0.387854
0.388605
0.389495
0.390198
0.391205
0.392374
0.39319
0.39409
0.395121
0.396162
0.397047
0.398152
0.399386
0.400412
0.401506
0.40267
0.403862
0.405044
0.405949
0.407142
0.408098
0.409314
0.410309
0.411241
0.412298
0.413429
0.414312
0.415053
0.415979
0.4173
0.41819
0.419285
0.420318
0.421264
0.422288
0.423278
0.424215
0.425215
0.426255
0.427449
0.428491
0.429646
0.430707
0.431757
0.432953
0.43399
0.43498
0.435962
0.437216
0.438403
0.4398
0.441056
0.442186
0.443325
0.444433
0.445405
0.446665
0.44826
0.449238
0.450549
0.451943
0.453044
0.454426
0.455372
0.456818
0.458256
0.45964
0.460575
0.461878
0.462935
0.464084
0.46546
0.466813
0.468026
0.469204
0.470465
0.471682
0.472753
0.47401
0.475158
0.476286
0.477356
0.478597
0.479719
0.480815
0.482255
0.483511
0.484929
0.486206
0.48756
0.488793
0.490152
0.491382
0.492748
0.494044
0.495304
0.496532
0.49765
0.499316
0.500647
0.502024
0.503324
0.504761
0.505958
0.507279
0.508386
0.509791
0.511108
0.512391
0.513558
0.514768
0.515822
0.517367
0.518798
0.520234
0.521468
0.52291
0.524118
0.525468
0.52661
0.528078
0.529611
0.530969
0.532365
0.533904
0.535442
0.536825
0.538484
0.540029
0.541576
0.542963
0.544394
0.545493
0.547089
0.548236
0.549549
0.551146
0.552786
0.554181
0.555907
0.557265
0.558738
0.560224
0.561753
0.563325
0.564931
0.566387
0.567945
0.569406
0.570983
0.572534
0.573773
0.575461
0.576942
0.578697
0.580212
0.581568
0.582981
0.584382
0.586248
0.587747
0.589654
0.591033
0.592674
0.593967
0.595729
0.59792
0.599375
0.601028
0.602445
0.604099
0.605529
0.606804
0.608613
0.610586
0.612441
0.614117
0.615983
0.618038
0.620156
0.621682
0.623268
0.625003
0.626589
0.628711
0.630662
0.632426
0.634467
0.636587
0.638189
0.639898
0.641677
0.643578
0.645255
0.646805
0.648818
0.65019
0.652257
0.654078
0.655853
0.657852
0.659916
0.662399
0.664214
0.666265
0.668252
0.670626
0.672141
0.674464
0.676537
0.678263
0.680097
0.682311
0.684106
0.685781
0.688216
0.690515
0.692658
0.695302
0.69751
0.699766
0.702217
0.704789
0.707142
0.709372
0.712241
0.714809
0.717161
0.7198
0.722389
0.724884
0.728175
0.73075
0.733797
0.736376
0.738724
0.741274
0.744827
0.748028
0.751513
0.754972
0.758094
0.761708
0.765202
0.768539
0.771802
0.776288
0.780352
0.783547
0.787301
0.791532
0.795603
0.799123
0.804431
0.809371
0.813601
0.818589
0.824525
0.830356
0.835376
0.84091
0.846172
0.851652
0.857618
0.86376
0.868546
0.87399
0.88005
0.885919
0.89231
0.898355
0.903881
0.910551
0.917352
0.923491
0.931648
0.939212
0.949973
0.959478
0.968806
0.97868
0.990677
1.0056
1.01936
1.03519
1.05449
1.07158
1.09047
1.11119
1.13749
1.17382
1.2274
1.27243
1.3438
