0.143666
0.143666
0.146705
0.146705
0.150807
0.150807
0.152061
0.152061
0.15275
0.15275
0.153273
0.153276
0.153876
0.153886
0.154492
0.154497
0.155015
0.155031
0.155724
0.155733
0.156464
0.156621
0.157374
0.157507
0.158224
0.158294
0.159149
0.159225
0.160236
0.160287
0.16122
0.161288
0.162251
0.162335
0.163386
0.163604
0.164386
0.164639
0.165701
0.165954
0.166834
0.167231
0.168023
0.168407
0.169188
0.169664
0.170471
0.171003
0.171865
0.172562
0.173405
0.173966
0.174482
0.175162
0.175928
0.176627
0.177178
0.17785
0.178591
0.179259
0.179862
0.180581
0.18127
0.181797
0.182537
0.183181
0.183783
0.184361
0.185259
0.185736
0.1865
0.187001
0.187671
0.188281
0.188976
0.189656
0.190402
0.190923
0.191693
0.192357
0.192864
0.193574
0.194119
0.194949
0.19565
0.19641
0.196962
0.197482
0.198089
0.198703
0.199191
0.199684
0.20025
0.200908
0.201577
0.202106
0.202778
0.203595
0.204203
0.204829
0.205444
0.206206
0.206707
0.207257
0.207874
0.208641
0.209341
0.209815
0.210492
0.211045
0.211729
0.212373
0.212921
0.2136
0.214381
0.214956
0.215497
0.216284
0.216922
0.21756
0.218124
0.21868
0.219404
0.220121
0.2208
0.221402
0.221971
0.222549
0.223214
0.223828
0.224455
0.225025
0.225544
0.22634
0.227097
0.227615
0.228309
0.229003
0.229499
0.230099
0.230708
0.231297
0.231846
0.23244
0.232988
0.233734
0.234252
0.234814
0.235542
0.236145
0.236772
0.237402
0.237971
0.238459
0.239096
0.239769
0.240537
0.240993
0.241598
0.242286
0.242962
0.24355
0.244273
0.244983
0.245435
0.246043
0.246659
0.247299
0.248078
0.248707
0.24933
0.249917
0.250618
0.251192
0.251856
0.252512
0.253149
0.253753
0.254348
0.254834
0.255415
0.256134
0.256703
0.25742
0.257918
0.258497
0.25897
0.25951
0.260043
0.260891
0.261565
0.262162
0.262559
0.263112
0.263694
0.264242
0.264789
0.265298
0.26602
0.266644
0.267219
0.267885
0.268519
0.269039
0.269716
0.270437
0.271042
0.271565
0.27227
0.27292
0.273503
0.274055
0.274601
0.275095
0.275858
0.276434
0.277086
0.277805
0.278406
0.278945
0.279562
0.280143
0.280862
0.281377
0.281926
0.282469
0.28304
0.283714
0.284252
0.284719
0.28534
0.286002
0.286583
0.287166
0.287816
0.288332
0.28899
0.28957
0.290046
0.290579
0.291071
0.291515
0.292022
0.292725
0.293163
0.293702
0.294061
0.294724
0.295207
0.295824
0.29638
0.296969
0.297534
0.298002
0.298589
0.299133
0.299896
0.300551
0.301154
0.301746
0.302268
0.302793
0.303476
0.304123
0.304637
0.305234
0.305713
0.306368
0.306854
0.30757
0.308197
0.308834
0.309438
0.310025
0.310456
0.311095
0.311766
0.312234
0.312927
0.313465
0.314015
0.314564
0.314956
0.315577
0.316117
0.31676
0.317235
0.317741
0.31834
0.318808
0.319449
0.320036
0.320672
0.321209
0.321784
0.322278
0.322764
0.32344
0.32394
0.324438
0.325059
0.325446
0.326007
0.326561
0.32703
0.327527
0.328049
0.328603
0.329146
0.32972
0.330117
0.330738
0.331147
0.331809
0.332156
0.332688
0.333303
0.333698
0.334194
0.334759
0.335187
0.335779
0.336243
0.336795
0.337367
0.338073
0.338466
0.339129
0.33971
0.340182
0.340587
0.341151
0.341772
0.342313
0.342888
0.34341
0.34386
0.344394
0.344837
0.345468
0.346095
0.346776
0.347235
0.347719
0.348221
0.348677
0.349173
0.34976
0.350197
0.350755
0.351407
0.351941
0.352474
0.353041
0.353657
0.354106
0.35467
0.355217
0.355916
0.356612
0.357053
0.35753
0.358029
0.358636
0.359219
0.359699
0.360358
0.360826
0.361419
0.361996
0.362608
0.363184
0.363772
0.364355
0.364966
0.365563
0.366094
0.366621
0.367066
0.367633
0.368298
0.368916
0.369345
0.369909
0.370382
0.371108
0.371635
0.372162
0.37291
0.373473
0.373965
0.37457
0.375161
0.375672
0.376198
0.376691
0.377422
0.377936
0.378411
0.378845
0.379624
0.380242
0.380931
0.381507
0.382163
0.382642
0.383269
0.383903
0.384433
0.38507
0.38564
0.386157
0.386746
0.387374
0.388081
0.388598
0.389113
0.389741
0.390183
0.390892
0.391462
0.39192
0.392532
0.392998
0.393683
0.394159
0.394682
0.395275
0.395803
0.396288
0.396896
0.397436
0.398048
0.398667
0.399162
0.399978
0.400496
0.40109
0.401641
0.402195
0.402734
0.403388
0.404093
0.404613
0.405225
0.405796
0.406362
0.40683
0.407472
0.407963
0.408665
0.40925
0.409824
0.410533
0.411014
0.411783
0.412281
0.412938
0.413497
0.414164
0.414578
0.415236
0.415732
0.416265
0.41678
0.417315
0.418021
0.418688
0.419361
0.420012
0.420683
0.421288
0.42196
0.422482
0.423187
0.423759
0.424471
0.42518
0.425832
0.426462
0.427016
0.427731
0.428273
0.428893
0.429556
0.43008
0.430842
0.43137
0.432054
0.432699
0.43328
0.433948
0.434687
0.435338
0.435977
0.436625
0.437355
0.437958
0.438709
0.439307
0.440094
0.440796
0.441613
0.442236
0.443036
0.443911
0.444623
0.445239
0.446
0.446629
0.447495
0.448291
0.449001
0.449636
0.450359
0.451154
0.451876
0.452729
0.453491
0.454282
0.455083
0.455955
0.456558
0.457189
0.458022
0.458802
0.459726
0.460543
0.461382
0.462015
0.462854
0.463598
0.464544
0.465352
0.466048
0.46676
0.467712
0.468663
0.46957
0.470446
0.471273
0.472022
0.472812
0.473628
0.474555
0.475609
0.476505
0.47725
0.478133
0.478862
0.479601
0.480458
0.481339
0.482463
0.483398
0.484222
0.485276
0.486046
0.486899
0.487718
0.488753
0.489864
0.49086
0.492071
0.492807
0.493968
0.49493
0.495819
0.496749
0.497641
0.498674
0.499623
0.500688
0.501453
0.502356
0.503396
0.504439
0.505361
0.506337
0.507314
0.508374
0.509403
0.510392
0.511585
0.512597
0.513642
0.514796
0.515825
0.516913
0.51781
0.518764
0.519858
0.520951
0.522152
0.523165
0.524171
0.525601
0.52716
0.528234
0.52928
0.530298
0.531344
0.53255
0.533872
0.535185
0.536331
0.537732
0.539086
0.540421
0.541423
0.542589
0.543999
0.545125
0.546087
0.547235
0.548551
0.549933
0.551061
0.552298
0.553657
0.554967
0.556396
0.55784
0.559064
0.560506
0.561864
0.563299
0.564805
0.566114
0.567263
0.568653
0.570025
0.571213
0.57224
0.573681
0.575111
0.576421
0.577843
0.579177
0.580628
0.582168
0.583669
0.58523
0.586911
0.588439
0.590026
0.591802
0.59369
0.595059
0.596897
0.598591
0.600622
0.602029
0.603676
0.605504
0.607343
0.608898
0.610841
0.61253
0.614216
0.61599
0.617975
0.619826
0.621682
0.623377
0.624738
0.626277
0.627865
0.629835
0.631754
0.633236
0.635617
0.637878
0.640001
0.642099
0.643941
0.646229
0.648178
0.650325
0.653114
0.655235
0.657507
0.659849
0.662382
0.664529
0.666875
0.669462
0.672152
0.674689
0.677265
0.679951
0.682817
0.685458
0.687544
0.690236
0.693215
0.696075
0.699223
0.701936
0.705477
0.708998
0.712075
0.715249
0.719253
0.722222
0.726401
0.729785
0.732531
0.736034
0.739412
0.743522
0.747371
0.750385
0.753992
0.757684
0.762243
0.766483
0.770423
0.773876
0.778642
0.782544
0.787322
0.793268
0.800279
0.80667
0.812599
0.820524
0.827918
0.834884
0.841984
0.850027
0.859112
0.866296
0.875285
0.884587
0.893894
0.904545
0.917784
0.931991
0.944855
0.961843
0.984354
1.00794
1.03088
1.05128
1.07768
1.11481
1.17236
1.22432
1.26826
